,mass A,
t,x,
16.116,34.83
16.149,34.83
16.183,34.83
16.216,34.83
16.250,34.83
16.283,34.83
16.316,34.83
16.350,34.83
16.383,34.83
16.416,34.83
16.450,34.83
16.483,34.83
16.517,34.83
16.550,34.83
16.583,34.83
16.617,34.83
16.650,34.83
16.683,34.83
16.717,34.83
16.750,34.83
16.783,34.83
16.817,34.82
16.850,34.83
16.884,34.83
16.917,34.84
16.950,34.83
16.984,34.83
17.017,34.83
17.050,34.83
17.084,34.83
17.117,34.83
17.150,34.84
17.184,34.83
17.217,34.84
17.251,34.82
17.284,34.84
17.317,34.83
17.351,34.82
17.384,34.83
17.417,34.84
17.451,34.83
17.484,34.83
17.517,34.83
17.551,34.83
17.584,34.83
17.618,34.84
17.651,34.83
17.684,34.83
17.718,34.82
17.751,34.83
17.784,34.83
17.818,34.83
17.851,34.83
17.885,34.83
17.918,34.83
17.951,34.84
17.985,34.83
18.018,34.83
18.051,34.83
18.085,34.83
18.118,34.83
18.151,34.83
18.185,34.83
18.218,34.83
18.252,34.83
18.285,34.83
18.318,34.83
18.352,34.83
18.385,34.83
18.418,34.83
18.452,34.83
18.485,34.83
18.518,34.84
18.552,34.83
18.585,34.83
18.619,34.83
18.652,34.83
18.685,34.83
18.719,34.83
18.752,34.83
18.785,34.83
18.819,34.83
18.852,34.83
18.886,34.83
18.919,34.83
18.952,34.84
18.986,34.83
19.019,34.83
19.052,34.83
19.086,34.83
19.119,34.83
19.152,34.82
19.186,34.83
19.219,34.83
19.253,34.83
19.286,34.83
19.319,34.83
19.353,34.83
19.386,34.83
19.419,34.83
19.453,34.83
19.486,34.83
19.520,34.83
19.553,34.83
19.586,34.83
19.620,34.83
19.653,34.83
19.686,34.83
19.720,34.83
19.753,34.83
19.786,34.83
19.820,34.83
19.853,34.83
19.887,34.83
19.920,34.83
19.953,34.84
19.987,34.83
20.020,34.83
20.053,34.83
20.087,34.83
20.120,34.83
20.153,34.83
20.187,34.83
20.220,34.83
20.254,34.83
20.287,34.83
20.320,34.83
20.354,34.83
20.387,34.82
20.420,34.83
20.454,34.82
20.487,34.83
20.520,34.84
20.554,34.83
20.587,34.83
20.621,34.83
20.654,34.83
20.687,34.83
20.721,34.83
20.754,34.83
20.787,34.83
20.821,34.83
20.854,34.83
20.888,34.84
20.921,34.83
20.954,34.83
20.988,34.83
21.021,34.83
21.054,34.83
21.088,34.83
21.121,34.83
21.154,34.83
21.188,34.83
21.221,34.83
21.255,34.83
21.288,34.83
21.321,34.83
21.355,34.83
21.388,34.83
21.421,34.83
21.455,34.83
21.488,34.83
21.521,34.83
21.555,34.83
21.588,34.83
21.622,34.83
21.655,34.83
21.688,34.83
21.722,34.83
21.755,34.83
21.788,34.83
21.822,34.83
21.855,34.83
21.889,34.83
21.922,34.83
21.955,34.83
21.989,34.83
22.022,34.83
22.055,34.83
22.089,34.83
22.122,34.83
22.155,34.83
22.189,34.83
22.222,34.83
22.256,34.83
22.289,34.83
22.322,34.82
22.356,34.83
22.389,34.83
22.422,34.83
22.456,34.83
22.489,34.83
22.523,34.83
22.556,34.83
22.589,34.83
22.623,34.83
22.656,34.83
22.689,34.83
22.723,34.83
22.756,34.84
22.789,34.82
22.823,34.83
22.856,34.83
22.890,34.83
22.923,34.83
22.956,34.83
22.990,34.83
23.023,34.83
23.056,34.83
23.090,34.83
23.123,34.83
23.156,34.83
23.190,34.83
23.223,34.83
23.257,34.82
23.290,34.82
23.323,34.83
23.357,34.83
23.390,34.83
23.423,34.83
23.457,34.83
23.490,34.83
23.523,34.84
23.557,34.84
23.590,34.83
23.624,34.84
23.657,34.83
23.690,34.83
23.724,34.83
23.757,34.83
23.790,34.83
23.824,34.83
23.857,34.83
23.891,34.83
23.924,34.83
23.957,34.83
23.991,34.83
24.024,34.84
24.057,34.83
24.091,34.83
24.124,34.83
24.157,34.83
24.191,34.83
24.224,34.83
24.258,34.83
24.291,34.83
24.324,34.83
24.358,34.83
24.391,34.84
24.424,34.83
24.458,34.83
24.491,34.83
24.524,34.83
24.558,34.83
24.591,34.83
24.625,34.83
24.658,34.83
24.691,34.84
24.725,34.83
24.758,34.83
24.791,34.83
24.825,34.83
24.858,34.83
24.892,34.82
24.925,34.82
24.958,34.83
24.992,34.83
25.025,34.83
25.058,34.83
25.092,34.83
25.125,34.83
25.158,34.84
25.192,34.84
25.225,34.84
25.259,34.83
25.292,34.83
25.325,34.83
25.359,34.83
25.392,34.83
25.425,34.83
25.459,34.83
25.492,34.83
25.526,34.83
25.559,34.82
25.592,34.83
25.626,34.83
25.659,34.83
25.692,34.83
25.726,34.83
25.759,34.83
25.792,34.83
25.826,34.83
25.859,34.83
25.893,34.83
25.926,34.83
25.959,34.83
25.993,34.83
26.026,34.83
26.059,34.83
26.093,34.83
26.126,34.83
26.159,34.83
26.193,34.83
26.226,34.82
26.260,34.83
26.293,34.83
26.326,34.83
26.360,34.83
26.393,34.83
26.426,34.83
26.460,34.83
26.493,34.83
26.526,34.83
26.560,34.83
26.593,34.83
26.627,34.82
26.660,34.69
26.693,34.18
26.727,33.62
26.760,33.04
26.793,32.49
26.827,32.06
26.860,31.77
26.894,31.72
26.927,31.71
26.960,31.72
26.994,31.71
27.027,31.71
27.060,31.70
27.094,31.71
27.127,31.70
27.160,31.71
27.194,31.71
27.227,31.71
27.261,31.71
27.294,31.71
27.327,31.71
27.361,31.70
27.394,31.71
27.427,31.71
27.461,31.71
27.494,31.71
27.527,31.70
27.561,31.70
27.594,31.71
27.628,31.70
27.661,31.71
27.694,31.71
27.728,31.71
27.761,31.71
27.794,31.71
27.828,31.71
27.861,31.70
27.895,31.70
27.928,31.71
27.961,31.71
27.995,31.71
28.028,31.71
28.061,31.70
28.095,31.70
28.128,31.71
28.161,31.71
28.195,31.71
28.228,31.71
28.262,31.71
28.295,31.71
28.328,31.70
28.362,31.71
28.395,31.71
28.428,31.70
28.462,31.71
28.495,31.70
28.529,31.71
28.562,31.70
28.595,31.70
28.629,31.70
28.662,31.69
28.695,31.68
28.729,31.65
28.762,31.63
28.795,31.58
28.829,31.52
28.862,31.43
28.896,31.37
28.929,31.32
28.962,31.32
28.996,31.32
29.029,31.31
29.062,31.30
29.096,31.30
29.129,31.30
29.162,31.32
29.196,31.31
29.229,31.31
29.263,31.31
29.296,31.30
29.329,31.30
29.363,31.30
29.396,31.31
29.429,31.30
29.463,31.30
29.496,31.30
29.529,31.30
29.563,31.31
29.596,31.30
29.630,31.31
29.663,31.30
29.696,31.31
29.730,31.30
29.763,31.30
29.796,31.30
29.830,31.30
29.863,31.31
29.897,31.31
29.930,31.31
29.963,31.31
29.997,31.31
30.030,31.30
30.063,31.32
30.097,31.33
30.130,31.32
30.163,31.31
30.197,31.34
30.230,31.53
30.264,31.89
30.297,32.34
30.330,32.78
30.364,32.99
30.397,32.99
30.430,32.99
30.464,32.99
30.497,32.99
30.530,32.99
30.564,32.98
30.597,32.95
30.631,32.82
30.664,32.54
30.697,32.16
30.731,31.73
30.764,31.28
30.797,30.87
30.831,30.49
30.864,30.08
30.898,29.69
30.931,29.30
30.964,28.81
30.998,28.31
31.031,27.78
31.064,27.25
31.098,26.72
31.131,26.27
31.164,25.84
31.198,25.42
31.231,24.98
31.265,24.60
31.298,24.26
31.331,23.93
31.365,23.63
31.398,23.35
31.431,23.10
31.465,22.92
31.498,22.80
31.532,22.70
31.565,22.64
31.598,22.59
31.632,22.52
31.665,22.41
31.698,22.29
31.732,22.13
31.765,21.99
31.798,21.90
31.832,21.85
31.865,21.81
31.899,21.79
31.932,21.76
31.965,21.73
31.999,21.69
32.032,21.66
32.065,21.63
32.099,21.59
32.132,21.57
32.165,21.56
32.199,21.57
32.232,21.57
32.266,21.57
32.299,21.57
32.332,21.58
32.366,21.57
32.399,21.58
32.432,21.58
32.466,21.57
32.499,21.57
32.532,21.58
32.566,21.58
32.599,21.58
32.633,21.58
32.666,21.58
32.699,21.57
32.733,21.57
32.766,21.57
32.799,21.57
32.833,21.58
32.866,21.58
32.900,21.58
32.933,21.57
32.966,21.58
33.000,21.58
33.033,21.59
33.066,21.57
33.100,21.57
33.133,21.58
33.166,21.58
33.200,21.57
33.233,21.57
33.267,21.58
33.300,21.57
33.333,21.58
33.367,21.58
33.400,21.58
33.433,21.58
33.467,21.58
33.500,21.58
33.533,21.57
33.567,21.58
33.600,21.57
33.634,21.57
33.667,21.57
33.700,21.58
33.734,21.57
33.767,21.58
33.800,21.58
33.834,21.58
33.867,21.58
33.901,21.58
33.934,21.58
33.967,21.56
34.001,21.57
34.034,21.58
34.067,21.58
34.101,21.58
34.134,21.58
34.167,21.58
34.201,21.58
34.234,21.58
34.268,21.57
34.301,21.57
34.334,21.58
34.368,21.57
34.401,21.58
34.434,21.58
34.468,21.58
34.501,21.58
34.535,21.58
34.568,21.58
34.601,21.58
34.635,21.57
34.668,21.57
34.701,21.58
34.735,21.57
34.768,21.57
34.801,21.57
34.835,21.57
34.868,21.58
34.902,21.58
34.935,21.58
34.968,21.57
35.002,21.57
35.035,21.58
35.068,21.57
35.102,21.57
35.135,21.58
35.168,21.57
35.202,21.57
35.235,21.57
35.269,21.57
35.302,21.57
35.335,21.57
35.369,21.57
35.402,21.58
35.435,21.58
35.469,21.57
35.502,21.59
35.535,21.58
35.569,21.57
35.602,21.58
35.636,21.57
35.669,21.58
35.702,21.58
35.736,21.57
35.769,21.57
35.802,21.57
35.836,21.58
35.869,21.58
35.903,21.58
35.936,21.58
35.969,21.57
36.003,21.58
36.036,21.58
36.069,21.58
36.103,21.58
36.136,21.58
36.169,21.58
36.203,21.58
36.236,21.57
36.270,21.57
36.303,21.57
36.336,21.57
36.370,21.58
36.403,21.57
36.436,21.58
36.470,21.58
36.503,21.58
36.536,21.58
36.570,21.58
36.603,21.58
36.637,21.58
36.670,21.58
36.703,21.58
36.737,21.57
36.770,21.58
36.803,21.58
36.837,21.58
36.870,21.58
36.904,21.58
36.937,21.58
36.970,21.59
37.004,21.59
37.037,21.59
37.070,21.58
37.104,21.58
37.137,21.58
37.170,21.58
37.204,21.58
37.237,21.59
37.271,21.58
37.304,21.58
37.337,21.57
37.371,21.58
37.404,21.58
37.437,21.58
37.471,21.58
37.504,21.58
37.538,21.59
37.571,21.58
37.604,21.57
37.638,21.58
37.671,21.57
37.704,21.57
37.738,21.58
37.771,21.57
37.804,21.54
37.838,21.47
37.871,21.28
37.905,20.94
37.938,20.60
37.971,20.30
38.005,19.99
38.038,19.62
38.071,19.21
38.105,18.76
38.138,18.28
38.171,17.82
38.205,17.36
38.238,16.90
38.272,16.47
38.305,16.10
38.338,15.78
38.372,15.44
38.405,15.05
38.438,14.62
38.472,14.11
38.505,13.59
38.538,13.12
38.572,12.64
38.605,12.19
38.639,11.79
38.672,11.37
38.705,10.94
38.739,10.52
38.772,10.09
38.805,9.697
38.839,9.352
38.872,9.041
38.906,8.752
38.939,8.505
38.972,8.288
39.006,8.106
39.039,7.964
39.072,7.834
39.106,7.734
39.139,7.703
39.172,7.678
39.206,7.610
39.239,7.502
39.273,7.398
39.306,7.298
39.339,7.209
39.373,7.109
39.406,7.011
39.439,6.955
39.473,6.907
39.506,6.800
39.539,6.710
39.573,6.636
39.606,6.587
39.640,6.582
39.673,6.582
39.706,6.574
39.740,6.565
39.773,6.562
39.806,6.555
39.840,6.568
39.873,6.564
39.907,6.569
39.940,6.560
39.973,6.565
40.007,6.552
40.040,6.546
40.073,6.546
40.107,6.542
40.140,6.551
40.173,6.545
40.207,6.546
40.240,6.552
40.274,6.548
40.307,6.543
40.340,6.547
40.374,6.543
40.407,6.539
40.440,6.538
40.474,6.540
40.507,6.541
40.541,6.539
40.574,6.538
40.607,6.535
40.641,6.538
40.674,6.531
40.707,6.537
40.741,6.536
40.774,6.532
40.807,6.542
40.841,6.539
40.874,6.537
40.908,6.535
40.941,6.539
40.974,6.535
41.008,6.528
41.041,6.542
41.074,6.539
41.108,6.530
41.141,6.539
41.174,6.526
41.208,6.543
41.241,6.547
41.275,6.543
41.308,6.536
41.341,6.537
41.375,6.540
41.408,6.534
41.441,6.539
41.475,6.535
41.508,6.539
41.541,6.536
41.575,6.535
41.608,6.538
41.642,6.537
41.675,6.526
41.708,6.541
41.742,6.531
41.775,6.535
41.808,6.543
41.842,6.536
41.875,6.539
41.909,6.533
41.942,6.534
41.975,6.529
42.009,6.536
42.042,6.543
42.075,6.534
42.109,6.540
42.142,6.535
42.175,6.532
42.209,6.546
42.242,6.530
42.276,6.537
42.309,6.536
42.342,6.539
42.376,6.533
42.409,6.546
42.442,6.531
42.476,6.534
42.509,6.535
42.542,6.540
42.576,6.541
42.609,6.525
42.643,6.538
42.676,6.536
42.709,6.540
42.743,6.531
42.776,6.537
42.809,6.535
42.843,6.536
42.876,6.540
42.910,6.533
42.943,6.536
42.976,6.535
43.010,6.534
43.043,6.541
43.076,6.538
43.110,6.536
43.143,6.537
43.176,6.541
43.210,6.535
43.243,6.541
43.277,6.536
43.310,6.545
43.343,6.536
43.377,6.540
43.410,6.533
43.443,6.538
43.477,6.543
43.510,6.538
43.544,6.540
43.577,6.544
43.610,6.542
43.644,6.538
43.677,6.540
43.710,6.543
43.744,6.539
43.777,6.542
43.810,6.540
43.844,6.541
43.877,6.537
43.911,6.535
43.944,6.540
43.977,6.541
44.011,6.536
44.044,6.545
44.077,6.544
44.111,6.541
44.144,6.544
44.177,6.547
44.211,6.540
44.244,6.547
44.278,6.542
44.311,6.530
44.344,6.541
44.378,6.537
44.411,6.536
44.444,6.535
44.478,6.541
44.511,6.541
44.544,6.535
44.578,6.547
44.611,6.544
44.645,6.539
44.678,6.538
44.711,6.545
44.745,6.540
44.778,6.542
44.811,6.536
44.845,6.540
44.878,6.544
44.912,6.542
44.945,6.537
44.978,6.538
45.012,6.545
45.045,6.542
45.078,6.540
45.112,6.533
45.145,6.538
45.178,6.536
45.212,6.534
45.245,6.543
45.279,6.523
45.312,6.509
45.345,6.388
45.379,6.164
45.412,5.862
45.445,5.472
45.479,5.075
45.512,4.692
45.545,4.339
45.579,3.942
45.612,3.550
45.646,3.145
45.679,2.737
45.712,2.277
45.746,1.804
45.779,1.367
45.812,0.940
45.846,0.515
45.879,0.105
45.913,-0.298
45.946,-0.725
45.979,-1.188
46.013,-1.606
46.046,-2.028
46.079,-2.485
46.113,-2.946
46.146,-3.398
46.179,-3.798
46.213,-4.166
46.246,-4.545
46.280,-4.914
46.313,-5.266
46.346,-5.618
46.380,-5.919
46.413,-6.213
46.446,-6.443
46.480,-6.637
46.513,-6.807
46.547,-6.932
46.580,-7.041
46.613,-7.123
46.647,-7.174
46.680,-7.207
46.713,-7.237
46.747,-7.269
46.780,-7.301
46.813,-7.372
46.847,-7.527
46.880,-7.679
46.914,-7.834
46.947,-7.956
46.980,-8.027
47.014,-8.056
47.047,-8.053
47.080,-8.059
47.114,-8.059
47.147,-8.048
47.180,-8.062
47.214,-8.061
47.247,-8.063
47.281,-8.054
47.314,-8.059
47.347,-8.060
47.381,-8.050
47.414,-8.059
47.447,-8.060
47.481,-8.052
47.514,-8.057
47.547,-8.054
47.581,-8.052
47.614,-8.051
47.648,-8.056
47.681,-8.051
47.714,-8.059
47.748,-8.056
47.781,-8.049
47.814,-8.056
47.848,-8.054
47.881,-8.060
47.915,-8.051
47.948,-8.059
47.981,-8.049
48.015,-8.059
48.048,-8.048
48.081,-8.054
48.115,-8.054
48.148,-8.055
48.181,-8.045
48.215,-8.054
48.248,-8.060
48.282,-8.053
48.315,-8.054
48.348,-8.056
48.382,-8.053
48.415,-8.053
48.448,-8.051
48.482,-8.059
48.515,-8.050
48.548,-8.055
48.582,-8.057
48.615,-8.053
48.649,-8.057
48.682,-8.064
48.715,-8.049
48.749,-8.056
48.782,-8.049
48.815,-8.053
48.849,-8.053
48.882,-8.051
48.916,-8.057
48.949,-8.055
48.982,-8.052
49.016,-8.062
49.049,-8.063
49.082,-8.055
49.116,-8.047
49.149,-8.057
49.182,-8.057
49.216,-8.056
49.249,-8.054
49.283,-8.054
49.316,-8.046
49.349,-8.058
49.383,-8.057
49.416,-8.050
49.449,-8.054
49.483,-8.053
49.516,-8.061
49.550,-8.042
49.583,-8.050
49.616,-8.056
49.650,-8.057
49.683,-8.055
49.716,-8.050
49.750,-8.058
49.783,-8.050
49.816,-8.048
49.850,-8.060
49.883,-8.048
49.917,-8.057
49.950,-8.049
49.983,-8.052
50.017,-8.051
50.050,-8.053
50.083,-8.057
50.117,-8.052
