,mass A,
t,x,
0.000,50.58
0.033,50.58
0.067,50.58
0.100,50.59
0.133,50.59
0.167,50.59
0.200,50.59
0.234,50.58
0.267,50.59
0.300,50.59
0.334,50.59
0.367,50.58
0.400,50.59
0.434,50.58
0.467,50.59
0.500,50.58
0.534,50.59
0.567,50.58
0.601,50.58
0.634,50.58
0.667,50.59
0.701,50.59
0.734,50.58
0.767,50.58
0.801,50.59
0.834,50.59
0.868,50.58
0.901,50.58
0.934,50.58
0.968,50.59
1.001,50.58
1.034,50.58
1.068,50.59
1.101,50.59
1.134,50.59
1.168,50.58
1.201,50.58
1.235,50.59
1.268,50.58
1.301,50.58
1.335,50.59
1.368,50.58
1.401,50.59
1.435,50.59
1.468,50.59
1.502,50.59
1.535,50.58
1.568,50.58
1.602,50.58
1.635,50.58
1.668,50.58
1.702,50.58
1.735,50.59
1.768,50.58
1.802,50.58
1.835,50.59
1.869,50.58
1.902,50.58
1.935,50.59
1.969,50.59
2.002,50.58
2.035,50.59
2.069,50.58
2.102,50.59
2.135,50.59
2.169,50.59
2.202,50.58
2.236,50.58
2.269,50.58
2.302,50.58
2.336,50.58
2.369,50.55
2.402,50.47
2.436,50.33
2.469,50.21
2.502,50.16
2.536,50.16
2.569,50.18
2.603,50.16
2.636,50.17
2.669,50.13
2.703,50.10
2.736,50.06
2.769,50.02
2.803,49.93
2.836,49.88
2.870,49.86
2.903,49.84
2.936,49.83
2.970,49.80
3.003,49.75
3.036,49.69
3.070,49.65
3.103,49.64
3.136,49.62
3.170,49.63
3.203,49.63
3.237,49.64
3.270,49.64
3.303,49.64
3.337,49.63
3.370,49.63
3.403,49.63
3.437,49.63
3.470,49.63
3.503,49.63
3.537,49.63
3.570,49.64
3.604,49.64
3.637,49.63
3.670,49.64
3.704,49.63
3.737,49.63
3.770,49.64
3.804,49.64
3.837,49.64
3.871,49.63
3.904,49.63
3.937,49.63
3.971,49.63
4.004,49.63
4.037,49.63
4.071,49.64
4.104,49.64
4.137,49.63
4.171,49.63
4.204,49.64
4.238,49.64
4.271,49.63
4.304,49.63
4.338,49.63
4.371,49.64
4.404,49.63
4.438,49.64
4.471,49.63
4.505,49.64
4.538,49.64
4.571,49.64
4.605,49.64
4.638,49.63
4.671,49.64
4.705,49.63
4.738,49.63
4.771,49.63
4.805,49.64
4.838,49.63
4.872,49.64
4.905,49.64
4.938,49.64
4.972,49.64
5.005,49.64
5.038,49.63
5.072,49.63
5.105,49.63
5.138,49.63
5.172,49.64
5.205,49.63
5.239,49.63
5.272,49.64
5.305,49.63
5.339,49.63
5.372,49.64
5.405,49.63
5.439,49.63
5.472,49.63
5.505,49.64
5.539,49.64
5.572,49.63
5.606,49.63
5.639,49.64
5.672,49.64
5.706,49.63
5.739,49.63
5.772,49.64
5.806,49.63
5.839,49.63
5.873,49.64
5.906,49.63
5.939,49.64
5.973,49.64
6.006,49.63
6.039,49.63
6.073,49.64
6.106,49.64
6.139,49.64
6.173,49.64
6.206,49.64
6.240,49.64
6.273,49.63
6.306,49.63
6.340,49.64
6.373,49.63
6.406,49.63
6.440,49.64
6.473,49.63
6.506,49.64
6.540,49.64
6.573,49.63
6.607,49.63
6.640,49.63
6.673,49.63
6.707,49.63
6.740,49.63
6.773,49.63
6.807,49.64
6.840,49.63
6.874,49.64
6.907,49.64
6.940,49.63
6.974,49.63
7.007,49.64
7.040,49.63
7.074,49.63
7.107,49.63
7.140,49.63
7.174,49.63
7.207,49.64
7.241,49.64
7.274,49.64
7.307,49.64
7.341,49.63
7.374,49.64
7.407,49.64
7.441,49.63
7.474,49.64
7.508,49.64
7.541,49.63
7.574,49.63
7.608,49.63
7.641,49.63
7.674,49.64
7.708,49.63
7.741,49.64
7.774,49.63
7.808,49.64
7.841,49.63
7.875,49.64
7.908,49.63
7.941,49.63
7.975,49.63
8.008,49.64
8.041,49.64
8.075,49.64
8.108,49.64
8.141,49.64
8.175,49.63
8.208,49.63
8.242,49.64
8.275,49.64
8.308,49.63
8.342,49.63
8.375,49.63
8.408,49.64
8.442,49.64
8.475,49.63
8.508,49.62
8.542,49.63
8.575,49.63
8.609,49.64
8.642,49.63
8.675,49.64
8.709,49.64
8.742,49.63
8.775,49.63
8.809,49.63
8.842,49.63
8.876,49.63
8.909,49.63
8.942,49.64
8.976,49.63
9.009,49.63
9.042,49.63
9.076,49.64
9.109,49.63
9.142,49.64
9.176,49.63
9.209,49.64
9.243,49.64
9.276,49.63
9.309,49.63
9.343,49.64
9.376,49.63
9.409,49.63
9.443,49.64
9.476,49.63
9.509,49.64
9.543,49.62
9.576,49.64
9.610,49.64
9.643,49.63
9.676,49.64
9.710,49.63
9.743,49.64
9.776,49.64
9.810,49.63
9.843,49.63
9.877,49.64
9.910,49.64
9.943,49.64
9.977,49.64
10.010,49.64
10.043,49.64
10.077,49.64
10.110,49.63
10.143,49.64
10.177,49.63
10.210,49.63
10.244,49.64
10.277,49.64
10.310,49.63
10.344,49.63
10.377,49.63
10.410,49.63
10.444,49.64
10.477,49.65
10.511,49.65
10.544,49.55
10.577,49.40
10.611,49.40
10.644,49.40
10.677,49.40
10.711,49.40
10.744,49.40
10.777,49.39
10.811,49.40
10.844,49.41
10.878,49.40
10.911,49.41
10.944,49.41
10.978,49.40
11.011,49.41
11.044,49.41
11.078,49.41
11.111,49.40
11.144,49.40
11.178,49.40
11.211,49.40
11.245,49.40
11.278,49.39
11.311,49.39
11.345,49.40
11.378,49.40
11.411,49.40
11.445,49.40
11.478,49.40
11.511,49.40
11.545,49.40
11.578,49.40
11.612,49.40
11.645,49.40
11.678,49.40
11.712,49.40
11.745,49.40
11.778,49.39
11.812,49.39
11.845,49.39
11.879,49.40
11.912,49.40
11.945,49.39
11.979,49.40
12.012,49.40
12.045,49.40
12.079,49.40
12.112,49.40
12.145,49.39
12.179,49.39
12.212,49.39
12.246,49.40
12.279,49.40
12.312,49.40
12.346,49.40
12.379,49.39
12.412,49.39
12.446,49.40
12.479,49.39
12.512,49.40
12.546,49.39
12.579,49.40
12.613,49.39
12.646,49.40
12.679,49.40
12.713,49.40
12.746,49.40
12.779,49.40
12.813,49.39
12.846,49.40
12.880,49.40
12.913,49.40
12.946,49.40
12.980,49.40
13.013,49.40
13.046,49.40
13.080,49.40
13.113,49.39
13.146,49.40
13.180,49.40
13.213,49.40
13.247,49.40
13.280,49.40
13.313,49.39
13.347,49.40
13.380,49.40
13.413,49.39
13.447,49.40
13.480,49.40
13.514,49.39
13.547,49.40
13.580,49.40
13.614,49.40
13.647,49.40
13.680,49.40
13.714,49.39
13.747,49.40
13.780,49.40
13.814,49.40
13.847,49.40
13.881,49.40
13.914,49.41
13.947,49.40
13.981,49.40
14.014,49.41
14.047,49.42
14.081,49.42
14.114,49.42
14.147,49.41
14.181,49.43
14.214,49.43
14.248,49.45
14.281,49.45
14.314,49.46
14.348,49.60
14.381,49.91
14.414,50.03
14.448,50.04
14.481,50.03
14.514,50.04
14.548,50.03
14.581,50.04
14.615,50.04
14.648,50.02
14.681,49.95
14.715,49.79
14.748,49.50
14.781,49.18
14.815,48.91
14.848,48.63
14.882,48.37
14.915,48.09
14.948,47.80
14.982,47.51
15.015,47.18
15.048,46.90
15.082,46.59
15.115,46.32
15.148,46.05
15.182,45.88
15.215,45.77
15.249,45.72
15.282,45.58
15.315,45.33
15.349,44.98
15.382,44.62
15.415,44.31
15.449,44.01
15.482,43.78
15.515,43.64
15.549,43.55
15.582,43.51
15.616,43.52
15.649,43.52
15.682,43.52
15.716,43.52
15.749,43.51
15.782,43.51
15.816,43.51
15.849,43.51
15.883,43.51
15.916,43.51
15.949,43.51
15.983,43.53
16.016,43.51
16.049,43.51
16.083,43.51
16.116,43.52
16.149,43.52
16.183,43.52
16.216,43.52
16.250,43.52
16.283,43.51
16.316,43.52
16.350,43.52
16.383,43.52
16.416,43.52
16.450,43.52
16.483,43.51
16.517,43.52
16.550,43.52
16.583,43.53
16.617,43.52
16.650,43.52
16.683,43.53
16.717,43.52
16.750,43.51
16.783,43.52
16.817,43.52
16.850,43.52
16.884,43.52
16.917,43.52
16.950,43.52
16.984,43.52
17.017,43.52
17.050,43.52
17.084,43.52
17.117,43.51
17.150,43.52
17.184,43.52
17.217,43.51
17.251,43.52
17.284,43.52
17.317,43.52
17.351,43.53
17.384,43.52
17.417,43.51
17.451,43.52
17.484,43.52
17.517,43.53
17.551,43.53
17.584,43.53
17.618,43.52
17.651,43.52
17.684,43.52
17.718,43.52
17.751,43.52
17.784,43.52
17.818,43.52
17.851,43.51
17.885,43.52
17.918,43.51
17.951,43.52
17.985,43.52
18.018,43.52
18.051,43.52
18.085,43.52
18.118,43.52
18.151,43.52
18.185,43.52
18.218,43.52
18.252,43.52
18.285,43.51
18.318,43.52
18.352,43.52
18.385,43.52
18.418,43.52
18.452,43.52
18.485,43.51
18.518,43.52
18.552,43.52
18.585,43.51
18.619,43.51
18.652,43.52
18.685,43.51
18.719,43.52
18.752,43.52
18.785,43.52
18.819,43.52
18.852,43.52
18.886,43.52
18.919,43.52
18.952,43.52
18.986,43.52
19.019,43.51
19.052,43.52
19.086,43.51
19.119,43.51
19.152,43.51
19.186,43.51
19.219,43.52
19.253,43.52
19.286,43.52
19.319,43.52
19.353,43.52
19.386,43.51
19.419,43.51
19.453,43.52
19.486,43.52
19.520,43.52
19.553,43.51
19.586,43.52
19.620,43.52
19.653,43.51
19.686,43.52
19.720,43.52
19.753,43.51
19.786,43.52
19.820,43.52
19.853,43.51
19.887,43.51
19.920,43.50
19.953,43.51
19.987,43.51
20.020,43.51
20.053,43.51
20.087,43.52
20.120,43.52
20.153,43.51
20.187,43.51
20.220,43.51
20.254,43.51
20.287,43.51
20.320,43.52
20.354,43.53
20.387,43.51
20.420,43.52
20.454,43.52
20.487,43.53
20.520,43.52
20.554,43.52
20.587,43.52
20.621,43.52
20.654,43.52
20.687,43.52
20.721,43.52
20.754,43.51
20.787,43.51
20.821,43.52
20.854,43.53
20.888,43.53
20.921,43.52
20.954,43.53
20.988,43.51
21.021,43.52
21.054,43.52
21.088,43.53
21.121,43.52
21.154,43.51
21.188,43.52
21.221,43.52
21.255,43.51
21.288,43.52
21.321,43.52
21.355,43.51
21.388,43.52
21.421,43.52
21.455,43.52
21.488,43.52
21.521,43.53
21.555,43.53
21.588,43.51
21.622,43.51
21.655,43.47
21.688,43.34
21.722,43.12
21.755,42.80
21.788,42.46
21.822,42.13
21.855,41.78
21.889,41.38
21.922,40.92
21.955,40.44
21.989,39.97
22.022,39.51
22.055,39.05
22.089,38.61
22.122,38.17
22.155,37.76
22.189,37.38
22.222,36.96
22.256,36.50
22.289,36.01
22.322,35.53
22.356,35.07
22.389,34.61
22.422,34.17
22.456,33.75
22.489,33.34
22.523,32.95
22.556,32.55
22.589,32.13
22.623,31.74
22.656,31.36
22.689,31.03
22.723,30.71
22.756,30.44
22.789,30.24
22.823,30.06
22.856,29.93
22.890,29.86
22.923,29.81
22.956,29.80
22.990,29.79
23.023,29.72
23.056,29.62
23.090,29.46
23.123,29.32
23.156,29.19
23.190,29.06
23.223,28.96
23.257,28.83
23.290,28.71
23.323,28.56
23.357,28.43
23.390,28.30
23.423,28.24
23.457,28.18
23.490,28.14
23.523,28.13
23.557,28.14
23.590,28.13
23.624,28.13
23.657,28.13
23.690,28.13
23.724,28.13
23.757,28.14
23.790,28.14
23.824,28.13
23.857,28.13
23.891,28.13
23.924,28.14
23.957,28.13
23.991,28.13
24.024,28.13
24.057,28.13
24.091,28.14
24.124,28.14
24.157,28.13
24.191,28.14
24.224,28.13
24.258,28.14
24.291,28.14
24.324,28.14
24.358,28.14
24.391,28.14
24.424,28.13
24.458,28.14
24.491,28.13
24.524,28.13
24.558,28.13
24.591,28.13
24.625,28.13
24.658,28.13
24.691,28.14
24.725,28.14
24.758,28.13
24.791,28.13
24.825,28.12
24.858,28.13
24.892,28.13
24.925,28.13
24.958,28.13
24.992,28.13
25.025,28.12
25.058,28.13
25.092,28.13
25.125,28.13
25.158,28.13
25.192,28.13
25.225,28.13
25.259,28.14
25.292,28.13
25.325,28.12
25.359,28.14
25.392,28.13
25.425,28.13
25.459,28.13
25.492,28.13
25.526,28.13
25.559,28.13
25.592,28.13
25.626,28.14
25.659,28.14
25.692,28.13
25.726,28.13
25.759,28.13
25.792,28.13
25.826,28.13
25.859,28.13
25.893,28.13
25.926,28.13
25.959,28.13
25.993,28.14
26.026,28.14
26.059,28.13
26.093,28.13
26.126,28.13
26.159,28.13
26.193,28.13
26.226,28.14
26.260,28.13
26.293,28.12
26.326,28.13
26.360,28.14
26.393,28.13
26.426,28.13
26.460,28.13
26.493,28.14
26.526,28.13
26.560,28.13
26.593,28.13
26.627,28.13
26.660,28.14
26.693,28.13
26.727,28.13
26.760,28.13
26.793,28.13
26.827,28.13
26.860,28.13
26.894,28.13
26.927,28.13
26.960,28.13
26.994,28.13
27.027,28.13
27.060,28.13
27.094,28.13
27.127,28.13
27.160,28.13
27.194,28.14
27.227,28.13
27.261,28.13
27.294,28.13
27.327,28.14
27.361,28.14
27.394,28.13
27.427,28.12
27.461,28.12
27.494,28.12
27.527,28.13
27.561,28.13
27.594,28.13
27.628,28.13
27.661,28.14
27.694,28.14
27.728,28.14
27.761,28.14
27.794,28.14
27.828,28.14
27.861,28.14
27.895,28.14
27.928,28.14
27.961,28.13
27.995,28.13
28.028,28.14
28.061,28.14
28.095,28.14
28.128,28.14
28.161,28.14
28.195,28.14
28.228,28.14
28.262,28.15
28.295,28.13
28.328,28.14
28.362,28.14
28.395,28.14
28.428,28.14
28.462,28.14
28.495,28.15
28.529,28.13
28.562,28.14
28.595,28.14
28.629,28.13
28.662,28.14
28.695,28.14
28.729,28.14
28.762,28.14
28.795,28.14
28.829,28.14
28.862,28.14
28.896,28.14
28.929,28.13
28.962,28.14
28.996,28.14
29.029,28.13
29.062,28.13
29.096,28.13
29.129,28.11
29.162,27.97
29.196,27.73
29.229,27.42
29.263,27.05
29.296,26.66
29.329,26.27
29.363,25.90
29.396,25.51
29.429,25.10
29.463,24.69
29.496,24.22
29.529,23.73
29.563,23.27
29.596,22.87
29.630,22.50
29.663,22.13
29.696,21.73
29.730,21.33
29.763,20.90
29.796,20.44
29.830,19.98
29.863,19.49
29.897,18.99
29.930,18.53
29.963,18.11
29.997,17.73
30.030,17.38
30.063,16.98
30.097,16.65
30.130,16.32
30.163,16.00
30.197,15.71
30.230,15.41
30.264,15.18
30.297,14.98
30.330,14.83
30.364,14.75
30.397,14.66
30.430,14.63
30.464,14.61
30.497,14.59
30.530,14.51
30.564,14.42
30.597,14.30
30.631,14.17
30.664,14.05
30.697,13.90
30.731,13.75
30.764,13.59
30.797,13.47
30.831,13.38
30.864,13.30
30.898,13.25
30.931,13.21
30.964,13.17
30.998,13.16
31.031,13.17
31.064,13.17
31.098,13.17
31.131,13.16
31.164,13.17
31.198,13.17
31.231,13.16
31.265,13.17
31.298,13.16
31.331,13.17
31.365,13.17
31.398,13.18
31.431,13.19
31.465,13.18
31.498,13.17
31.532,13.17
31.565,13.17
31.598,13.17
31.632,13.17
31.665,13.17
31.698,13.18
31.732,13.17
31.765,13.17
31.798,13.17
31.832,13.18
31.865,13.17
31.899,13.17
31.932,13.17
31.965,13.17
31.999,13.17
32.032,13.17
32.065,13.17
32.099,13.17
32.132,13.16
32.165,13.17
32.199,13.16
32.232,13.17
32.266,13.17
32.299,13.17
32.332,13.17
32.366,13.17
32.399,13.17
32.432,13.18
32.466,13.17
32.499,13.17
32.532,13.18
32.566,13.17
32.599,13.17
32.633,13.18
32.666,13.17
32.699,13.18
32.733,13.17
32.766,13.17
32.799,13.18
32.833,13.17
32.866,13.17
32.900,13.17
32.933,13.17
32.966,13.17
33.000,13.17
33.033,13.18
33.066,13.17
33.100,13.17
33.133,13.17
33.166,13.17
33.200,13.17
33.233,13.18
33.267,13.17
33.300,13.16
33.333,13.17
33.367,13.17
33.400,13.17
33.433,13.17
33.467,13.16
33.500,13.17
33.533,13.16
33.567,13.17
33.600,13.17
33.634,13.17
33.667,13.17
33.700,13.17
33.734,13.16
33.767,13.18
33.800,13.17
33.834,13.16
33.867,13.17
33.901,13.17
33.934,13.18
33.967,13.17
34.001,13.17
34.034,13.17
34.067,13.17
34.101,13.17
34.134,13.16
34.167,13.17
34.201,13.17
34.234,13.16
34.268,13.17
34.301,13.18
34.334,13.18
34.368,13.17
34.401,13.17
34.434,13.17
34.468,13.17
34.501,13.17
34.535,13.17
34.568,13.17
34.601,13.17
34.635,13.16
34.668,13.16
34.701,13.18
34.735,13.18
34.768,13.17
34.801,13.17
34.835,13.17
34.868,13.17
34.902,13.17
34.935,13.17
34.968,13.18
35.002,13.18
35.035,13.15
35.068,13.16
35.102,13.16
35.135,13.17
35.168,13.17
35.202,13.18
35.235,13.18
35.269,13.17
35.302,13.17
35.335,13.18
35.369,13.17
35.402,13.18
35.435,13.18
35.469,13.18
35.502,13.18
35.535,13.18
35.569,13.18
35.602,13.18
35.636,13.17
35.669,13.17
35.702,13.17
35.736,13.17
35.769,13.17
35.802,13.18
35.836,13.17
35.869,13.17
35.903,13.17
35.936,13.17
35.969,13.18
36.003,13.18
36.036,13.18
36.069,13.17
36.103,13.17
36.136,13.17
36.169,13.17
36.203,13.18
36.236,13.17
36.270,13.17
36.303,13.17
36.336,13.17
36.370,13.17
36.403,13.17
36.436,13.17
36.470,13.17
36.503,13.17
36.536,13.17
36.570,13.16
36.603,13.15
36.637,13.10
36.670,12.98
36.703,12.80
36.737,12.59
36.770,12.28
36.803,11.93
36.837,11.54
36.870,11.13
36.904,10.69
36.937,10.25
36.970,9.820
37.004,9.406
37.037,8.979
37.070,8.558
37.104,8.169
37.137,7.786
37.170,7.387
37.204,7.027
37.237,6.628
37.271,6.253
37.304,5.863
37.337,5.460
37.371,5.022
37.404,4.580
37.437,4.158
37.471,3.709
37.504,3.283
37.538,2.876
37.571,2.504
37.604,2.178
37.638,1.886
37.671,1.636
37.704,1.401
37.738,1.164
37.771,0.985
37.804,0.807
37.838,0.695
37.871,0.638
37.905,0.578
37.938,0.533
37.971,0.506
38.005,0.457
38.038,0.389
38.071,0.361
38.105,0.318
38.138,0.276
38.171,0.196
38.205,0.103
38.238,1.038E-2
