,mass A,
t,x,
0.067,54.82
0.100,54.81
0.133,54.82
0.167,54.81
0.200,54.81
0.234,54.80
0.267,54.80
0.300,54.79
0.334,54.79
0.367,54.79
0.400,54.79
0.434,54.79
0.467,54.79
0.500,54.79
0.534,54.79
0.567,54.79
0.601,54.79
0.634,54.79
0.667,54.79
0.701,54.79
0.734,54.79
0.767,54.79
0.801,54.79
0.834,54.79
0.868,54.79
0.901,54.80
0.934,54.79
0.968,54.79
1.001,54.79
1.034,54.79
1.068,54.79
1.101,54.79
1.134,54.79
1.168,54.79
1.201,54.79
1.235,54.79
1.268,54.79
1.301,54.80
1.335,54.79
1.368,54.79
1.401,54.80
1.435,54.79
1.468,54.79
1.502,54.80
1.535,54.79
1.568,54.79
1.602,54.80
1.635,54.79
1.668,54.79
1.702,54.79
1.735,54.79
1.768,54.79
1.802,54.79
1.835,54.79
1.869,54.79
1.902,54.79
1.935,54.79
1.969,54.79
2.002,54.79
2.035,54.79
2.069,54.79
2.102,54.79
2.135,54.79
2.169,54.79
2.202,54.80
2.236,54.79
2.269,54.80
2.302,54.80
2.336,54.79
2.369,54.79
2.402,54.78
2.436,54.79
2.469,54.79
2.502,54.80
2.536,54.79
2.569,54.80
2.603,54.80
2.636,54.79
2.669,54.79
2.703,54.79
2.736,54.79
2.769,54.79
2.803,54.79
2.836,54.79
2.870,54.79
2.903,54.79
2.936,54.79
2.970,54.79
3.003,54.79
3.036,54.79
3.070,54.79
3.103,54.80
3.136,54.80
3.170,54.79
3.203,54.79
3.237,54.79
3.270,54.79
3.303,54.78
3.337,54.80
3.370,54.79
3.403,54.78
3.437,54.80
3.470,54.79
3.503,54.78
3.537,54.79
3.570,54.79
3.604,54.79
3.637,54.79
3.670,54.79
3.704,54.79
3.737,54.79
3.770,54.80
3.804,54.79
3.837,54.79
3.871,54.79
3.904,54.79
3.937,54.79
3.971,54.80
4.004,54.79
4.037,54.79
4.071,54.79
4.104,54.80
4.137,54.80
4.171,54.79
4.204,54.79
4.238,54.79
4.271,54.80
4.304,54.79
4.338,54.79
4.371,54.79
4.404,54.79
4.438,54.79
4.471,54.79
4.505,54.80
4.538,54.79
4.571,54.78
4.605,54.80
4.638,54.79
4.671,54.79
4.705,54.79
4.738,54.79
4.771,54.79
4.805,54.79
4.838,54.79
4.872,54.79
4.905,54.79
4.938,54.79
4.972,54.80
5.005,54.78
5.038,54.79
5.072,54.79
5.105,54.79
5.138,54.79
5.172,54.79
5.205,54.79
5.239,54.79
5.272,54.79
5.305,54.79
5.339,54.79
5.372,54.79
5.405,54.80
5.439,54.78
5.472,54.79
5.505,54.78
5.539,54.79
5.572,54.79
5.606,54.79
5.639,54.79
5.672,54.79
5.706,54.80
5.739,54.79
5.772,54.79
5.806,54.79
5.839,54.79
5.873,54.79
5.906,54.79
5.939,54.79
5.973,54.80
6.006,54.80
6.039,54.79
6.073,54.79
6.106,54.80
6.139,54.80
6.173,54.79
6.206,54.79
6.240,54.80
6.273,54.90
6.306,55.04
6.340,55.04
6.373,55.05
6.406,55.04
6.440,55.04
6.473,55.05
6.506,55.05
6.540,55.05
6.573,55.05
6.607,55.05
6.640,55.04
6.673,55.04
6.707,55.05
6.740,55.04
6.773,55.05
6.807,55.04
6.840,55.05
6.874,55.04
6.907,55.04
6.940,55.05
6.974,55.04
7.007,55.05
7.040,55.04
7.074,55.04
7.107,55.04
7.140,55.04
7.174,55.05
7.207,55.05
7.241,55.04
7.274,55.05
7.307,55.04
7.341,55.05
7.374,55.04
7.407,55.05
7.441,55.05
7.474,55.05
7.508,55.04
7.541,55.04
7.574,55.04
7.608,55.05
7.641,55.05
7.674,55.05
7.708,55.04
7.741,55.04
7.774,55.05
7.808,55.04
7.841,55.05
7.875,55.05
7.908,55.05
7.941,55.05
7.975,55.06
8.008,55.04
8.041,55.05
8.075,55.05
8.108,55.05
8.141,55.04
8.175,55.04
8.208,55.04
8.242,55.05
8.275,55.04
8.308,55.04
8.342,55.04
8.375,55.05
8.408,55.05
8.442,55.04
8.475,55.04
8.508,55.04
8.542,55.04
8.575,55.04
8.609,55.04
8.642,55.05
8.675,55.05
8.709,55.05
8.742,55.04
8.775,55.05
8.809,55.04
8.842,55.04
8.876,55.04
8.909,55.04
8.942,55.04
8.976,55.05
9.009,55.05
9.042,55.05
9.076,55.04
9.109,55.05
9.142,55.05
9.176,55.04
9.209,55.04
9.243,55.04
9.276,55.04
9.309,55.04
9.343,55.05
9.376,55.05
9.409,55.05
9.443,55.04
9.476,55.04
9.509,55.08
9.543,55.25
9.576,55.40
9.610,55.52
9.643,55.61
9.676,55.62
9.710,55.62
9.743,55.62
9.776,55.62
9.810,55.78
9.843,56.22
9.877,56.66
9.910,57.03
9.943,57.16
9.977,57.17
10.010,57.17
10.043,57.18
10.077,57.18
10.110,57.18
10.143,57.17
10.177,57.13
10.210,57.05
10.244,56.88
10.277,56.61
10.310,56.23
10.344,55.77
10.377,55.23
10.410,54.60
10.444,54.05
10.477,53.63
10.511,53.34
10.544,53.12
10.577,52.90
10.611,52.67
10.644,52.42
10.677,52.10
10.711,51.77
10.744,51.46
10.777,51.22
10.811,51.00
10.844,50.82
10.878,50.68
10.911,50.59
10.944,50.55
10.978,50.54
11.011,50.56
11.044,50.52
11.078,50.45
11.111,50.30
11.144,50.15
11.178,49.98
11.211,49.84
11.245,49.74
11.278,49.68
11.311,49.68
11.345,49.68
11.378,49.67
11.411,49.67
11.445,49.67
11.478,49.67
11.511,49.68
11.545,49.68
11.578,49.67
11.612,49.68
11.645,49.68
11.678,49.68
11.712,49.67
11.745,49.68
11.778,49.67
11.812,49.67
11.845,49.67
11.879,49.67
11.912,49.68
11.945,49.68
11.979,49.68
12.012,49.67
12.045,49.68
12.079,49.68
12.112,49.68
12.145,49.68
12.179,49.67
12.212,49.67
12.246,49.67
12.279,49.67
12.312,49.67
12.346,49.67
12.379,49.67
12.412,49.67
12.446,49.67
12.479,49.66
12.512,49.67
12.546,49.67
12.579,49.67
12.613,49.67
12.646,49.68
12.679,49.68
12.713,49.68
12.746,49.67
12.779,49.67
12.813,49.66
12.846,49.67
12.880,49.67
12.913,49.67
12.946,49.67
12.980,49.67
13.013,49.67
13.046,49.67
13.080,49.68
13.113,49.67
13.146,49.68
13.180,49.67
13.213,49.67
13.247,49.67
13.280,49.67
13.313,49.67
13.347,49.67
13.380,49.67
13.413,49.68
13.447,49.67
13.480,49.67
13.514,49.67
13.547,49.68
13.580,49.66
13.614,49.67
13.647,49.66
13.680,49.68
13.714,49.67
13.747,49.68
13.780,49.68
13.814,49.68
13.847,49.68
13.881,49.67
13.914,49.67
13.947,49.67
13.981,49.67
14.014,49.68
14.047,49.68
14.081,49.67
14.114,49.67
14.147,49.67
14.181,49.67
14.214,49.67
14.248,49.66
14.281,49.67
14.314,49.67
14.348,49.68
14.381,49.67
14.414,49.67
14.448,49.67
14.481,49.68
14.514,49.67
14.548,49.67
14.581,49.67
14.615,49.67
14.648,49.67
14.681,49.67
14.715,49.67
14.748,49.67
14.781,49.67
14.815,49.67
14.848,49.67
14.882,49.68
14.915,49.68
14.948,49.68
14.982,49.67
15.015,49.67
15.048,49.67
15.082,49.67
15.115,49.67
15.148,49.67
15.182,49.68
15.215,49.67
15.249,49.67
15.282,49.67
15.315,49.67
15.349,49.67
15.382,49.67
15.415,49.67
15.449,49.67
15.482,49.67
15.515,49.67
15.549,49.67
15.582,49.68
15.616,49.67
15.649,49.68
15.682,49.67
15.716,49.67
15.749,49.67
15.782,49.67
15.816,49.68
15.849,49.67
15.883,49.68
15.916,49.67
15.949,49.68
15.983,49.67
16.016,49.68
16.049,49.69
16.083,49.67
16.116,49.68
16.149,49.68
16.183,49.68
16.216,49.68
16.250,49.68
16.283,49.68
16.316,49.68
16.350,49.67
16.383,49.68
16.416,49.67
16.450,49.68
16.483,49.67
16.517,49.67
16.550,49.67
16.583,49.67
16.617,49.67
16.650,49.67
16.683,49.68
16.717,49.68
16.750,49.68
16.783,49.68
16.817,49.68
16.850,49.68
16.884,49.67
16.917,49.67
16.950,49.67
16.984,49.68
17.017,49.67
17.050,49.66
17.084,49.67
17.117,49.67
17.150,49.67
17.184,49.64
17.217,49.51
17.251,49.25
17.284,48.93
17.317,48.54
17.351,48.15
17.384,47.79
17.417,47.39
17.451,46.96
17.484,46.49
17.517,45.96
17.551,45.47
17.584,44.99
17.618,44.51
17.651,44.10
17.684,43.74
17.718,43.34
17.751,42.94
17.784,42.49
17.818,42.01
17.851,41.56
17.885,41.15
17.918,40.75
17.951,40.29
17.985,39.87
18.018,39.42
18.051,38.98
18.085,38.55
18.118,38.13
18.151,37.72
18.185,37.33
18.218,36.96
18.252,36.63
18.285,36.32
18.318,36.03
18.352,35.82
18.385,35.64
18.418,35.50
18.452,35.43
18.485,35.37
18.518,35.30
18.552,35.21
18.585,35.12
18.619,34.99
18.652,34.86
18.685,34.75
18.719,34.65
18.752,34.54
18.785,34.46
18.819,34.40
18.852,34.40
18.886,34.39
18.919,34.40
18.952,34.38
18.986,34.39
19.019,34.38
19.052,34.37
19.086,34.37
19.119,34.37
19.152,34.37
19.186,34.37
19.219,34.38
19.253,34.37
19.286,34.38
19.319,34.37
19.353,34.37
19.386,34.37
19.419,34.37
19.453,34.37
19.486,34.37
19.520,34.37
19.553,34.37
19.586,34.37
19.620,34.37
19.653,34.37
19.686,34.38
19.720,34.37
19.753,34.36
19.786,34.37
19.820,34.38
19.853,34.37
19.887,34.38
19.920,34.37
19.953,34.38
19.987,34.37
20.020,34.37
20.053,34.37
20.087,34.37
20.120,34.37
20.153,34.37
20.187,34.37
20.220,34.38
20.254,34.37
20.287,34.37
20.320,34.37
20.354,34.39
20.387,34.37
20.420,34.37
20.454,34.38
20.487,34.38
20.520,34.37
20.554,34.38
20.587,34.38
20.621,34.38
20.654,34.37
20.687,34.38
20.721,34.37
20.754,34.37
20.787,34.37
20.821,34.37
20.854,34.37
20.888,34.37
20.921,34.37
20.954,34.37
20.988,34.38
21.021,34.37
21.054,34.37
21.088,34.38
21.121,34.37
21.154,34.37
21.188,34.37
21.221,34.37
21.255,34.38
21.288,34.37
21.321,34.37
21.355,34.37
21.388,34.38
21.421,34.37
21.455,34.37
21.488,34.37
21.521,34.38
21.555,34.37
21.588,34.37
21.622,34.37
21.655,34.38
21.688,34.37
21.722,34.37
21.755,34.37
21.788,34.37
21.822,34.38
21.855,34.38
21.889,34.37
21.922,34.37
21.955,34.38
21.989,34.37
22.022,34.37
22.055,34.37
22.089,34.37
22.122,34.37
22.155,34.37
22.189,34.37
22.222,34.36
22.256,34.38
22.289,34.37
22.322,34.37
22.356,34.37
22.389,34.37
22.422,34.38
22.456,34.37
22.489,34.37
22.523,34.37
22.556,34.37
22.589,34.37
22.623,34.37
22.656,34.38
22.689,34.37
22.723,34.37
22.756,34.38
22.789,34.38
22.823,34.37
22.856,34.37
22.890,34.37
22.923,34.37
22.956,34.38
22.990,34.38
23.023,34.38
23.056,34.37
23.090,34.37
23.123,34.37
23.156,34.38
23.190,34.38
23.223,34.39
23.257,34.38
23.290,34.38
23.323,34.38
23.357,34.38
23.390,34.38
23.423,34.38
23.457,34.37
23.490,34.38
23.523,34.38
23.557,34.38
23.590,34.38
23.624,34.38
23.657,34.38
23.690,34.38
23.724,34.38
23.757,34.38
23.790,34.37
23.824,34.38
23.857,34.38
23.891,34.38
23.924,34.38
23.957,34.38
23.991,34.38
24.024,34.37
24.057,34.38
24.091,34.38
24.124,34.38
24.157,34.38
24.191,34.38
24.224,34.38
24.258,34.38
24.291,34.38
24.324,34.38
24.358,34.38
24.391,34.38
24.424,34.38
24.458,34.38
24.491,34.38
24.524,34.38
24.558,34.38
24.591,34.38
24.625,34.37
24.658,34.37
24.691,34.36
24.725,34.33
24.758,34.18
24.791,33.89
24.825,33.53
24.858,33.14
24.892,32.75
24.925,32.38
24.958,31.99
24.992,31.54
25.025,31.05
25.058,30.59
25.092,30.15
25.125,29.77
25.158,29.44
25.192,29.15
25.225,28.81
25.259,28.37
25.292,27.91
25.325,27.43
25.359,26.89
25.392,26.39
25.425,25.93
25.459,25.43
25.492,24.96
25.526,24.53
25.559,24.16
25.592,23.79
25.626,23.39
25.659,22.99
25.692,22.59
25.726,22.19
25.759,21.89
25.792,21.58
25.826,21.28
25.859,21.06
25.893,20.87
25.926,20.73
25.959,20.66
25.993,20.59
26.026,20.54
26.059,20.52
26.093,20.48
26.126,20.39
26.159,20.27
26.193,20.12
26.226,20.00
26.260,19.88
26.293,19.74
26.326,19.62
26.360,19.49
26.393,19.37
26.426,19.25
26.460,19.16
26.493,19.08
26.526,19.03
26.560,19.00
26.593,19.00
26.627,19.00
26.660,18.99
26.693,19.00
26.727,19.00
26.760,19.00
26.793,19.00
26.827,18.99
26.860,19.00
26.894,19.00
26.927,19.00
26.960,19.00
26.994,19.00
27.027,18.99
27.060,19.00
27.094,19.00
27.127,19.00
27.160,19.00
27.194,19.00
27.227,19.00
27.261,19.00
27.294,18.99
27.327,19.00
27.361,19.00
27.394,18.99
27.427,19.00
27.461,18.99
27.494,19.00
27.527,18.99
27.561,19.00
27.594,18.99
27.628,19.00
27.661,18.99
27.694,18.99
27.728,19.00
27.761,18.99
27.794,19.00
27.828,18.99
27.861,19.00
27.895,19.00
27.928,19.00
27.961,19.00
27.995,18.99
28.028,18.99
28.061,18.99
28.095,19.00
28.128,18.99
28.161,19.00
28.195,18.99
28.228,19.00
28.262,18.99
28.295,18.99
28.328,18.99
28.362,18.99
28.395,19.00
28.428,19.00
28.462,19.00
28.495,19.00
28.529,18.99
28.562,18.99
28.595,19.00
28.629,18.99
28.662,19.00
28.695,19.00
28.729,18.99
28.762,19.00
28.795,19.00
28.829,18.99
28.862,19.00
28.896,18.99
28.929,18.99
28.962,19.00
28.996,19.00
29.029,19.00
29.062,19.00
29.096,18.99
29.129,18.99
29.162,18.99
29.196,18.99
29.229,19.00
29.263,18.99
29.296,18.99
29.329,19.00
29.363,19.00
29.396,19.00
29.429,19.00
29.463,19.00
29.496,19.00
29.529,19.00
29.563,19.00
29.596,18.99
29.630,19.00
29.663,19.00
29.696,18.99
29.730,19.00
29.763,18.99
29.796,19.00
29.830,18.99
29.863,19.00
29.897,19.00
29.930,19.00
29.963,19.00
29.997,19.00
30.030,18.98
30.063,18.98
30.097,18.99
30.130,18.99
30.163,18.99
30.197,19.00
30.230,19.00
30.264,19.00
30.297,19.00
30.330,18.99
30.364,19.00
30.397,18.99
30.430,19.00
30.464,19.00
30.497,19.00
30.530,19.00
30.564,18.99
30.597,18.99
30.631,19.00
30.664,19.01
30.697,19.00
30.731,19.00
30.764,19.00
30.797,19.00
30.831,19.00
30.864,19.00
30.898,18.99
30.931,18.99
30.964,19.00
30.998,19.00
31.031,18.99
31.064,19.00
31.098,19.00
31.131,19.00
31.164,19.00
31.198,19.00
31.231,19.00
31.265,19.00
31.298,19.00
31.331,19.00
31.365,19.01
31.398,19.00
31.431,19.01
31.465,19.01
31.498,19.00
31.532,19.01
31.565,19.01
31.598,19.01
31.632,18.99
31.665,19.00
31.698,18.99
31.732,19.00
31.765,18.99
31.798,19.00
31.832,19.00
31.865,19.00
31.899,18.99
31.932,18.99
31.965,19.00
31.999,19.00
32.032,18.99
32.065,19.00
32.099,18.99
32.132,19.00
32.165,18.99
32.199,18.99
32.232,18.96
32.266,18.88
32.299,18.66
32.332,18.35
32.366,17.99
32.399,17.61
32.432,17.25
32.466,16.86
32.499,16.50
32.532,16.06
32.566,15.58
32.599,15.14
32.633,14.67
32.666,14.23
32.699,13.83
32.733,13.50
32.766,13.15
32.799,12.76
32.833,12.35
32.866,11.92
32.900,11.41
32.933,10.93
32.966,10.42
33.000,9.910
33.033,9.439
33.066,9.054
33.100,8.664
33.133,8.295
33.166,7.897
33.200,7.509
33.233,7.149
33.267,6.792
33.300,6.481
33.333,6.195
33.367,5.935
33.400,5.770
33.433,5.648
33.467,5.537
33.500,5.442
33.533,5.338
33.567,5.249
33.600,5.195
33.634,5.137
33.667,5.052
33.700,4.962
33.734,4.866
33.767,4.817
33.800,4.789
33.834,4.783
33.867,4.749
33.901,4.690
33.934,4.597
33.967,4.493
34.001,4.414
34.034,4.361
34.067,4.340
34.101,4.337
34.134,4.335
34.167,4.353
34.201,4.338
34.234,4.338
34.268,4.338
34.301,4.337
34.334,4.341
34.368,4.338
34.401,4.344
34.434,4.348
34.468,4.344
34.501,4.348
34.535,4.344
34.568,4.345
34.601,4.340
34.635,4.342
34.668,4.342
34.701,4.343
34.735,4.338
34.768,4.344
34.801,4.341
34.835,4.336
34.868,4.342
34.902,4.351
34.935,4.342
34.968,4.348
35.002,4.346
35.035,4.349
35.068,4.344
35.102,4.343
35.135,4.345
35.168,4.344
35.202,4.345
35.235,4.354
35.269,4.369
35.302,4.381
35.335,4.393
35.369,4.406
35.402,4.415
35.435,4.430
35.469,4.433
35.502,4.434
35.535,4.449
35.569,4.459
35.602,4.465
35.636,4.478
35.669,4.491
35.702,4.499
35.736,4.527
35.769,4.535
35.802,4.534
35.836,4.534
35.869,4.554
35.903,4.565
35.936,4.572
35.969,4.584
36.003,4.595
36.036,4.616
36.069,4.632
36.103,4.634
36.136,4.637
36.169,4.655
36.203,4.688
