	mass A	
t	x	
0.000	54.23
0.033	54.23
0.067	54.23
0.100	54.23
0.133	54.22
0.167	54.21
0.200	54.22
0.234	54.21
0.267	54.21
0.300	54.21
0.334	54.21
0.367	54.21
0.400	54.21
0.434	54.20
0.467	54.21
0.500	54.21
0.534	54.21
0.567	54.21
0.601	54.21
0.634	54.21
0.667	54.21
0.701	54.21
0.734	54.21
0.767	54.21
0.801	54.21
0.834	54.20
0.868	54.20
0.901	54.21
0.934	54.21
0.968	54.21
1.001	54.21
1.034	54.20
1.068	54.21
1.101	54.20
1.134	54.21
1.168	54.20
1.201	54.20
1.235	54.21
1.268	54.21
1.301	54.20
1.335	54.21
1.368	54.20
1.401	54.21
1.435	54.20
1.468	54.21
1.501	54.20
1.535	54.22
1.568	54.22
1.602	54.21
1.635	54.21
1.668	54.21
1.702	54.21
1.735	54.20
1.768	54.21
1.802	54.21
1.835	54.21
1.869	54.21
1.902	54.20
1.935	54.20
1.969	54.20
2.002	54.20
2.035	54.21
2.069	54.21
2.102	54.20
2.135	54.22
2.169	54.21
2.202	54.21
2.236	54.21
2.269	54.21
2.302	54.21
2.336	54.20
2.369	54.21
2.402	54.20
2.436	54.21
2.469	54.20
2.502	54.20
2.536	54.21
2.569	54.21
2.603	54.20
2.636	54.21
2.669	54.21
2.703	54.21
2.736	54.21
2.769	54.20
2.803	54.21
2.836	54.20
2.870	54.21
2.903	54.21
2.936	54.21
2.970	54.21
3.003	54.20
3.036	54.20
3.070	54.20
3.103	54.20
3.136	54.20
3.170	54.20
3.203	54.22
3.237	54.20
3.270	54.21
3.303	54.21
3.337	54.21
3.370	54.21
3.403	54.21
3.437	54.21
3.470	54.21
3.503	54.21
3.537	54.21
3.570	54.20
3.604	54.21
3.637	54.20
3.670	54.21
3.704	54.20
3.737	54.20
3.770	54.21
3.804	54.21
3.837	54.21
3.871	54.21
3.904	54.21
3.937	54.21
3.971	54.20
4.004	54.20
4.037	54.21
4.071	54.20
4.104	54.20
4.137	54.21
4.171	54.21
4.204	54.21
4.238	54.21
4.271	54.21
4.304	54.21
4.338	54.21
4.371	54.20
4.404	54.21
4.438	54.21
4.471	54.20
4.504	54.21
4.538	54.21
4.571	54.21
4.605	54.20
4.638	54.21
4.671	54.21
4.705	54.20
4.738	54.20
4.771	54.20
4.805	54.21
4.838	54.20
4.872	54.21
4.905	54.21
4.938	54.20
4.972	54.21
5.005	54.21
5.038	54.20
5.072	54.21
5.105	54.22
5.138	54.21
5.172	54.21
5.205	54.21
5.239	54.21
5.272	54.21
5.305	54.21
5.339	54.21
5.372	54.21
5.405	54.21
5.439	54.21
5.472	54.21
5.505	54.20
5.539	54.21
5.572	54.21
5.606	54.21
5.639	54.21
5.672	54.21
5.706	54.21
5.739	54.21
5.772	54.21
5.806	54.20
5.839	54.21
5.873	54.21
5.906	54.21
5.939	54.21
5.973	54.21
6.006	54.20
6.039	54.20
6.073	54.21
6.106	54.20
6.139	54.21
6.173	54.20
6.206	54.20
6.240	54.21
6.273	54.21
6.306	54.21
6.340	54.21
6.373	54.21
6.406	54.21
6.440	54.21
6.473	54.21
6.506	54.20
6.540	54.21
6.573	54.21
6.607	54.21
6.640	54.21
6.673	54.21
6.707	54.21
6.740	54.20
6.773	54.21
6.807	54.21
6.840	54.20
6.874	54.20
6.907	54.20
6.940	54.21
6.974	54.20
7.007	54.20
7.040	54.21
7.074	54.21
7.107	54.20
7.140	54.21
7.174	54.20
7.207	54.21
7.241	54.21
7.274	54.20
7.307	54.21
7.341	54.21
7.374	54.20
7.407	54.20
7.441	54.21
7.474	54.20
7.507	54.21
7.541	54.21
7.574	54.21
7.608	54.21
7.641	54.21
7.674	54.20
7.708	54.20
7.741	54.21
7.774	54.21
7.808	54.21
7.841	54.21
7.875	54.21
7.908	54.21
7.941	54.21
7.975	54.21
8.008	54.21
8.041	54.21
8.075	54.21
8.108	54.21
8.141	54.21
8.175	54.21
8.208	54.20
8.242	54.20
8.275	54.20
8.308	54.20
8.342	54.21
8.375	54.20
8.408	54.20
8.442	54.20
8.475	54.20
8.508	54.22
8.542	54.21
8.575	54.21
8.609	54.21
8.642	54.21
8.675	54.21
8.709	54.20
8.742	54.22
8.775	54.21
8.809	54.21
8.842	54.20
8.876	54.21
8.909	54.22
8.942	54.21
8.976	54.21
9.009	54.21
9.042	54.20
9.076	54.21
9.109	54.21
9.142	54.21
9.176	54.21
9.209	54.21
9.243	54.21
9.276	54.22
9.309	54.21
9.343	54.20
9.376	54.20
9.409	54.20
9.443	54.21
9.476	54.20
9.509	54.22
9.543	54.20
9.576	54.21
9.610	54.21
9.643	54.21
9.676	54.21
9.710	54.20
9.743	54.21
9.776	54.21
9.810	54.21
9.843	54.20
9.877	54.21
9.910	54.21
9.943	54.20
9.977	54.21
10.010	54.22
10.043	54.20
10.077	54.20
10.110	54.21
10.143	54.21
10.177	54.21
10.210	54.21
10.244	54.21
10.277	54.20
10.310	54.21
10.344	54.21
10.377	54.21
10.410	54.21
10.444	54.21
10.477	54.21
10.510	54.21
10.544	54.20
10.577	54.21
10.611	54.21
10.644	54.21
10.677	54.21
10.711	54.20
10.744	54.21
10.777	54.21
10.811	54.21
10.844	54.22
10.878	54.21
10.911	54.21
10.944	54.21
10.978	54.21
11.011	54.21
11.044	54.26
11.078	54.53
11.111	54.97
11.144	55.57
11.178	56.25
11.211	56.94
11.245	57.38
11.278	57.47
11.311	57.48
11.345	57.47
11.378	57.48
11.411	57.46
11.445	57.48
11.478	57.49
11.511	57.49
11.545	57.46
11.578	57.35
11.612	57.27
11.645	57.12
11.678	56.91
11.712	56.61
11.745	56.28
11.778	55.87
11.812	55.45
11.845	54.98
11.879	54.47
11.912	53.92
11.945	53.39
11.979	52.82
12.012	52.24
12.045	51.63
12.079	50.97
12.112	50.30
12.145	49.68
12.179	49.10
12.212	48.58
12.246	48.09
12.279	47.65
12.312	47.31
12.346	47.00
12.379	46.73
12.412	46.48
12.446	46.22
12.479	45.95
12.512	45.69
12.546	45.47
12.579	45.32
12.613	45.22
12.646	45.20
12.679	45.20
12.713	45.19
12.746	45.19
12.779	45.18
12.813	45.19
12.846	45.19
12.880	45.19
12.913	45.19
12.946	45.18
12.980	45.17
13.013	45.14
13.046	45.07
13.080	44.97
13.113	44.86
13.146	44.76
13.180	44.70
13.213	44.70
13.247	44.70
13.280	44.70
13.313	44.70
13.347	44.70
13.380	44.71
13.413	44.70
13.447	44.71
13.480	44.70
13.513	44.69
13.547	44.69
13.580	44.69
13.614	44.71
13.647	44.70
13.680	44.70
13.714	44.70
13.747	44.70
13.780	44.70
13.814	44.70
13.847	44.70
13.881	44.69
13.914	44.69
13.947	44.70
13.981	44.70
14.014	44.70
14.047	44.70
14.081	44.69
14.114	44.69
14.147	44.70
14.181	44.69
14.214	44.70
14.248	44.70
14.281	44.70
14.314	44.70
14.348	44.70
14.381	44.70
14.414	44.70
14.448	44.70
14.481	44.70
14.514	44.70
14.548	44.71
14.581	44.70
14.615	44.70
14.648	44.70
14.681	44.70
14.715	44.70
14.748	44.70
14.781	44.70
14.815	44.70
14.848	44.70
14.882	44.70
14.915	44.71
14.948	44.70
14.982	44.71
15.015	44.70
15.048	44.70
15.082	44.70
15.115	44.70
15.148	44.70
15.182	44.70
15.215	44.70
15.249	44.71
15.282	44.70
15.315	44.70
15.349	44.70
15.382	44.71
15.415	44.70
15.449	44.70
15.482	44.70
15.515	44.70
15.549	44.70
15.582	44.70
15.616	44.71
15.649	44.70
15.682	44.69
15.716	44.71
15.749	44.70
15.782	44.70
15.816	44.70
15.849	44.70
15.883	44.70
15.916	44.70
15.949	44.70
15.983	44.70
16.016	44.70
16.049	44.70
16.083	44.70
16.116	44.70
16.149	44.70
16.183	44.70
16.216	44.70
16.250	44.70
16.283	44.70
16.316	44.70
16.350	44.70
16.383	44.70
16.416	44.70
16.450	44.70
16.483	44.71
16.516	44.70
16.550	44.70
16.583	44.70
16.617	44.70
16.650	44.71
16.683	44.70
16.717	44.69
16.750	44.70
16.783	44.70
16.817	44.71
16.850	44.71
16.884	44.71
16.917	44.70
16.950	44.70
16.984	44.71
17.017	44.70
17.050	44.69
17.084	44.70
17.117	44.70
17.150	44.70
17.184	44.71
17.217	44.70
17.251	44.70
17.284	44.71
17.317	44.70
17.351	44.71
17.384	44.70
17.417	44.70
17.451	44.70
17.484	44.70
17.517	44.71
17.551	44.70
17.584	44.71
17.618	44.71
17.651	44.71
17.684	44.71
17.718	44.70
17.751	44.70
17.784	44.71
17.818	44.70
17.851	44.71
17.885	44.71
17.918	44.71
17.951	44.70
17.985	44.71
18.018	44.71
18.051	44.70
18.085	44.70
18.118	44.71
18.151	44.72
18.185	44.71
18.218	44.71
18.252	44.71
18.285	44.71
18.318	44.70
18.352	44.71
18.385	44.71
18.418	44.71
18.452	44.71
18.485	44.71
18.518	44.71
18.552	44.71
18.585	44.71
18.619	44.71
18.652	44.71
18.685	44.71
18.719	44.71
18.752	44.70
18.785	44.70
18.819	44.71
18.852	44.70
18.886	44.69
18.919	44.64
18.952	44.43
18.986	44.10
19.019	43.68
19.052	43.28
19.086	42.85
19.119	42.36
19.152	41.84
19.186	41.34
19.219	40.86
19.253	40.37
19.286	39.86
19.319	39.32
19.353	38.79
19.386	38.24
19.419	37.65
19.453	37.08
19.486	36.49
19.519	35.93
19.553	35.33
19.586	34.68
19.620	34.06
19.653	33.47
19.686	32.94
19.720	32.45
19.753	32.00
19.786	31.52
19.820	31.06
19.853	30.64
19.887	30.26
19.920	29.91
19.953	29.60
19.987	29.32
20.020	29.10
20.053	28.91
20.087	28.76
20.120	28.71
20.153	28.71
20.187	28.71
20.220	28.71
20.254	28.66
20.287	28.56
20.320	28.41
20.354	28.23
20.387	28.08
20.420	27.97
20.454	27.91
20.487	27.86
20.520	27.82
20.554	27.79
20.587	27.76
20.621	27.74
20.654	27.71
20.687	27.71
20.721	27.71
20.754	27.72
20.787	27.71
20.821	27.71
20.854	27.71
20.888	27.71
20.921	27.72
20.954	27.71
20.988	27.71
21.021	27.71
21.054	27.72
21.088	27.71
21.121	27.71
21.154	27.72
21.188	27.71
21.221	27.71
21.255	27.73
21.288	27.72
21.321	27.72
21.355	27.71
21.388	27.71
21.421	27.72
21.455	27.71
21.488	27.72
21.521	27.71
21.555	27.72
21.588	27.72
21.622	27.71
21.655	27.71
21.688	27.71
21.722	27.71
21.755	27.71
21.788	27.71
21.822	27.72
21.855	27.71
21.889	27.71
21.922	27.71
21.955	27.72
21.989	27.72
22.022	27.71
22.055	27.71
22.089	27.71
22.122	27.72
22.155	27.72
22.189	27.71
22.222	27.71
22.256	27.71
22.289	27.72
22.322	27.72
22.356	27.72
22.389	27.71
22.422	27.72
22.456	27.72
22.489	27.71
22.522	27.71
22.556	27.72
22.589	27.72
22.623	27.71
22.656	27.71
22.689	27.71
22.723	27.71
22.756	27.72
22.789	27.71
22.823	27.71
22.856	27.72
22.890	27.72
22.923	27.72
22.956	27.71
22.990	27.71
23.023	27.71
23.056	27.71
23.090	27.71
23.123	27.71
23.156	27.72
23.190	27.71
23.223	27.72
23.257	27.71
23.290	27.72
23.323	27.72
23.357	27.72
23.390	27.72
23.423	27.71
23.457	27.72
23.490	27.71
23.523	27.71
23.557	27.71
23.590	27.71
23.624	27.71
23.657	27.71
23.690	27.72
23.724	27.71
23.757	27.71
23.790	27.72
23.824	27.71
23.857	27.71
23.891	27.71
23.924	27.72
23.957	27.72
23.991	27.71
24.024	27.72
24.057	27.71
24.091	27.71
24.124	27.71
24.157	27.72
24.191	27.71
24.224	27.72
24.258	27.71
24.291	27.71
24.324	27.72
24.358	27.71
24.391	27.71
24.424	27.71
24.458	27.71
24.491	27.71
24.524	27.72
24.558	27.72
24.591	27.72
24.625	27.72
24.658	27.72
24.691	27.72
24.725	27.72
24.758	27.72
24.791	27.72
24.825	27.72
24.858	27.73
24.892	27.72
24.925	27.72
24.958	27.72
24.992	27.72
25.025	27.73
25.058	27.72
25.092	27.71
25.125	27.72
25.158	27.72
25.192	27.72
25.225	27.72
25.259	27.72
25.292	27.72
25.325	27.72
25.359	27.72
25.392	27.73
25.425	27.73
25.459	27.71
25.492	27.72
25.525	27.73
25.559	27.73
25.592	27.73
25.626	27.74
25.659	27.74
25.692	27.75
25.726	27.74
25.759	27.74
25.792	27.74
25.826	27.74
25.859	27.74
25.893	27.75
25.926	27.75
25.959	27.74
25.993	27.75
26.026	27.75
26.059	27.75
26.093	27.75
26.126	27.76
26.159	27.74
26.193	27.74
26.226	27.75
26.260	27.74
26.293	27.74
26.326	27.73
26.360	27.72
26.393	27.70
26.426	27.64
26.460	27.40
26.493	27.04
26.526	26.62
26.560	26.18
26.593	25.69
26.627	25.19
26.660	24.68
26.693	24.14
26.727	23.61
26.760	23.09
26.793	22.58
26.827	22.09
26.860	21.61
26.894	21.10
26.927	20.57
26.960	20.00
26.994	19.42
27.027	18.85
27.060	18.27
27.094	17.69
27.127	17.13
27.160	16.57
27.194	16.03
27.227	15.52
27.261	15.03
27.294	14.56
27.327	14.14
27.361	13.75
27.394	13.44
27.427	13.15
27.461	12.91
27.494	12.70
27.527	12.51
27.561	12.36
27.594	12.26
27.628	12.18
27.661	12.16
27.694	12.16
27.728	12.13
27.761	12.08
27.794	12.04
27.828	11.93
27.861	11.80
27.895	11.69
27.928	11.60
27.961	11.54
27.995	11.48
28.028	11.43
28.061	11.39
28.095	11.37
28.128	11.37
28.161	11.37
28.195	11.37
28.228	11.36
28.262	11.36
28.295	11.36
28.328	11.35
28.362	11.35
28.395	11.35
28.428	11.35
28.462	11.35
28.495	11.35
28.528	11.35
28.562	11.35
28.595	11.35
28.629	11.34
28.662	11.34
28.695	11.34
28.729	11.34
28.762	11.35
28.795	11.35
28.829	11.35
28.862	11.35
28.896	11.35
28.929	11.35
28.962	11.35
28.996	11.36
29.029	11.36
29.062	11.35
29.096	11.34
29.129	11.35
29.162	11.35
29.196	11.35
29.229	11.35
29.263	11.35
29.296	11.35
29.329	11.35
29.363	11.35
29.396	11.35
29.429	11.36
29.463	11.34
29.496	11.35
29.529	11.35
29.563	11.34
29.596	11.35
29.630	11.35
29.663	11.35
29.696	11.35
29.730	11.36
29.763	11.34
29.796	11.35
29.830	11.36
29.863	11.35
29.897	11.35
29.930	11.34
29.963	11.35
29.997	11.34
30.030	11.34
30.063	11.35
30.097	11.34
30.130	11.35
30.163	11.35
30.197	11.36
30.230	11.35
30.264	11.34
30.297	11.34
30.330	11.35
30.364	11.35
30.397	11.35
30.430	11.35
30.464	11.35
30.497	11.35
30.530	11.34
30.564	11.35
30.597	11.35
30.631	11.34
30.664	11.35
30.697	11.35
30.731	11.34
30.764	11.35
30.797	11.35
30.831	11.34
30.864	11.35
30.898	11.35
30.931	11.35
30.964	11.35
30.998	11.35
31.031	11.35
31.064	11.35
31.098	11.35
31.131	11.34
31.164	11.35
31.198	11.36
31.231	11.36
31.265	11.36
31.298	11.35
31.331	11.35
31.365	11.35
31.398	11.35
31.431	11.35
31.465	11.35
31.498	11.35
31.531	11.35
31.565	11.34
31.598	11.33
31.632	11.34
31.665	11.34
31.698	11.34
31.732	11.35
31.765	11.35
31.798	11.35
31.832	11.35
31.865	11.35
31.899	11.34
31.932	11.35
31.965	11.34
31.999	11.35
32.032	11.36
32.065	11.35
32.099	11.35
32.132	11.35
32.165	11.35
32.199	11.36
32.232	11.35
32.266	11.34
32.299	11.35
32.332	11.34
32.366	11.35
32.399	11.35
32.432	11.35
32.466	11.36
32.499	11.35
32.532	11.35
32.566	11.36
32.599	11.36
32.633	11.37
32.666	11.40
32.699	11.43
32.733	11.44
32.766	11.45
32.799	11.47
32.833	11.48
