,mass A,,,,,,
t,x,y,vx,vy,ax,ay,
6.333333E0,1.540911E-1,4.338025E-2,,,,
6.366667E0,1.540938E-1,4.339046E-2,-2.553061E-5,7.375771E-5,,
6.400000E0,1.540894E-1,4.338517E-2,-1.494231E-4,-7.070583E-5,-1.136358E-4,-4.309897E-3
6.433333E0,1.540838E-1,4.338574E-2,-4.155342E-5,-1.336771E-4,2.634525E-3,2.353500E-3
6.466667E0,1.540866E-1,4.337626E-2,6.758644E-5,-8.879839E-6,-1.981175E-3,3.515711E-3
6.500000E0,1.540883E-1,4.338515E-2,-1.658809E-4,2.092662E-4,-6.881802E-3,1.509919E-3
6.533333E0,1.540756E-1,4.339021E-2,-4.418267E-4,5.041168E-5,6.011948E-3,-2.907957E-3
6.566667E0,1.540588E-1,4.338851E-2,1.548179E-4,-1.100479E-5,7.553382E-3,-4.279039E-3
6.600000E0,1.540859E-1,4.338947E-2,3.271077E-4,-1.792670E-4,2.694698E-3,-1.916832E-3
6.633333E0,1.540807E-1,4.337656E-2,6.983307E-5,-2.268830E-4,-1.355520E-3,1.729219E-3
6.666667E0,1.540906E-1,4.337435E-2,3.615740E-4,1.859129E-6,-1.270889E-3,7.514784E-3
6.700000E0,1.541048E-1,4.337669E-2,2.803013E-5,2.455954E-4,-1.149831E-2,4.678640E-4
6.733333E0,1.540924E-1,4.339072E-2,-5.082647E-4,1.169033E-4,-3.845559E-3,1.960318E-3
6.766667E0,1.540709E-1,4.338448E-2,-2.653374E-4,2.078492E-4,8.210746E-3,-3.432909E-3
6.800000E0,1.540747E-1,4.340458E-2,1.612024E-4,1.142214E-4,2.530747E-3,-1.944636E-3
6.833333E0,1.540816E-1,4.339209E-2,-9.494751E-5,-1.499729E-4,9.046258E-4,-5.505244E-3
6.866667E0,1.540684E-1,4.339458E-2,6.313425E-5,-9.462998E-5,3.390621E-3,6.305856E-4
6.900000E0,1.540858E-1,4.338579E-2,3.327175E-4,-1.978051E-4,-1.455407E-3,1.681347E-4
6.933333E0,1.540906E-1,4.338139E-2,-1.168517E-4,-5.179333E-5,-2.917239E-3,4.746972E-3
6.966667E0,1.540780E-1,4.338233E-2,3.284787E-5,1.190786E-4,-2.693112E-3,3.783319E-3
7.000000E0,1.540928E-1,4.338933E-2,-6.940268E-5,2.143591E-4,4.558443E-3,-4.504927E-3
7.033333E0,1.540734E-1,4.339662E-2,4.308457E-5,-1.415274E-4,-7.014405E-4,-3.220370E-3
7.066667E0,1.540956E-1,4.337990E-2,2.015961E-4,-1.536204E-4,-3.467482E-3,2.407330E-3
7.100000E0,1.540869E-1,4.338638E-2,-3.918456E-4,1.729783E-4,-4.021791E-3,4.026684E-3
7.133333E0,1.540695E-1,4.339143E-2,-9.706886E-5,7.049074E-5,3.962827E-3,-6.711926E-4
7.166667E0,1.540804E-1,4.339108E-2,5.076816E-5,9.336036E-5,3.225279E-3,-1.202215E-3
7.200000E0,1.540729E-1,4.339765E-2,-4.645789E-5,5.226141E-5,2.548317E-3,-6.706865E-3
7.233333E0,1.540773E-1,4.339457E-2,2.883372E-4,-3.703227E-4,3.420568E-3,-2.554862E-3
7.266667E0,1.540921E-1,4.337296E-2,2.315556E-4,-2.356149E-4,-4.917307E-3,2.968333E-3
7.300000E0,1.540927E-1,4.337886E-2,-1.053768E-4,9.026677E-6,-4.328502E-3,5.949674E-3
7.333333E0,1.540851E-1,4.337357E-2,-8.253545E-5,2.757351E-5,2.630905E-3,-2.975503E-3
7.366667E0,1.540872E-1,4.338070E-2,1.211083E-4,-7.139506E-5,-9.126411E-4,1.900608E-3
7.400000E0,1.540932E-1,4.336881E-2,-1.069667E-4,-4.191205E-6,-4.887810E-4,2.828632E-4
7.433333E0,1.540801E-1,4.338042E-2,-5.024756E-5,1.213408E-4,1.862619E-3,2.454911E-3
7.466667E0,1.540898E-1,4.337690E-2,1.728893E-4,2.554243E-5,7.687076E-4,-1.310386E-3
7.500000E0,1.540916E-1,4.338212E-2,-6.504108E-5,1.104719E-4,-4.688953E-3,-1.177169E-3
7.533333E0,1.540855E-1,4.338426E-2,-1.599633E-4,-6.623135E-5,9.573786E-4,-1.765321E-3
7.566667E0,1.540810E-1,4.337770E-2,2.675278E-6,-5.775122E-5,6.746166E-3,1.350026E-3
7.600000E0,1.540857E-1,4.338041E-2,3.030131E-4,8.200625E-5,-4.740852E-3,3.273605E-3
7.633333E0,1.541012E-1,4.338317E-2,-1.931556E-4,1.336017E-4,-2.139027E-3,-1.405109E-3
7.666667E0,1.540728E-1,4.338932E-2,-1.505667E-4,2.544664E-5,2.088585E-5,-2.050487E-3
7.700000E0,1.540911E-1,4.338487E-2,1.581604E-4,-6.549266E-5,3.071104E-3,-2.226783E-3
7.733333E0,1.540833E-1,4.338495E-2,-1.671530E-4,-7.043611E-5,-2.218179E-3,3.922406E-4
7.766667E0,1.540800E-1,4.338017E-2,6.184394E-5,-7.909663E-5,-8.661723E-5,2.553577E-3
7.800000E0,1.540875E-1,4.337968E-2,-9.078458E-5,1.106770E-4,-5.125545E-4,3.154907E-3
7.833333E0,1.540739E-1,4.338755E-2,-1.257905E-4,1.676720E-4,1.278672E-3,-3.837751E-3
7.866667E0,1.540791E-1,4.339086E-2,1.240371E-4,-1.474267E-4,3.821454E-3,-3.947862E-3
7.900000E0,1.540822E-1,4.337772E-2,8.180905E-5,-1.859344E-4,-2.774847E-3,-1.168808E-4
7.933333E0,1.540845E-1,4.337846E-2,-4.362433E-5,-5.018413E-5,-1.801797E-3,3.904476E-3
7.966667E0,1.540793E-1,4.337438E-2,-8.021714E-5,5.641215E-6,-1.281898E-4,6.304213E-3
8.000000E0,1.540792E-1,4.337884E-2,-1.247713E-5,3.816598E-4,1.737507E-3,-2.182963E-3
8.033333E0,1.540784E-1,4.339982E-2,1.638250E-5,2.212859E-6,-1.191051E-3,-2.689432E-3
8.066667E0,1.540803E-1,4.337898E-2,-6.277038E-5,-8.885835E-5,4.348680E-3,-2.241832E-3
8.100000E0,1.540743E-1,4.339390E-2,2.112943E-4,1.395383E-4,3.237173E-3,4.043753E-3
8.133333E0,1.540944E-1,4.338829E-2,3.218583E-4,-6.873399E-6,-2.128277E-3,-4.610874E-3
8.166667E0,1.540957E-1,4.339344E-2,-5.336676E-5,-4.873454E-5,-7.325673E-3,2.800330E-3
8.200000E0,1.540908E-1,4.338504E-2,-1.525736E-4,5.485378E-5,-1.879691E-3,-9.187914E-4
8.233333E0,1.540855E-1,4.339709E-2,-1.655179E-4,5.108885E-5,2.947019E-3,-8.405708E-4
8.266667E0,1.540798E-1,4.338844E-2,1.536615E-5,-1.494815E-4,5.492880E-3,-4.945585E-3
8.300000E0,1.540866E-1,4.338713E-2,2.493118E-4,-1.823868E-4,-2.065329E-3,3.238786E-4
8.333333E0,1.540964E-1,4.337629E-2,-8.255026E-5,-2.020581E-4,-5.549425E-3,7.205653E-3
8.366667E0,1.540811E-1,4.337366E-2,-2.628968E-4,2.995768E-4,4.994194E-4,3.731335E-3
8.400000E0,1.540789E-1,4.339626E-2,4.490142E-5,2.047868E-4,3.939765E-3,-5.363723E-3
8.433333E0,1.540841E-1,4.338731E-2,2.250302E-5,-2.498857E-4,-1.481736E-3,-4.797916E-3
8.466667E0,1.540804E-1,4.337960E-2,-1.083126E-4,-6.584927E-5,-2.119626E-3,4.129396E-3
8.500000E0,1.540768E-1,4.338292E-2,-9.977022E-5,7.377156E-5,3.636381E-3,4.874712E-3
8.533333E0,1.540737E-1,4.338452E-2,1.067092E-4,2.055436E-4,4.016401E-3,2.378500E-3
8.566667E0,1.540840E-1,4.339662E-2,2.348600E-4,2.913688E-4,-6.423019E-4,-8.274829E-4
8.600000E0,1.540894E-1,4.340394E-2,3.297685E-5,1.213350E-4,-5.957589E-3,-3.518091E-3
8.633333E0,1.540862E-1,4.340471E-2,-1.773428E-4,3.706866E-5,-2.565975E-3,1.348740E-3
8.666667E0,1.540775E-1,4.340641E-2,-1.571880E-4,2.069565E-4,1.939493E-3,9.562745E-4
8.700000E0,1.540757E-1,4.341851E-2,-1.364532E-5,1.708503E-4,2.870261E-3,-2.994515E-5
8.733333E0,1.540766E-1,4.341780E-2,3.145482E-5,1.091576E-4,-5.373697E-4,1.027657E-3
8.766667E0,1.540778E-1,4.342579E-2,-4.365275E-5,2.960026E-4,-5.541001E-4,2.592973E-4
8.800000E0,1.540737E-1,4.343754E-2,-3.976060E-5,1.525001E-4,-3.760088E-4,-3.353653E-3
8.833333E0,1.540751E-1,4.343595E-2,-2.474760E-5,4.048305E-7,1.779850E-3,-1.124769E-3
8.866667E0,1.540721E-1,4.343756E-2,3.073147E-5,1.108090E-4,-4.317925E-4,5.571297E-3
8.900000E0,1.540772E-1,4.344334E-2,1.113653E-5,3.566789E-4,-2.655960E-3,-2.833280E-4
8.933333E0,1.540728E-1,4.346134E-2,-1.950690E-4,1.859348E-4,-9.486801E-5,-4.715291E-3
8.966667E0,1.540642E-1,4.345574E-2,-2.663070E-5,-9.540510E-5,4.322985E-3,2.214741E-3
9.000000E0,1.540710E-1,4.345498E-2,1.735575E-4,3.514833E-4,2.769950E-3,3.240126E-3
9.033333E0,1.540757E-1,4.347917E-2,1.185914E-4,2.806911E-4,-1.520146E-3,-7.565937E-4
9.066667E0,1.540789E-1,4.347369E-2,7.375758E-5,8.486372E-5,-3.038270E-3,-6.761915E-3
9.100000E0,1.540807E-1,4.348483E-2,-6.993313E-5,1.081736E-5,6.275101E-4,-1.903883E-3
9.133333E0,1.540743E-1,4.347441E-2,4.980912E-5,-1.877906E-4,-3.368171E-3,-8.777083E-4
9.166667E0,1.540840E-1,4.347231E-2,-1.459855E-4,2.190821E-5,-7.081192E-3,5.079640E-3
9.200000E0,1.540646E-1,4.347588E-2,-5.815820E-4,1.510806E-4,8.255689E-3,1.740298E-3
9.233333E0,1.540452E-1,4.348238E-2,3.361197E-4,1.454529E-4,7.041500E-3,-1.893023E-3
9.266667E0,1.540870E-1,4.348557E-2,2.874997E-4,1.581312E-5,-4.498000E-3,3.941952E-3
9.300000E0,1.540644E-1,4.348343E-2,-4.089011E-4,3.354214E-4,-1.725368E-2,4.201164E-3
9.333333E0,1.540597E-1,4.350793E-2,-5.845278E-4,4.606639E-4,-4.924466E-3,5.004027E-4
9.366667E0,1.540254E-1,4.351414E-2,-9.184121E-4,2.274499E-4,-1.735388E-2,-1.599188E-2
9.400000E0,1.539985E-1,4.352310E-2,-1.541529E-3,-4.516408E-4,-4.192215E-2,-1.076552E-3
9.433333E0,1.539226E-1,4.348404E-2,-3.730738E-3,-1.954490E-4,-5.312125E-2,6.014529E-3
9.466667E0,1.537498E-1,4.351007E-2,-5.368006E-3,3.874027E-4,-6.860690E-2,6.115198E-3
9.500000E0,1.535648E-1,4.350986E-2,-7.823703E-3,-3.549924E-5,-7.399900E-2,-7.842168E-3
9.533333E0,1.532282E-1,4.350770E-2,-1.082157E-2,-8.473796E-5,-4.219942E-2,-2.372472E-3
9.566667E0,1.528433E-1,4.350421E-2,-1.064732E-2,-1.838320E-4,1.309918E-2,3.158133E-3
9.600000E0,1.525184E-1,4.349544E-2,-9.608343E-3,5.987801E-5,1.978788E-2,7.821281E-3
9.633333E0,1.522028E-1,4.350820E-2,-9.422641E-3,4.338729E-4,3.341701E-2,-2.888906E-3
9.666667E0,1.518902E-1,4.352437E-2,-7.636548E-3,-8.310755E-5,4.917875E-2,-1.336039E-4
9.700000E0,1.516937E-1,4.350266E-2,-5.683304E-3,1.420551E-4,1.784828E-2,1.384914E-3
9.733333E0,1.515113E-1,4.353384E-2,-6.489353E-3,3.942846E-4,-4.201177E-2,4.898154E-3
9.766667E0,1.512610E-1,4.352895E-2,-8.643060E-3,1.572900E-4,-7.459997E-2,-5.561914E-3
9.800000E0,1.509351E-1,4.354433E-2,-1.140880E-2,2.218331E-4,-3.905819E-2,-7.909148E-3
9.833333E0,1.505005E-1,4.354374E-2,-1.173654E-2,-4.237988E-4,-1.916429E-2,-8.882167E-3
9.866667E0,1.501527E-1,4.351607E-2,-1.187550E-2,-4.993873E-4,5.955176E-2,6.275244E-3
9.900000E0,1.497088E-1,4.351045E-2,-8.983386E-3,1.075569E-4,9.725836E-2,6.811644E-3
9.933333E0,1.495538E-1,4.352324E-2,-4.035342E-3,3.613085E-5,1.150244E-2,-2.185469E-3
9.966667E0,1.494397E-1,4.351286E-2,-8.005143E-3,-1.938142E-4,-7.547338E-2,-2.585614E-3
1.000000E1,1.490201E-1,4.351032E-2,-1.073012E-2,-5.578383E-5,-6.845481E-2,6.924943E-3
1.003333E1,1.487244E-1,4.350914E-2,-1.106866E-2,2.202432E-4,-2.097364E-2,-1.616191E-3
1.006667E1,1.482822E-1,4.352500E-2,-1.305253E-2,-2.215050E-5,-1.691912E-2,-2.765856E-3
1.010000E1,1.478542E-1,4.350766E-2,-1.194860E-2,-1.902064E-4,7.304943E-2,-1.115185E-2
1.013333E1,1.474856E-1,4.351232E-2,-8.346361E-3,-5.075948E-4,1.023582E-1,5.324302E-3
1.016667E1,1.472978E-1,4.347382E-2,-4.621540E-3,-2.033963E-4,1.411166E-2,9.310496E-3
1.020000E1,1.471775E-1,4.349876E-2,-7.016935E-3,5.113910E-4,-1.630905E-1,1.116510E-2
1.023333E1,1.468300E-1,4.350791E-2,-1.583909E-2,3.294212E-4,-1.684318E-1,-3.493886E-3
1.026667E1,1.461216E-1,4.352073E-2,-1.954926E-2,3.350758E-4,-1.178722E-2,-8.156272E-3
1.030000E1,1.455267E-1,4.353025E-2,-1.567463E-2,-1.710290E-4,1.039442E-1,-8.170921E-3
1.033333E1,1.450766E-1,4.350932E-2,-1.240059E-2,-3.699461E-4,1.079958E-1,-6.132495E-3
1.036667E1,1.447000E-1,4.350559E-2,-8.823116E-3,-3.998315E-4,8.315140E-2,1.345417E-2
1.040000E1,1.444884E-1,4.348267E-2,-6.313111E-3,2.710115E-4,5.845326E-4,1.409620E-2
1.043333E1,1.442791E-1,4.352366E-2,-8.770994E-3,9.017374E-4,-8.621653E-2,-3.313983E-3
1.046667E1,1.439036E-1,4.354278E-2,-1.258937E-2,-8.623177E-5,-1.052724E-1,-1.484182E-2
1.050000E1,1.434398E-1,4.351791E-2,-1.557411E-2,-2.940927E-4,-4.321311E-2,4.316228E-3
1.053333E1,1.428654E-1,4.352318E-2,-1.594028E-2,3.916748E-4,6.719110E-3,8.054507E-3
1.056667E1,1.423772E-1,4.354402E-2,-1.453510E-2,2.925107E-4,1.072398E-1,-3.244479E-3
1.060000E1,1.418964E-1,4.354268E-2,-9.629090E-3,3.607436E-5,1.751583E-1,-8.765915E-3
1.063333E1,1.417352E-1,4.354642E-2,-1.920063E-3,-1.807133E-4,1.500444E-1,3.537879E-3
1.066667E1,1.417684E-1,4.353063E-2,5.805400E-4,9.593574E-5,-1.146983E-1,4.225296E-3
1.070000E1,1.417739E-1,4.355282E-2,-8.817534E-3,3.506017E-4,-3.894878E-1,8.697065E-3
1.073333E1,1.411805E-1,4.355401E-2,-2.663188E-2,4.457581E-4,-2.985950E-1,-5.079911E-3
1.076667E1,1.399985E-1,4.358254E-2,-3.065045E-2,2.593582E-4,9.818838E-2,-8.178663E-3
1.080000E1,1.391372E-1,4.357130E-2,-1.849863E-2,-3.296152E-4,3.574292E-1,-1.276473E-2
1.083333E1,1.387652E-1,4.356056E-2,-6.130093E-3,-4.814530E-4,2.571586E-1,-1.453419E-3
1.086667E1,1.387285E-1,4.353920E-2,-9.837618E-4,-4.941147E-4,9.181498E-2,4.470021E-3
1.090000E1,1.386996E-1,4.352762E-2,-7.150074E-4,-1.473158E-4,7.912431E-3,7.117734E-3
1.093333E1,1.386808E-1,4.352938E-2,-4.470377E-4,2.109998E-5,-3.996799E-2,2.150673E-3
1.096667E1,1.386698E-1,4.352903E-2,-2.987654E-3,-3.766557E-5,-3.776413E-1,1.201818E-2
1.100000E1,1.384816E-1,4.352687E-2,-2.380524E-2,7.085835E-4,-5.006882E-1,1.502548E-2
1.103333E1,1.370828E-1,4.357627E-2,-4.127413E-2,1.225522E-3,-4.953473E-2,-5.555077E-3
1.106667E1,1.357300E-1,4.360857E-2,-2.634955E-2,2.563052E-4,4.705181E-1,-2.671531E-2
1.110000E1,1.353262E-1,4.359335E-2,-6.710171E-3,-6.892468E-4,3.864895E-1,-1.516766E-2
1.113333E1,1.352827E-1,4.356262E-2,-1.101712E-3,-7.448743E-4,1.040449E-1,4.046165E-3
1.116667E1,1.352527E-1,4.354369E-2,-5.392715E-4,-3.646348E-4,-5.401408E-2,1.486556E-2
1.120000E1,1.352467E-1,4.353831E-2,-4.072928E-3,2.238172E-4,-3.767206E-1,2.451752E-2
1.123333E1,1.349812E-1,4.355862E-2,-2.446108E-2,1.258246E-3,-4.391893E-1,5.999350E-3
1.126667E1,1.336160E-1,4.362219E-2,-3.793995E-2,8.983017E-4,3.786661E-3,-1.359825E-2
1.130000E1,1.324519E-1,4.361850E-2,-2.273198E-2,-3.947999E-5,4.558190E-1,-1.812835E-2
1.133333E1,1.321005E-1,4.361956E-2,-5.254729E-3,-1.235814E-4,3.425390E-1,-9.180966E-3
1.136667E1,1.321016E-1,4.361026E-2,-1.076916E-4,-6.526908E-4,8.812742E-2,-1.930134E-3
1.140000E1,1.320934E-1,4.357605E-2,-1.832943E-4,-4.230727E-4,-1.209123E-1,1.135213E-2
1.143333E1,1.320893E-1,4.358206E-2,-7.129380E-3,3.112258E-4,-3.322402E-1,1.476667E-2
1.146667E1,1.316181E-1,4.359680E-2,-2.306854E-2,5.037562E-4,-3.807939E-1,5.343056E-3
1.150000E1,1.305514E-1,4.361564E-2,-3.380737E-2,6.537293E-4,-1.425139E-1,-7.034788E-3
1.153333E1,1.293642E-1,4.364038E-2,-3.228626E-2,1.375549E-4,2.818278E-1,-8.077089E-3
1.156667E1,1.283990E-1,4.362481E-2,-1.570245E-2,-1.196828E-4,4.176612E-1,-1.343863E-2
1.160000E1,1.283174E-1,4.363240E-2,-1.295748E-3,-4.727356E-4,2.584648E-1,3.273108E-5
1.163333E1,1.283126E-1,4.359330E-2,-4.892736E-5,-4.679295E-4,-5.820892E-2,8.930280E-3
1.166667E1,1.283141E-1,4.360120E-2,-4.644271E-3,4.007565E-4,-4.480382E-1,2.371273E-2
1.170000E1,1.280030E-1,4.362001E-2,-2.852916E-2,9.970968E-4,-5.588778E-1,2.296027E-3
1.173333E1,1.264122E-1,4.366768E-2,-4.684325E-2,7.510776E-4,-6.603312E-2,-1.117035E-2
1.176667E1,1.248801E-1,4.367009E-2,-3.194036E-2,6.097427E-6,5.210491E-1,-1.598699E-2
1.180000E1,1.242828E-1,4.366808E-2,-9.438004E-3,-2.145909E-4,4.580720E-1,-1.192378E-2
1.183333E1,1.242509E-1,4.365578E-2,-9.790340E-4,-7.667062E-4,1.530830E-1,-3.627230E-3
1.186667E1,1.242176E-1,4.361697E-2,-5.191383E-4,-6.249871E-4,1.473052E-2,3.423084E-3
1.190000E1,1.242163E-1,4.361411E-2,1.211709E-4,-2.973590E-4,-5.079419E-2,7.240156E-3
1.193333E1,1.242257E-1,4.359715E-2,-3.402903E-3,-3.084979E-4,-6.173887E-1,1.195821E-2
1.196667E1,1.239895E-1,4.359355E-2,-3.773444E-2,5.004871E-4,-8.852983E-1,2.200726E-2
1.200000E1,1.217100E-1,4.363051E-2,-7.036981E-2,1.279468E-3,-1.916152E-1,3.945747E-3
1.203333E1,1.192982E-1,4.367885E-2,-4.990517E-2,8.159372E-4,5.891960E-1,-1.850185E-2
1.206667E1,1.183830E-1,4.368491E-2,-2.477454E-2,-1.168536E-4,4.880788E-1,-1.454927E-2
1.210000E1,1.176465E-1,4.367106E-2,-2.009410E-2,-1.821185E-4,1.195214E-1,1.793258E-3
1.213333E1,1.170434E-1,4.367277E-2,-1.680205E-2,1.044693E-4,1.604172E-1,-4.496942E-3
1.216667E1,1.165264E-1,4.367802E-2,-1.009081E-2,-4.178625E-4,1.988978E-1,-5.991636E-3
1.220000E1,1.163707E-1,4.364491E-2,-2.489678E-3,-5.327864E-4,1.515556E-1,-7.607172E-4
1.223333E1,1.163604E-1,4.364250E-2,-1.595080E-4,-2.319560E-4,3.983394E-2,3.498529E-3
1.226667E1,1.163601E-1,4.362945E-2,-9.150406E-5,-4.085719E-4,-8.180717E-2,9.651495E-3
1.230000E1,1.163543E-1,4.361526E-2,-4.972118E-3,3.226063E-4,-7.042816E-1,1.984510E-2
1.233333E1,1.160286E-1,4.365095E-2,-4.357438E-2,1.123090E-3,-1.037144E0,8.168279E-3
1.236667E1,1.134493E-1,4.369014E-2,-8.237356E-2,8.253002E-4,-4.692729E-1,1.598448E-4
1.240000E1,1.105370E-1,4.370597E-2,-7.344687E-2,9.573082E-4,4.960040E-1,-5.067978E-3
1.243333E1,1.085529E-1,4.375396E-2,-4.647841E-2,7.707779E-4,5.462786E-1,-1.328650E-2
1.246667E1,1.074384E-1,4.375736E-2,-3.505797E-2,-1.521125E-4,2.028367E-1,-1.178758E-2
1.250000E1,1.062157E-1,4.374382E-2,-3.545869E-2,-4.390100E-5,1.203807E-1,-6.401729E-3
1.253333E1,1.050745E-1,4.375443E-2,-2.742370E-2,-3.443706E-4,3.560203E-1,-2.013180E-3
1.256667E1,1.043874E-1,4.372086E-2,-1.128541E-2,-4.927474E-4,7.068193E-2,3.105177E-3
1.260000E1,1.043222E-1,4.372158E-2,-1.863687E-2,9.398723E-5,-6.390930E-1,1.747354E-2
1.263333E1,1.031450E-1,4.372712E-2,-5.690528E-2,5.626870E-4,-7.895647E-1,7.832848E-3
1.266667E1,1.005285E-1,4.375909E-2,-7.548957E-2,7.491084E-4,-1.376380E-2,-2.041255E-3
1.270000E1,9.811234E-2,4.377706E-2,-5.620556E-2,3.386194E-4,4.390015E-1,-1.435423E-2
1.273333E1,9.678145E-2,4.378167E-2,-4.174176E-2,-1.884718E-4,1.563660E-1,-2.657155E-3
1.276667E1,9.532956E-2,4.376450E-2,-4.799170E-2,2.032328E-5,-1.988624E-1,-1.754917E-3
1.280000E1,9.358200E-2,4.378302E-2,-5.555954E-2,-2.314895E-5,-8.153187E-2,3.304971E-3
1.283333E1,9.162559E-2,4.376296E-2,-5.431417E-2,-7.631582E-5,-8.068866E-2,1.992220E-3
1.286667E1,8.996106E-2,4.377794E-2,-5.807725E-2,3.559095E-4,-1.590244E-1,7.290829E-3
1.290000E1,8.775377E-2,4.378668E-2,-6.766127E-2,3.022496E-4,-1.670656E-1,-2.094521E-2
1.293333E1,8.545031E-2,4.379809E-2,-6.854408E-2,-8.459915E-4,8.216891E-2,-1.026207E-2
1.296667E1,8.318417E-2,4.373028E-2,-6.258815E-2,-8.903946E-4,5.491315E-2,1.293624E-2
1.300000E1,8.127776E-2,4.373873E-2,-6.264278E-2,4.804447E-4,-1.899537E-1,1.852614E-2
1.303333E1,7.900798E-2,4.376231E-2,-7.639414E-2,3.038947E-4,-3.152217E-1,-4.396575E-3
1.306667E1,7.618482E-2,4.375899E-2,-8.518104E-2,2.210514E-5,-1.073634E-1,3.977596E-3
1.310000E1,7.332925E-2,4.376379E-2,-8.290013E-2,5.968990E-4,3.881374E-2,2.646510E-3
1.313333E1,7.065815E-2,4.379878E-2,-8.153332E-2,4.029039E-4,-2.161376E-2,6.442524E-3
1.316667E1,6.789369E-2,4.379065E-2,-8.486111E-2,6.492963E-4,-5.967731E-2,7.254158E-3
1.320000E1,6.500074E-2,4.384206E-2,-8.597821E-2,1.272676E-3,-5.444150E-4,-4.975460E-3
1.323333E1,6.216181E-2,4.387549E-2,-8.448770E-2,2.241381E-4,1.462415E-2,-1.477397E-2
1.326667E1,5.936823E-2,4.385701E-2,-8.478505E-2,2.151537E-5,2.111717E-2,-1.154175E-2
1.330000E1,5.650947E-2,4.387693E-2,-8.374463E-2,-1.610961E-4,1.179580E-1,-5.468862E-3
1.333333E1,5.378525E-2,4.384627E-2,-7.689519E-2,-6.768418E-4,2.128282E-1,-3.186022E-3
1.336667E1,5.138313E-2,4.383180E-2,-6.891390E-2,-2.254800E-4,2.016590E-1,2.343658E-2
1.340000E1,4.919099E-2,4.383124E-2,-6.355686E-2,7.945058E-4,1.542515E-1,1.533502E-2
1.343333E1,4.714600E-2,4.388477E-2,-5.881227E-2,1.074842E-3,9.127500E-2,-4.220304E-3
1.346667E1,4.527017E-2,4.390289E-2,-5.696382E-2,2.827103E-4,1.146569E-1,-4.418971E-3
1.350000E1,4.334842E-2,4.390362E-2,-5.246840E-2,6.866141E-4,3.957210E-1,-1.041553E-2
1.353333E1,4.177228E-2,4.394867E-2,-3.128794E-2,7.544483E-6,4.479225E-1,2.139586E-3
1.356667E1,4.126255E-2,4.390412E-2,-1.834151E-2,1.394817E-4,7.399265E-2,-3.227032E-4
1.360000E1,4.054951E-2,4.395796E-2,-2.849657E-2,7.266303E-4,-3.604123E-1,9.725077E-3
1.363333E1,3.936278E-2,4.395256E-2,-4.291823E-2,2.624420E-4,-2.045108E-1,-8.826041E-3
1.366667E1,3.768830E-2,4.397546E-2,-4.408453E-2,4.240197E-4,1.279283E-1,-5.423123E-3
1.370000E1,3.642381E-2,4.398083E-2,-3.238073E-2,-1.853597E-4,2.234787E-1,-2.213019E-3
1.373333E1,3.552958E-2,4.396310E-2,-2.827139E-2,1.216901E-4,6.278953E-2,5.454488E-3
1.376667E1,3.453905E-2,4.398894E-2,-2.944022E-2,4.595805E-4,3.985429E-3,-1.228515E-3
1.380000E1,3.356690E-2,4.399374E-2,-2.790111E-2,-1.077899E-4,1.151163E-2,-5.158928E-3
1.383333E1,3.267898E-2,4.398176E-2,-2.813695E-2,3.277437E-5,-5.636477E-2,-4.164543E-3
1.386667E1,3.169110E-2,4.399593E-2,-3.193873E-2,-1.545708E-4,-6.124030E-2,7.739933E-3
1.390000E1,3.054973E-2,4.397145E-2,-3.286051E-2,1.944471E-4,9.900671E-2,5.146970E-3
1.393333E1,2.950040E-2,4.400889E-2,-2.547302E-2,6.100014E-4,2.523653E-1,4.114631E-3
1.396667E1,2.885153E-2,4.401212E-2,-1.513578E-2,1.779121E-4,1.055884E-1,-1.354977E-2
1.400000E1,2.849135E-2,4.402075E-2,-1.714850E-2,-1.398911E-4,-3.149344E-1,-3.686035E-3
1.403333E1,2.770830E-2,4.400279E-2,-3.667851E-2,-2.365187E-4,-3.693825E-1,-9.248840E-3
1.406667E1,2.604612E-2,4.400498E-2,-4.528926E-2,-5.283085E-4,4.332865E-2,9.621236E-3
1.410000E1,2.468901E-2,4.396757E-2,-3.186293E-2,2.772690E-5,4.898333E-1,1.440425E-2
1.413333E1,2.392192E-2,4.400683E-2,-1.229056E-2,8.869501E-4,3.169720E-1,2.927810E-3
1.416667E1,2.386964E-2,4.402670E-2,-8.011802E-3,5.311654E-5,-7.321583E-2,-9.366747E-4
1.420000E1,2.338780E-2,4.401037E-2,-1.978320E-2,5.607932E-4,-2.240195E-1,-1.427396E-2
1.423333E1,2.255076E-2,4.406409E-2,-2.374359E-2,-2.541752E-4,-3.474350E-2,-1.617645E-3
1.426667E1,2.180489E-2,4.399343E-2,-2.112612E-2,-4.664095E-4,8.979971E-2,4.883908E-4
1.430000E1,2.114235E-2,4.403300E-2,-1.788032E-2,6.010372E-4,8.189294E-2,2.105992E-2
1.433333E1,2.061287E-2,4.403350E-2,-1.535108E-2,4.690864E-4,8.612421E-2,-1.090637E-3
1.436667E1,2.011895E-2,4.406427E-2,-1.258974E-2,7.644409E-4,1.088719E-1,-6.437281E-3
1.440000E1,1.977356E-2,4.408446E-2,-7.886222E-3,1.423136E-5,6.170154E-2,-1.564055E-2
1.443333E1,1.959320E-2,4.406522E-2,-7.752723E-3,-4.436824E-4,-7.996608E-2,-1.751389E-3
1.446667E1,1.925671E-2,4.405488E-2,-1.372192E-2,-2.113208E-5,-1.578775E-1,2.603082E-3
1.450000E1,1.867841E-2,4.406381E-2,-1.877583E-2,-1.473617E-4,-3.239260E-2,7.845597E-3
1.453333E1,1.800499E-2,4.404506E-2,-1.632485E-2,2.289387E-4,1.238500E-1,1.824602E-3
1.456667E1,1.759008E-2,4.407907E-2,-9.612394E-3,3.548126E-4,1.712092E-1,4.149852E-3
1.460000E1,1.736416E-2,4.406871E-2,-4.920276E-3,1.382111E-4,1.288463E-1,-8.536552E-3
1.463333E1,1.726206E-2,4.408828E-2,-1.167673E-3,8.134861E-5,7.293128E-2,3.299954E-4
1.466667E1,1.728632E-2,4.407413E-2,2.816666E-4,-9.547193E-5,2.618879E-2,-2.367455E-3
1.470000E1,1.728084E-2,4.408192E-2,1.370583E-4,1.077696E-4,-3.283444E-3,4.712296E-3
1.473333E1,1.729545E-2,4.408132E-2,2.407759E-4,1.165102E-4,4.673169E-3,-2.191951E-3
1.476667E1,1.729689E-2,4.408969E-2,3.108751E-4,4.717785E-5,3.639303E-3,-1.593931E-3
1.480000E1,1.731618E-2,4.408446E-2,5.869029E-4,-7.840734E-5,-3.062772E-3,-6.695943E-3
1.483333E1,1.733602E-2,4.408446E-2,1.363930E-4,-3.042731E-4,-9.432545E-3,4.889799E-3
1.486667E1,1.732527E-2,4.406418E-2,-1.927634E-4,5.475233E-5,-4.357320E-3,1.095519E-2
1.490000E1,1.732317E-2,4.408811E-2,-5.292767E-5,6.663711E-4,5.084346E-3,1.352172E-3
1.493333E1,1.732174E-2,4.410860E-2,1.088849E-4,1.078471E-4,-1.671970E-3,-1.118830E-2
1.496667E1,1.733043E-2,4.409530E-2,-7.461449E-5,-2.397596E-4,-1.434319E-3,-3.582771E-3
1.500000E1,1.731677E-2,4.409262E-2,-1.423782E-4,-2.147118E-5,1.943679E-3,6.148143E-3
1.503333E1,1.732094E-2,4.409387E-2,1.724794E-4,1.483496E-4,3.304208E-3,8.815526E-4
1.506667E1,1.732827E-2,4.410251E-2,7.408341E-5,8.539559E-5,1.236798E-3,-1.892655E-3
1.510000E1,1.732588E-2,4.409956E-2,1.717119E-4,-4.897515E-5,-4.545156E-3,-8.307890E-4
1.513333E1,1.733971E-2,4.409924E-2,-6.932234E-5,5.666740E-5,-1.399717E-4,1.362113E-3
1.516667E1,1.732125E-2,4.410334E-2,-7.869861E-5,6.356824E-5,-3.808364E-4,3.839938E-4
1.520000E1,1.733447E-2,4.410348E-2,1.460195E-4,4.943067E-5,6.087602E-3,-3.213479E-3
1.523333E1,1.733099E-2,4.410663E-2,1.512132E-4,-1.013171E-4,-6.167480E-3,-1.323960E-3
1.526667E1,1.734455E-2,4.409673E-2,-8.595502E-5,-1.257418E-4,-2.902626E-3,4.674348E-3
1.530000E1,1.732526E-2,4.409825E-2,-2.644859E-4,2.570823E-4,1.816910E-3,-8.760332E-4
1.533333E1,1.732692E-2,4.411387E-2,1.771452E-4,-7.116079E-5,2.004381E-6,-1.338617E-3
1.536667E1,1.733707E-2,4.409351E-2,-2.006672E-4,-9.080818E-5,-2.600009E-3,-4.398646E-4
1.540000E1,1.731354E-2,4.410781E-2,-2.271299E-4,1.631613E-4,2.839585E-3,4.155653E-3
1.543333E1,1.732193E-2,4.410439E-2,2.043518E-4,1.860882E-5,5.597393E-3,-8.191576E-5
1.546667E1,1.732716E-2,4.410905E-2,7.574900E-5,2.191027E-4,-2.005232E-3,-1.181896E-3
1.550000E1,1.732698E-2,4.411899E-2,4.671429E-5,-1.080805E-5,1.900987E-3,-5.713660E-3
1.553333E1,1.733028E-2,4.410833E-2,2.127882E-4,-2.686766E-4,-2.442703E-3,-1.560699E-3
1.556667E1,1.734116E-2,4.410108E-2,-3.888807E-5,-7.630063E-5,-2.775785E-3,4.450015E-3
1.560000E1,1.732768E-2,4.410325E-2,-1.318594E-4,6.154739E-5,-4.834398E-3,2.599649E-3
1.563333E1,1.733237E-2,4.410518E-2,-1.846535E-4,7.362981E-5,2.252837E-3,2.073031E-3
1.566667E1,1.731537E-2,4.410816E-2,-1.630821E-4,1.902311E-4,2.651488E-3,-8.199112E-5
1.570000E1,1.732150E-2,4.411787E-2,1.434406E-4,1.193907E-4,3.350685E-3,-4.656186E-3
1.573333E1,1.732494E-2,4.411611E-2,1.221197E-5,-1.673437E-4,-2.760531E-3,-3.203780E-3
1.576667E1,1.732231E-2,4.410671E-2,-6.304217E-5,-1.248997E-4,4.205167E-4,2.032877E-3
1.580000E1,1.732073E-2,4.410779E-2,4.456678E-5,2.986607E-5,2.920591E-3,6.136523E-4
1.583333E1,1.732528E-2,4.410870E-2,1.533054E-4,-9.034567E-5,5.539546E-4,1.810419E-3
1.586667E1,1.733095E-2,4.410176E-2,8.527032E-5,7.661033E-5,-4.649710E-3,7.616210E-4
1.590000E1,1.733097E-2,4.411381E-2,-1.603347E-4,9.642373E-5,-2.384917E-3,3.101294E-5
1.593333E1,1.732026E-2,4.410819E-2,-1.342453E-4,-5.401539E-5,1.998156E-3,-3.081876E-3
1.596667E1,1.732202E-2,4.411021E-2,4.966456E-5,-2.613714E-5,1.756439E-3,2.293482E-3
1.600000E1,1.732358E-2,4.410645E-2,-3.327156E-5,3.649494E-5,2.220857E-3,1.779851E-3
1.603333E1,1.731980E-2,4.411264E-2,1.392318E-4,1.522797E-4,3.410757E-3,1.048489E-4
1.606667E1,1.733286E-2,4.411660E-2,2.919237E-4,2.591132E-5,-7.612902E-3,-4.643636E-3
1.610000E1,1.733926E-2,4.411437E-2,-3.547427E-4,-1.650835E-4,-6.383638E-3,6.216634E-5
1.613333E1,1.730921E-2,4.410560E-2,-3.538999E-4,-1.947534E-5,4.364836E-3,3.096686E-3
1.616667E1,1.731567E-2,4.411307E-2,1.737389E-4,1.373736E-4,6.397645E-3,3.074254E-3
1.620000E1,1.732079E-2,4.411476E-2,9.249343E-6,1.164635E-4,-3.108668E-3,-3.851276E-3
1.623333E1,1.731629E-2,4.412083E-2,-7.979811E-5,-5.434656E-5,2.112970E-3,-3.076916E-3
1.626667E1,1.731547E-2,4.411113E-2,1.601802E-4,-1.813658E-4,3.057987E-3,-1.005312E-3
1.630000E1,1.732696E-2,4.410874E-2,1.908994E-4,-5.815679E-5,-2.732676E-3,3.868911E-3
1.633333E1,1.732820E-2,4.410726E-2,-7.618118E-5,5.109222E-5,-5.290425E-3,-2.572703E-3
1.636667E1,1.732189E-2,4.411215E-2,-1.742937E-4,-1.603782E-4,-8.427723E-4,6.367829E-5
1.640000E1,1.731658E-2,4.409656E-2,-1.178142E-4,-9.878138E-5,9.813807E-5,3.848621E-3
1.643333E1,1.731403E-2,4.410556E-2,-1.478579E-4,2.485113E-4,4.913207E-3,1.521979E-3
1.646667E1,1.730672E-2,4.411313E-2,1.330566E-4,-2.073951E-5,2.180998E-3,-3.777103E-3
1.650000E1,1.732290E-2,4.410418E-2,1.555571E-4,-9.570492E-5,-1.258632E-3,-3.388573E-3
1.653333E1,1.731709E-2,4.410675E-2,-1.053036E-4,-1.320038E-4,4.079179E-4,1.287288E-3
1.656667E1,1.731588E-2,4.409538E-2,2.138620E-4,-1.251650E-4,5.362243E-4,2.966879E-3
1.660000E1,1.733135E-2,4.409841E-2,5.104935E-5,1.490354E-4,-3.697142E-3,4.081695E-3
1.663333E1,1.731929E-2,4.410532E-2,-2.082841E-4,1.420628E-4,1.104753E-3,-3.289348E-3
1.666667E1,1.731746E-2,4.410788E-2,1.923060E-4,-7.545847E-5,2.410290E-3,-2.577536E-3
1.670000E1,1.733211E-2,4.410029E-2,5.579845E-5,-8.443889E-5,-2.330923E-3,-1.120875E-3
1.673333E1,1.732118E-2,4.410225E-2,-1.354006E-4,-6.918768E-5,-5.181086E-3,4.536976E-3
1.676667E1,1.732308E-2,4.409567E-2,-1.502950E-4,1.161884E-4,1.496061E-3,9.133280E-4
1.680000E1,1.731116E-2,4.410999E-2,-1.517142E-4,1.408074E-4,5.682466E-3,-3.360234E-5
1.683333E1,1.731296E-2,4.410506E-2,2.840564E-4,-3.017984E-5,1.512020E-3,-4.026971E-3
1.686667E1,1.733010E-2,4.410798E-2,5.149806E-5,-3.518470E-5,-5.610266E-3,7.809266E-4
1.690000E1,1.731640E-2,4.410271E-2,-2.744994E-4,-4.604273E-5,-4.156186E-3,-9.330405E-4
1.693333E1,1.731180E-2,4.410491E-2,-1.226546E-4,-3.362413E-5,4.381901E-3,-2.532729E-3
1.696667E1,1.730822E-2,4.410047E-2,-1.125761E-5,-2.435639E-4,4.947975E-3,-1.386429E-2
1.700000E1,1.731105E-2,4.408867E-2,2.140449E-4,-8.975659E-4,2.903565E-3,-6.879969E-3
1.703333E1,1.732249E-2,4.404063E-2,2.227007E-4,-9.167052E-4,-4.434718E-3,1.089937E-2
1.706667E1,1.732590E-2,4.402756E-2,-1.049027E-4,4.705781E-7,-2.369176E-3,2.087978E-2
1.710000E1,1.731550E-2,4.404067E-2,-1.904719E-5,4.976296E-4,-1.434009E-4,1.043334E-2
1.713333E1,1.732463E-2,4.406074E-2,3.320591E-5,6.613141E-4,-9.322697E-5,-1.759422E-3
1.716667E1,1.731771E-2,4.408475E-2,-1.448326E-4,4.246071E-4,-1.060560E-3,-7.258327E-3
1.720000E1,1.731497E-2,4.408904E-2,2.667832E-6,8.994775E-5,6.049597E-3,-6.250092E-3
1.723333E1,1.731789E-2,4.409075E-2,2.504829E-4,4.065267E-5,-8.075405E-4,-8.080421E-4
1.726667E1,1.733167E-2,4.409175E-2,3.704654E-5,3.753015E-5,-6.585997E-3,1.364862E-3
1.730000E1,1.732036E-2,4.409325E-2,-3.219037E-4,1.239901E-4,-3.386474E-3,1.276784E-3
1.733333E1,1.731021E-2,4.410002E-2,-1.517694E-4,1.515186E-4,5.420033E-3,-3.913823E-3
1.736667E1,1.731024E-2,4.410335E-2,7.060371E-5,-1.300614E-4,1.336850E-2,-9.467063E-3
1.740000E1,1.731492E-2,4.409135E-2,6.629076E-4,-5.157716E-4,5.780792E-3,-2.058314E-3
1.743333E1,1.735443E-2,4.406897E-2,6.691207E-4,-3.279399E-4,-2.104578E-3,4.137751E-3
1.746667E1,1.735953E-2,4.406949E-2,2.819430E-4,-1.026767E-4,-1.436539E-2,9.754301E-3
1.750000E1,1.737323E-2,4.406212E-2,-1.042516E-4,1.819665E-4,-9.561222E-3,4.898690E-3
1.753333E1,1.735257E-2,4.408162E-2,-5.335010E-4,3.844962E-4,-5.591952E-3,3.457364E-3
1.756667E1,1.733766E-2,4.408776E-2,-3.873675E-4,2.834949E-4,7.077069E-3,-6.413776E-3
1.760000E1,1.732675E-2,4.410052E-2,-9.068650E-5,6.000978E-5,9.507486E-4,-8.955195E-4
1.763333E1,1.733162E-2,4.409176E-2,-2.135521E-4,6.986323E-5,3.970593E-3,-5.660957E-3
1.766667E1,1.731251E-2,4.410517E-2,-3.885645E-5,-1.038929E-4,3.839099E-3,-7.301639E-4
1.770000E1,1.732903E-2,4.408483E-2,2.775310E-4,-2.259275E-4,1.210440E-3,2.076181E-3
1.773333E1,1.733102E-2,4.409011E-2,-7.718936E-5,2.093982E-4,-5.713752E-3,3.810336E-3
1.776667E1,1.732388E-2,4.409879E-2,-1.241894E-4,2.182437E-5,2.942849E-3,-7.089134E-3
1.780000E1,1.732274E-2,4.409157E-2,1.393951E-4,-3.234039E-4,6.520231E-5,-8.866681E-4
1.783333E1,1.733317E-2,4.407723E-2,-3.351196E-5,-8.324284E-5,-2.703187E-3,6.507513E-3
1.786667E1,1.732050E-2,4.408602E-2,-1.916184E-4,2.296265E-4,1.238852E-3,4.296807E-3
1.790000E1,1.732040E-2,4.409254E-2,1.330287E-4,1.504135E-4,2.939350E-3,-4.935044E-3
1.793333E1,1.732937E-2,4.409605E-2,4.789291E-5,-8.086682E-5,-5.324425E-3,1.890822E-3
1.796667E1,1.732359E-2,4.408715E-2,-2.881799E-4,1.676870E-4,-2.337641E-3,1.097607E-3
1.800000E1,1.731016E-2,4.410722E-2,-1.458887E-4,2.004616E-4,-3.475080E-4,-1.247227E-3
1.803333E1,1.731387E-2,4.410051E-2,-1.798864E-4,-1.059819E-4,4.932477E-3,-5.641826E-3
1.806667E1,1.729817E-2,4.410016E-2,-3.724504E-6,-8.095261E-5,2.610274E-3,-1.102969E-3
1.810000E1,1.731362E-2,4.409512E-2,2.060241E-4,-2.054994E-4,3.657308E-3,1.287894E-3
1.813333E1,1.731190E-2,4.408646E-2,8.084824E-5,-3.292124E-5,-2.127107E-3,4.900204E-3
1.816667E1,1.731901E-2,4.409292E-2,1.481252E-4,1.937307E-4,4.970175E-4,-7.498130E-4
1.820000E1,1.732178E-2,4.409937E-2,7.729713E-5,-7.671923E-5,-7.417113E-4,-5.883752E-3
1.823333E1,1.732416E-2,4.408781E-2,1.019885E-4,-2.846543E-4,-1.445937E-2,1.173120E-3
1.826667E1,1.732858E-2,4.408040E-2,-7.509504E-4,2.291135E-5,-1.571775E-2,9.099500E-3
1.830000E1,1.727410E-2,4.408933E-2,-1.256566E-3,3.687341E-4,1.012136E-2,4.716227E-4
1.833333E1,1.724480E-2,4.410498E-2,2.833965E-5,1.007498E-4,2.162134E-2,-2.187329E-3
1.836667E1,1.727599E-2,4.409605E-2,4.582543E-4,5.682064E-5,9.379853E-3,-5.495296E-3
1.840000E1,1.727535E-2,4.410877E-2,3.368800E-4,-5.745441E-5,-4.774442E-4,-2.285499E-4
1.843333E1,1.729845E-2,4.409222E-2,6.083340E-4,-1.760037E-4,-3.031328E-3,2.052732E-3
1.846667E1,1.731591E-2,4.409703E-2,1.178490E-4,2.225059E-4,-4.432586E-3,1.362785E-3
1.850000E1,1.730630E-2,4.410705E-2,1.467276E-4,-5.747070E-5,7.927401E-4,-4.814483E-3
1.853333E1,1.732569E-2,4.409320E-2,3.815704E-4,-2.373644E-4,1.289389E-3,1.443889E-3
1.856667E1,1.733174E-2,4.409123E-2,1.218851E-4,1.158347E-4,-2.102411E-3,1.373912E-3
1.860000E1,1.733382E-2,4.410093E-2,2.291439E-4,-6.969855E-5,3.909825E-3,-2.418554E-3
1.863333E1,1.734702E-2,4.408658E-2,4.333734E-4,-2.055352E-4,3.401607E-3,-2.730086E-3
1.866667E1,1.736271E-2,4.408722E-2,4.462706E-4,-1.165843E-4,-1.665281E-3,4.342412E-3
1.870000E1,1.737677E-2,4.407881E-2,3.239810E-4,-2.012171E-5,-6.227481E-3,1.018739E-3
1.873333E1,1.738431E-2,4.408588E-2,3.410709E-5,5.896727E-5,-5.771372E-3,2.138051E-4
1.876667E1,1.737904E-2,4.408274E-2,-1.087255E-4,-8.423039E-5,-2.015160E-3,-2.115235E-3
1.880000E1,1.737706E-2,4.408027E-2,-5.881706E-5,-5.943960E-5,-7.275242E-3,5.550658E-3
1.883333E1,1.737512E-2,4.407878E-2,-5.327873E-4,2.469716E-4,-7.449001E-3,9.540064E-3
1.886667E1,1.734154E-2,4.409673E-2,-7.306546E-4,6.428561E-4,8.257980E-4,8.160024E-4
1.890000E1,1.732641E-2,4.412164E-2,-3.462369E-4,3.467220E-4,1.480637E-2,-1.409917E-2
1.893333E1,1.731846E-2,4.411985E-2,1.868802E-4,-3.798129E-4,6.109889E-3,-8.359929E-3
1.896667E1,1.733887E-2,4.409632E-2,2.229018E-4,-3.039906E-4,-2.323158E-3,1.357244E-3
1.900000E1,1.733332E-2,4.409958E-2,-1.433551E-4,-9.967913E-5,-4.042692E-3,5.450692E-3
1.903333E1,1.732931E-2,4.408967E-2,-1.332592E-6,-8.483908E-5,1.367886E-2,-4.266187E-3
1.906667E1,1.733323E-2,4.409392E-2,7.140006E-4,-2.423145E-4,5.538836E-3,-2.619537E-3
1.910000E1,1.737691E-2,4.407352E-2,6.200108E-4,-4.226086E-4,-8.367516E-3,3.229898E-4
1.913333E1,1.737456E-2,4.406575E-2,-1.193441E-4,-1.286572E-4,-1.590290E-2,9.008481E-3
1.916667E1,1.736896E-2,4.406494E-2,-3.320962E-4,1.550456E-4,-1.041305E-3,3.767490E-3
1.920000E1,1.735242E-2,4.407609E-2,-2.620250E-4,1.808049E-4,1.037376E-3,-6.062254E-5
1.923333E1,1.735149E-2,4.407699E-2,-1.546088E-4,7.469704E-5,-5.175721E-3,7.797472E-3
1.926667E1,1.734212E-2,4.408107E-2,-6.272077E-4,6.594158E-4,-4.193651E-3,3.166331E-3
1.930000E1,1.730967E-2,4.412095E-2,-5.722723E-4,5.280007E-4,1.263298E-2,-1.126705E-2
1.933333E1,1.730397E-2,4.411627E-2,3.102175E-4,-3.321372E-4,1.614502E-2,-1.464826E-2
1.936667E1,1.733036E-2,4.409881E-2,6.102637E-4,-4.222416E-4,-1.744733E-3,5.206592E-4
1.940000E1,1.734465E-2,4.408812E-2,1.177212E-4,-2.510572E-4,-1.215470E-2,8.293875E-3
1.943333E1,1.733820E-2,4.408207E-2,-2.543115E-4,9.645177E-5,-8.808426E-3,3.546247E-3
1.946667E1,1.732770E-2,4.409455E-2,-4.265690E-4,9.467767E-5,4.174836E-3,-1.053649E-4
1.950000E1,1.730977E-2,4.408839E-2,-6.644275E-5,-4.945208E-5,4.389476E-3,-2.718064E-3
1.953333E1,1.732327E-2,4.409125E-2,6.521030E-5,3.816598E-6,1.136472E-3,5.053439E-4
1.956667E1,1.731411E-2,4.408864E-2,-1.700486E-4,-6.103203E-5,-5.842972E-3,2.097334E-3
1.960000E1,1.731193E-2,4.408718E-2,-2.233592E-4,1.347951E-4,-2.712273E-3,7.881222E-3
1.963333E1,1.729922E-2,4.409763E-2,-4.071904E-4,4.879854E-4,-2.625671E-3,4.518244E-3
1.966667E1,1.728478E-2,4.411971E-2,-3.895130E-4,4.856750E-4,7.985441E-3,-9.980353E-3
1.970000E1,1.727325E-2,4.413000E-2,8.045542E-5,-1.826727E-4,8.659672E-3,-1.010506E-2
1.973333E1,1.729015E-2,4.410754E-2,3.287904E-4,-3.494897E-4,2.697086E-3,-4.540056E-4
1.976667E1,1.729517E-2,4.410671E-2,1.487971E-4,-4.686185E-5,-2.285276E-3,5.051390E-3
1.980000E1,1.730007E-2,4.410441E-2,1.944743E-4,-6.580584E-5,-1.737508E-3,1.570541E-3
1.983333E1,1.730814E-2,4.410232E-2,7.128939E-5,4.626166E-5,-2.032351E-3,-3.293954E-4
1.986667E1,1.730482E-2,4.410750E-2,-9.518823E-6,-3.049542E-5,1.058099E-3,-2.144640E-3
1.990000E1,1.730750E-2,4.410029E-2,1.780471E-4,-1.717460E-4,5.280250E-3,-1.780056E-3
1.993333E1,1.731669E-2,4.409605E-2,3.472435E-4,-1.120536E-4,-3.059041E-3,2.028127E-3
1.996667E1,1.733065E-2,4.409281E-2,3.545355E-5,-4.587078E-5,-4.086084E-3,2.689940E-3
2.000000E1,1.731905E-2,4.409299E-2,-8.285684E-5,7.038312E-5,-1.143185E-3,1.629161E-3
2.003333E1,1.732513E-2,4.409751E-2,1.013580E-4,8.176693E-5,1.668658E-3,-2.096002E-3
2.006667E1,1.732581E-2,4.409844E-2,-2.600129E-5,-7.879511E-5,-1.976153E-3,-2.469577E-3
2.010000E1,1.732340E-2,4.409225E-2,-3.711438E-5,-1.156613E-4,6.505772E-5,3.102891E-3
2.013333E1,1.732334E-2,4.409073E-2,-4.565997E-6,1.371433E-4,3.658982E-4,2.361267E-3
2.016667E1,1.732309E-2,4.410140E-2,-1.713639E-5,1.135451E-4,1.263580E-3,-2.310319E-3
2.020000E1,1.732219E-2,4.409830E-2,6.422369E-5,-1.008902E-4,-4.747497E-3,-4.556861E-3
2.023333E1,1.732737E-2,4.409467E-2,-2.484745E-4,-1.562245E-4,9.644422E-4,1.422115E-3
2.026667E1,1.730563E-2,4.408788E-2,-8.146546E-5,-4.164795E-5,8.330909E-3,2.373187E-3
2.030000E1,1.732194E-2,4.409189E-2,5.229480E-4,6.321410E-5,1.253847E-3,1.244095E-3
2.033333E1,1.734049E-2,4.409210E-2,8.429489E-6,2.352603E-6,-9.519808E-3,7.054228E-4
2.036667E1,1.732250E-2,4.409205E-2,-3.063873E-4,1.025047E-4,-4.096311E-3,-1.450073E-4
2.040000E1,1.732007E-2,4.409893E-2,-1.139172E-4,4.582897E-5,6.039586E-3,-2.900281E-3
2.043333E1,1.731491E-2,4.409511E-2,2.555219E-5,-1.469513E-4,2.778959E-4,1.089875E-3
2.046667E1,1.732177E-2,4.408913E-2,-7.602215E-6,9.328784E-5,1.353860E-3,3.054493E-3
2.050000E1,1.731440E-2,4.410133E-2,-2.154261E-6,1.674642E-4,1.807686E-3,-9.905517E-5
2.053333E1,1.732163E-2,4.410030E-2,2.072517E-4,-1.163896E-5,9.541747E-4,-5.561240E-3
2.056667E1,1.732822E-2,4.410055E-2,4.880333E-5,-1.473445E-4,-3.207284E-3,-1.216132E-5
2.060000E1,1.732488E-2,4.409047E-2,-5.436144E-5,-8.979814E-5,-1.724438E-3,1.191347E-3
2.063333E1,1.732460E-2,4.409456E-2,-2.884968E-5,2.837370E-5,4.956029E-3,2.095890E-3
2.066667E1,1.732296E-2,4.409237E-2,2.245569E-4,-1.467490E-5,-3.442240E-3,7.711904E-4
2.070000E1,1.733957E-2,4.409358E-2,-9.276039E-5,9.897253E-5,-6.233638E-3,7.032342E-4
2.073333E1,1.731677E-2,4.409896E-2,-4.346173E-4,5.755809E-5,-1.342931E-3,1.926520E-3
2.076667E1,1.731059E-2,4.409742E-2,-4.648116E-5,1.594347E-4,8.216431E-3,-3.044999E-3
2.080000E1,1.731367E-2,4.410959E-2,1.141257E-4,-1.721034E-5,-2.201456E-3,3.533243E-3
2.083333E1,1.731820E-2,4.409627E-2,-1.640472E-4,1.743615E-4,-4.608679E-3,-5.673957E-4
2.086667E1,1.730274E-2,4.412122E-2,-3.046526E-4,2.366565E-4,-7.397478E-4,-4.232803E-3
2.090000E1,1.729789E-2,4.411205E-2,-1.275632E-4,-3.283694E-4,6.935602E-3,-6.278169E-3
2.093333E1,1.729423E-2,4.409933E-2,1.088329E-4,-1.562655E-4,2.635300E-3,5.462172E-3
2.096667E1,1.730515E-2,4.410163E-2,1.354519E-4,1.030048E-4,7.415617E-4,2.658950E-3
2.100000E1,1.730326E-2,4.410619E-2,5.611090E-5,1.572759E-5,,
2.103333E1,1.730889E-2,4.410268E-2,,,,
