	mass A						
t	x	y	vx	vy	ax	ay	
0.000	227.2	37.54				
0.033	227.1	37.56	-0.335	0.471		
0.067	227.1	37.57	2.351E-2	0.150	6.779	-8.349
0.100	227.1	37.57	9.727E-2	-3.106E-2	0.134	-5.778
0.133	227.1	37.57	3.093E-2	-0.263	1.340	-4.342
0.167	227.1	37.55	0.143	-0.325	0.918	1.507
0.200	227.1	37.54	0.173	-0.166	-1.023	3.437
0.233	227.1	37.54	9.603E-3	-5.404E-2	-3.065	3.280
0.267	227.1	37.54	-1.399E-2	1.137E-2	-0.132	1.894
0.300	227.1	37.54	-1.548E-3	0.104	2.628	-0.233
0.333	227.1	37.55	0.149	-3.203E-3	0.574	-0.626
0.367	227.2	37.54	9.751E-2	1.468E-2	0.637	1.400
0.400	227.2	37.55	9.482E-2	0.140	-2.388	2.584
0.433	227.2	37.55	4.815E-2	0.167	-1.617	7.920E-2
0.467	227.2	37.56	-0.113	0.157	-1.177	-2.676
0.500	227.2	37.56	1.232E-2	-6.631E-3	4.338	-0.967
0.533	227.2	37.56	0.170	3.577E-2	1.354	-1.801
0.567	227.2	37.57	0.140	-2.606E-2	-3.313	-3.553
0.600	227.2	37.56	-8.717E-2	-0.288	-1.988	-0.571
0.633	227.2	37.55	-2.548E-2	-7.384E-2	1.330	7.651
0.667	227.2	37.55	7.118E-2	0.280	0.285	1.787
0.700	227.2	37.57	-4.128E-2	8.569E-2	-2.113	-6.283
0.733	227.2	37.56	-7.589E-2	-0.239	1.294	-5.114
0.767	227.2	37.55	4.066E-2	-0.223	0.981	2.624
0.800	227.2	37.54	3.314E-2	-6.773E-2	-3.130	4.483
0.833	227.2	37.55	-0.197	9.809E-2	-0.450	1.559
0.867	227.2	37.55	-5.286E-2	4.689E-2	2.645	-1.864
0.900	227.2	37.55	8.887E-2	-5.993E-2	3.120	-0.908
0.933	227.2	37.55	6.794E-2	-1.020E-2	-2.202	3.507
0.967	227.2	37.55	1.114E-2	0.174	-0.279	0.132
1.000	227.2	37.56	-2.746E-2	6.045E-2	0.640	-1.252
1.033	227.2	37.55	0.108	-1.890E-2	2.523	0.724
1.067	227.2	37.56	0.128	0.183	-1.585	-1.056
1.100	227.2	37.56	1.757E-2	-5.963E-2	-1.716	-3.797
1.133	227.2	37.55	-2.912E-2	-0.181	0.720	1.637
1.167	227.2	37.55	9.299E-2	0.117	3.163	5.946
1.200	227.2	37.56	0.183	0.234	-0.901	1.080
1.233	227.2	37.57	5.782E-2	0.171	-5.663	-3.181
1.267	227.2	37.57	-0.227	2.610E-2	-1.877	-2.370
1.300	227.2	37.57	-0.114	-1.783E-2	4.112	0.127
1.333	227.2	37.57	0.132	6.175E-2	5.713	-1.099
1.367	227.2	37.57	0.223	-7.039E-2	-1.071	-0.241
1.400	227.2	37.57	0.111	-2.992E-2	-5.004	-0.772
1.433	227.2	37.57	-0.167	-1.760E-2	-1.632	-1.106
1.467	227.2	37.56	-2.548E-2	-0.186	0.799	-1.439
1.500	227.2	37.56	-8.386E-3	-9.416E-2	0.777	0.947
1.533	227.2	37.56	-8.340E-2	-9.231E-2	2.813	-0.401
1.567	227.2	37.55	0.221	-0.155	1.768	1.897E-2
1.600	227.2	37.55	0.106	-8.501E-2	-5.065	1.062
1.633	227.2	37.55	-0.218	-6.435E-2	-3.230	-0.239
1.667	227.2	37.54	-0.100	-0.118	2.245	2.565
1.700	227.2	37.54	-1.009E-2	7.729E-2	0.540	3.849
1.733	227.2	37.55	-0.101	0.212	-1.424	-1.249
1.767	227.2	37.55	-0.106	-3.343E-2	-0.695	-5.236
1.800	227.2	37.55	-0.131	-0.178	0.555	-0.803
1.833	227.2	37.54	-9.666E-2	-6.752E-2	-0.198	6.001
1.867	227.2	37.54	-0.103	0.214	2.394	2.235
1.900	227.2	37.56	1.903E-4	0.161	4.001	0.842
1.933	227.2	37.55	0.225	0.139	4.963	2.870
1.967	227.2	37.57	0.308	0.442	-1.005	5.080
2.000	227.2	37.58	0.190	0.473	-0.308	-1.353
2.033	227.2	37.60	0.207	0.341	-3.587	-4.179
2.067	227.2	37.61	7.169E-2	0.186	-4.392	0.902
2.100	227.2	37.61	-0.208	0.359	1.584	-0.190
2.133	227.2	37.63	0.183	0.296	6.016	-1.062
2.167	227.2	37.63	0.319	0.145	2.012	-4.295
2.200	227.2	37.64	0.192	0.122	-5.009	1.644
2.233	227.2	37.64	7.206E-2	0.152	-1.095	-2.933
2.267	227.2	37.65	2.340E-2	5.469E-2	-1.920	-3.498
2.300	227.2	37.64	4.089E-2	-0.204	-0.933	-2.045
2.333	227.2	37.64	-0.103	-4.166E-2	-1.793	4.674
2.367	227.2	37.64	-6.361E-2	0.127	1.934	2.766
2.400	227.2	37.64	2.934E-2	0.146	-2.305	-0.893
2.433	227.2	37.65	-0.171	5.820E-2	-13.31	-3.518
2.467	227.2	37.65	-0.874	-8.681E-2	-22.90	-2.230
2.500	227.1	37.64	-1.731	-0.117	-19.39	4.726
2.533	227.1	37.64	-2.210	0.219	-29.21	-3.387
2.567	227.0	37.66	-3.470	-0.177	-32.62	-2.143
2.600	226.8	37.63	-4.708	-0.242	-29.14	4.706
2.633	226.7	37.64	-5.193	0.401	-8.641	2.009
2.667	226.5	37.65	-5.431	-0.107	-1.292	-4.953
2.700	226.3	37.63	-5.168	-0.160	-8.625	-7.863
2.733	226.2	37.64	-5.903	-0.320	-25.61	7.271
2.767	225.9	37.61	-7.061	-6.103E-2	-2.445	-3.160
2.800	225.7	37.64	-6.226	-4.947E-2	-57.44	2.039
2.833	225.5	37.61	-9.814	-0.391	-44.38	2.648
2.867	225.0	37.61	-11.21	0.383	-3.157	8.124
2.900	224.8	37.63	-8.302	0.192	1.671	-7.570
2.933	224.5	37.63	-11.35	-0.263	7.902	2.130
2.967	224.0	37.62	-9.123	0.293	62.88	-1.907
3.000	223.9	37.65	-5.288	-7.339E-2	8.528	-12.92
3.033	223.7	37.61	-9.104	-0.945	-147.7	-2.529
3.067	223.3	37.58	-15.33	-0.172	-100.8	14.45
3.100	222.6	37.60	-16.67	0.236	-11.12	4.857
3.133	222.2	37.60	-14.96	-2.229E-2	31.85	-5.116
3.167	221.6	37.60	-14.97	-5.819E-2	37.95	-4.391
3.200	221.2	37.60	-12.59	-0.301	-8.741	-3.770
3.233	220.8	37.58	-14.45	-0.377	-55.07	-3.665
3.267	220.2	37.57	-17.77	-0.454	37.21	-2.695
3.300	219.6	37.55	-11.98	-0.633	-11.67	-6.951
3.333	219.4	37.53	-15.86	-0.850	-21.09	1.843
3.367	218.6	37.49	-17.74	-0.643	46.70	13.19
3.400	218.2	37.49	-9.542	0.140	110.2	12.39
3.433	217.9	37.50	-10.80	0.250	-95.07	-9.453
3.467	217.5	37.50	-16.22	-0.527	-143.9	-5.135
3.500	216.8	37.47	-20.77	-0.322	-17.18	7.436
3.533	216.1	37.48	-17.92	0.282	-28.37	-3.396
3.567	215.6	37.48	-20.30	-0.593	79.80	-18.19
3.600	214.8	37.44	-16.58	-1.143	74.83	-3.880
3.633	214.5	37.41	-10.77	-0.730	81.58	12.74
3.667	214.0	37.39	-14.09	-0.283	-237.7	14.28
3.700	213.6	37.39	-24.02	0.209	-228.0	5.237
3.733	212.4	37.41	-32.96	0.162	1.185	-20.07
3.767	211.4	37.40	-22.85	-1.124	197.9	-5.682
3.800	210.9	37.33	-17.47	-0.650	-32.74	18.55
3.833	210.2	37.36	-26.02	0.675	-206.6	1.752
3.867	209.2	37.38	-32.54	-0.602	-57.68	-17.54
3.900	208.1	37.32	-29.63	-0.932	-98.35	1.286
3.933	207.2	37.31	-36.57	-0.108	-96.97	3.409
3.967	205.6	37.31	-40.46	-0.740	29.93	-8.383
4.000	204.5	37.26	-31.60	-0.906	-15.41	6.938
4.033	203.5	37.25	-40.16	-0.110	-235.4	7.642
4.067	201.8	37.26	-50.81	-0.288	-250.6	-12.64
4.100	200.1	37.23	-54.62	-1.109	110.3	-11.58
4.133	198.2	37.18	-46.43	-1.112	341.6	0.170
4.167	197.0	37.16	-28.54	-0.952	149.4	3.110
4.200	196.3	37.12	-34.93	-0.998	-193.7	4.318
4.233	194.7	37.09	-45.82	-0.656	-150.0	8.842
4.267	193.2	37.08	-43.14	-0.355	138.9	-6.369
4.300	191.8	37.07	-36.92	-1.004	8.669	-4.600
4.333	190.8	37.01	-40.32	-0.971	-266.2	-3.838
4.367	189.2	37.00	-56.46	-0.863	-341.2	-4.330
4.400	187.0	36.95	-64.28	-1.534	-44.69	5.551
4.433	184.9	36.90	-58.92	-0.565	182.8	6.158
4.467	183.1	36.91	-51.08	-0.665	99.49	0.480
4.500	181.5	36.85	-51.73	-1.097	-95.38	-11.40
4.533	179.6	36.84	-58.35	-0.986	-108.5	4.330
4.567	177.6	36.79	-59.66	-1.133	78.15	7.793
4.600	175.6	36.77	-52.85	-0.316	164.9	0.825
4.633	174.0	36.77	-47.58	-0.892	89.87	-4.221
4.667	172.5	36.71	-47.43	-1.043	69.45	0.862
4.700	170.9	36.70	-43.63	-0.436	98.63	4.754
4.733	169.6	36.68	-39.68	-0.868	84.52	-12.16
4.767	168.2	36.64	-38.73	-1.259	44.43	3.032
4.800	167.0	36.59	-36.58	-0.773	57.06	-1.715
4.833	165.8	36.59	-34.83	-1.034	41.55	2.697
4.867	164.7	36.52	-33.85	-1.071	15.92	-5.472
4.900	163.5	36.52	-33.72	-0.916	-13.24	10.42
4.933	162.4	36.46	-34.74	-0.823	17.82	-7.137
4.967	161.2	36.46	-33.08	-0.926	116.3	8.523
5.000	160.2	36.40	-26.73	-0.784	35.93	0.107
5.033	159.4	36.41	-29.03	-0.391	-85.77	5.829
5.067	158.3	36.38	-34.83	-0.776	-39.24	-1.205
5.100	157.1	36.36	-31.12	-0.321	110.1	5.568
5.133	156.2	36.35	-26.75	-0.364	93.41	-7.786
5.167	155.3	36.33	-25.14	-0.884	3.076	-6.804
5.200	154.5	36.29	-26.30	-0.912	-53.33	-0.607
5.233	153.6	36.27	-29.11	-0.782	-42.22	9.386
5.267	152.6	36.24	-29.31	-0.437	27.68	7.686
5.300	151.6	36.24	-27.04	-8.866E-2	140.9	9.408
5.333	150.8	36.24	-20.41	4.067E-2	110.2	-14.76
5.367	150.3	36.25	-17.98	-0.814	-84.22	-0.633
5.400	149.6	36.18	-26.74	-0.559	-145.7	3.168
5.433	148.5	36.21	-29.44	6.106E-2	24.29	-5.610
5.467	147.6	36.19	-23.72	-1.267	121.1	1.087
5.500	146.9	36.13	-21.12	-0.159	53.82	-2.022
5.533	146.2	36.18	-20.54	-0.547	-0.255	11.10
5.567	145.5	36.09	-20.89	-0.543	-9.132	-9.672
5.600	144.8	36.14	-21.50	-7.785E-2	-37.75	0.151
5.633	144.1	36.08	-22.97	-1.335	-18.79	1.147
5.667	143.3	36.05	-23.45	0.161	50.24	28.28
5.700	142.5	36.09	-19.42	0.890	110.8	-20.51
5.733	142.0	36.11	-15.59	-1.247	62.76	-20.39
5.767	141.5	36.01	-15.24	-1.156	77.81	17.17
5.800	141.0	36.03	-11.39	0.657	79.99	23.40
5.833	140.7	36.06	-8.307	0.213	-46.61	-4.956
5.867	140.4	36.05	-14.84	0.142	-146.5	-22.07
5.900	139.8	36.06	-19.39	-0.884	-4.250	4.786
5.933	139.1	35.99	-14.82	-0.282	158.9	3.405
5.967	138.8	36.05	-8.102	0.319	126.3	22.65
6.000	138.6	36.01	-6.112	0.335	54.64	-12.46
6.033	138.4	36.07	-5.259	0.304	23.30	6.705
6.067	138.2	36.03	-3.982	-8.158E-4	36.27	-5.403
6.100	138.1	36.07	-3.275	0.564	38.28	1.248
6.133	138.0	36.07	-1.263	-0.221	46.16	-12.55
6.167	138.0	36.05	-6.167E-2	-0.268	21.41	7.468
6.200	138.0	36.05	6.594E-2	0.291	-1.344	11.73
6.233	138.0	36.07	-0.156	0.620	-0.595	-0.405
6.267	138.0	36.09	-6.356E-2	0.228	8.082	-22.17
6.300	138.0	36.09	0.456	-0.830	10.28	-30.69
6.333	138.0	36.04	0.655	-1.934	-2.339	3.908
6.367	138.1	35.96	0.301	-0.782	-8.634	34.57
6.400	138.1	35.98	-6.630E-3	0.838	-5.471	23.26
6.433	138.1	36.01	-1.420E-2	0.629	-1.243	-4.778
6.467	138.1	36.03	-8.728E-2	0.401	-1.343	-1.148
6.500	138.0	36.04	-0.121	0.607	1.162	3.665
6.533	138.0	36.07	-7.952E-3	0.673	8.743E-2	-1.905
6.567	138.0	36.09	-7.090E-2	0.470	-4.167	-3.709
6.600	138.0	36.10	-0.327	0.381	-0.682	-1.872
6.633	138.0	36.11	-0.163	0.392	4.742	-0.535
6.667	138.0	36.12	8.350E-2	0.324	6.859	0.988
6.700	138.0	36.13	0.226	0.441	0.303	1.668
6.733	138.0	36.15	0.184	0.489	0.349	-3.073
6.767	138.0	36.17	0.143	0.218	-2.146	-7.249
6.800	138.1	36.17	0.142	-2.570E-2	-1.112	-3.176
6.833	138.1	36.16	-5.805E-3	2.570E-3	-3.573	-0.327
6.867	138.1	36.17	-5.662E-2	-1.040E-4	-2.491	-2.474
6.900	138.1	36.16	-0.186	-0.188	0.594	-4.219
6.933	138.0	36.15	-5.162E-2	-0.294	3.043	0.591
6.967	138.0	36.14	8.816E-2	-0.159	1.766	6.585
7.000	138.0	36.14	2.432E-2	0.163	-1.887	14.52
7.033	138.0	36.16	-2.675E-2	0.776	-3.216	15.75
7.067	138.0	36.20	-0.184	1.300	2.294	-9.028
7.100	138.0	36.24	4.914E-2	0.293	3.140	-26.73
7.133	138.1	36.22	0.174	-0.806	0.956	-18.98
7.167	138.0	36.19	-7.336E-3	-0.816	-1.970	3.321
7.200	138.0	36.16	8.046E-2	-0.615	3.975	5.551
7.233	138.1	36.15	0.247	-0.389	2.503E-2	6.816
7.267	138.1	36.14	0.143	-0.208	2.763	1.480
7.300	138.1	36.13	0.295	-0.221	3.325	1.762
7.333	138.1	36.12	0.526	-0.193	4.692	-4.013
7.367	138.1	36.12	0.495	-0.354	-6.712	-0.309
7.400	138.1	36.10	0.193	-0.393	-8.512	0.820
7.433	138.1	36.09	-0.211	-0.143	-7.890	9.837
7.467	138.1	36.09	-0.260	0.143	-1.361	5.657
7.500	138.1	36.10	-0.323	0.367	0.108	-0.288
7.533	138.1	36.11	-0.253	5.771E-2	1.626	-5.013
7.567	138.1	36.11	-0.194	-1.134E-2	2.656	-0.650
7.600	138.1	36.11	-0.102	7.151E-2	1.675	3.753
7.633	138.1	36.11	-4.575E-2	0.197	-0.213	3.809
7.667	138.1	36.12	-0.137	0.367	0.137	-2.019
7.700	138.1	36.14	-6.125E-2	9.113E-2	-0.171	-5.763
7.733	138.1	36.13	-8.549E-2	-0.119	1.022	-4.097
7.767	138.1	36.13	-7.504E-2	-0.103	2.526	-0.163
7.800	138.1	36.12	0.141	-0.165	1.459	-0.528
7.833	138.1	36.12	3.923E-2	-0.128	-5.213	2.251
7.867	138.1	36.11	-0.243	-2.129E-2	-2.267	3.171
7.900	138.0	36.12	-0.155	9.776E-2	3.374	2.698
7.933	138.1	36.12	5.941E-2	0.155	1.018	-0.874
7.967	138.1	36.13	-9.408E-2	5.665E-2	-0.309	-2.124
8.000	138.0	36.13	-3.641E-2	-2.813E-2	2.519	-1.676
8.033	138.0	36.13	0.159	-2.465E-2	1.132	-0.292
8.067	138.1	36.12	2.092E-2	-5.989E-2	-0.606	-0.395
8.100	138.1	36.12	6.355E-2	-5.057E-2	0.295	0.592
8.133	138.1	36.12	0.120	-1.783E-2	-1.285	0.682
8.167	138.1	36.12	-6.509E-2	-1.957E-3	-1.688	-0.812
8.200	138.1	36.12	-1.734E-2	-6.608E-2	-3.877E-2	-1.819
8.233	138.1	36.12	-4.587E-3	-0.139	0.266	-0.956
8.267	138.1	36.11	-5.822E-2	-0.127	-0.633	2.380
8.300	138.1	36.11	-1.195E-2	1.104E-2	3.749	0.177
8.333	138.1	36.11	0.154	-5.916E-2	1.791	-1.836
8.367	138.1	36.10	0.182	-0.189	0.137	-1.739
8.400	138.1	36.10	8.655E-2	-0.133	-3.510	4.495
8.433	138.1	36.09	4.970E-3	7.348E-2	-2.926	5.613
8.467	138.1	36.10	-0.153	0.298	-1.057	2.966
8.500	138.1	36.11	-6.695E-2	0.256	1.670	-2.107
8.533	138.1	36.12	-2.128E-3	0.145	1.112	-5.060
8.567	138.1	36.12	-2.283E-2	-6.482E-2	-0.696	-2.483
8.600	138.1	36.12	-3.234E-2	-7.961E-2	1.053	-0.795
8.633	138.1	36.12	2.348E-2	-3.925E-2	-2.968E-2	2.377
8.667	138.1	36.11	8.973E-3	7.263E-3	-1.006	0.492
8.700	138.1	36.12	-8.550E-2	6.445E-2	0.258	-0.111
8.733	138.1	36.12	2.706E-2	-4.566E-2	3.353	-2.568
8.767	138.1	36.12	0.163	-9.394E-2	-1.535	1.299
8.800	138.1	36.11	-4.758E-2	1.457E-2	-4.011	1.595
8.833	138.1	36.12	-0.191	6.889E-2	-0.691	1.286
8.867	138.1	36.12	-3.930E-2	4.693E-2	2.034	-0.607
8.900	138.1	36.12	-4.513E-2	6.512E-2	1.802	-0.136
8.933	138.1	36.12	3.563E-2	1.647E-2	1.713	-1.104
8.967	138.1	36.12	0.125	-1.029E-3	0.649	-1.666
9.000	138.1	36.12	4.782E-2	-8.767E-2	-1.067	-0.908
9.033	138.1	36.12	5.003E-2	-9.034E-2	-0.416	2.060
9.067	138.1	36.11	3.773E-2	6.752E-2	-0.748	3.304
9.100	138.1	36.12	-1.393E-2	0.146	-1.322	1.812
9.133	138.1	36.12	-4.484E-2	0.169	-0.896	-0.864
9.167	138.1	36.13	-7.615E-2	0.112	2.064	-3.559
9.200	138.1	36.13	6.986E-2	-8.317E-2	4.071	-3.846
9.233	138.1	36.13	0.240	-0.166	9.490E-2	-0.229
9.267	138.1	36.12	8.178E-2	-8.473E-2	-3.918	1.309
9.300	138.1	36.12	-7.402E-2	-6.074E-2	-1.621	0.614
9.333	138.1	36.12	-5.172E-3	-6.573E-2	-1.477	3.497
9.367	138.1	36.12	-0.133	0.158	-1.540	1.280
9.400	138.1	36.13	-0.186	0.106	2.460	-1.401
9.433	138.1	36.12	7.478E-2	-4.714E-2	2.238	-1.764
9.467	138.1	36.12	1.031E-2	4.969E-2	-1.200	0.247
9.500	138.1	36.13	-9.313E-2	-3.059E-2	0.186	-0.495
9.533	138.1	36.12	6.737E-2	-2.145E-2	2.451	0.656
9.567	138.1	36.12	8.389E-2	5.455E-2	0.556	0.357
9.600	138.1	36.13	7.405E-2	-9.506E-3	-3.226	0.355
9.633	138.1	36.12	-8.342E-2	5.207E-2	-1.101	-7.044E-2
9.667	138.1	36.13	-8.973E-2	4.034E-2	-0.901	0.214
9.700	138.1	36.13	-3.957E-2	4.720E-3	0.646	-5.001E-2
9.733	138.1	36.13	-0.123	7.944E-2	0.451	-1.820
9.767	138.1	36.13	1.617E-2	-0.106	3.408	-3.672
9.800	138.1	36.12	0.116	-0.223	1.123	0.425
9.833	138.1	36.12	9.112E-2	-5.160E-2	-2.602	4.770
9.867	138.1	36.12	-5.777E-2	0.111	-9.733E-2	1.333
9.900	138.1	36.12	3.273E-2	5.167E-2	0.650	-1.388
9.933	138.1	36.12	7.812E-2	-2.499E-2	-0.747	-0.662
9.967	138.1	36.12	-8.610E-2	3.008E-2	-2.984	0.662
10.000	138.1	36.12	-0.103	2.416E-2	0.725	0.943
10.033	138.1	36.12	-4.532E-2	7.156E-2	2.702	-0.609
10.067	138.1	36.13	8.505E-2	2.583E-2	0.248	-1.763
10.100	138.1	36.13	4.104E-3	-9.135E-2	-2.176	-0.808
10.133	138.1	36.12	-0.117	-1.981E-2	-5.892E-2	1.503
10.167	138.1	36.12	1.538E-2	3.064E-2	3.297	-6.082E-2
10.200	138.1	36.13	0.127	-3.242E-2	-9.295E-2	0.369
10.233	138.1	36.12	1.395E-2	2.967E-2	-2.448	1.105
10.267	138.1	36.13	-7.650E-2	8.555E-2	-1.166	0.292
10.300	138.1	36.13	-3.893E-2	2.113E-2	3.051	-2.983
10.333	138.1	36.13	0.105	-9.507E-2	1.530	-1.198
10.367	138.1	36.12	0.119	-0.100	-3.241	0.483
10.400	138.1	36.12	-0.145	-1.803E-2	-2.434	2.453
10.433	138.1	36.12	-9.374E-2	3.506E-2	1.715	1.119
10.467	138.1	36.12	5.089E-2	8.156E-2	2.422	1.539
10.500	138.1	36.13	2.352E-2	0.114	-1.581	-0.299
10.533	138.1	36.13	-3.100E-2	9.132E-2	0.750	-2.199
10.567	138.1	36.13	2.968E-2	-5.291E-2	-0.847	-1.791
10.600	138.1	36.13	-1.245E-2	-4.691E-2	-0.335	0.503
10.633	138.1	36.13	-7.887E-2	1.315E-2	0.468	0.346
10.667	138.1	36.13	7.064E-2	-3.344E-2	1.573	-1.273
10.700	138.1	36.13	3.185E-2	-7.768E-2	-0.111	-0.541
10.733	138.1	36.12	2.584E-2	-7.051E-2	-0.210	1.384
10.767	138.1	36.12	5.494E-2	1.216E-2	1.841	0.471
10.800	138.1	36.12	0.112	-1.081E-2	-0.965	-0.759
10.833	138.1	36.12	4.820E-2	-7.581E-2	-1.482	0.323
10.867	138.1	36.12	-5.569E-2	1.927E-2	-1.683	2.135
10.900	138.1	36.12	-2.029E-2	8.505E-2	0.976	-1.913E-2
10.933	138.1	36.13	-1.074E-2	1.472E-2	2.061E-2	-2.201
10.967	138.1	36.12	-2.302E-3	-7.505E-2	-0.981	-1.466
11.000	138.1	36.12	-8.054E-2	-8.393E-2	-1.344	0.462
11.033	138.1	36.12	-0.107	-3.936E-2	1.378	3.287
11.067	138.1	36.12	1.303E-2	0.121	2.021	-8.710E-2
11.100	138.1	36.13	5.761E-2	2.236E-2	-1.226	-1.648
11.133	138.1	36.12	-8.314E-2	-9.109E-2	-1.589	-0.410
11.167	138.1	36.12	-8.082E-2	5.802E-2	2.297	2.732
11.200	138.1	36.12	9.776E-2	8.327E-2	2.062	-1.356
11.233	138.1	36.13	8.185E-2	-2.342E-2	-0.760	-1.649
11.267	138.1	36.12	3.109E-3	-6.394E-2	-0.506	-1.309
11.300	138.1	36.12	6.328E-2	-6.901E-2	0.715	1.008
11.333	138.1	36.12	6.390E-2	-3.840E-2	-1.862E-3	0.491
11.367	138.1	36.12	4.437E-2	8.213E-3	-0.973	1.362
11.400	138.1	36.12	1.617E-2	1.575E-2	-1.821	1.199
11.433	138.1	36.12	-8.501E-2	0.107	-1.097	0.258
11.467	138.1	36.12	-7.527E-2	4.749E-2	1.673	-1.444
11.500	138.1	36.12	4.492E-2	-2.358E-2	1.470	-1.438
11.533	138.1	36.12	3.825E-2	-2.540E-2	-1.249	1.031
11.567	138.1	36.12	-5.907E-2	2.469E-2	1.965E-2	-0.630
11.600	138.1	36.12	2.184E-2	-2.522E-2	0.730	-0.420
11.633	138.1	36.12	4.152E-2	-6.167E-2	-2.654	0.791
11.667	138.1	36.12	-0.181	6.457E-2	-4.747	2.340
11.700	138.1	36.12	-0.299	9.426E-2	2.687	-0.727
11.733	138.0	36.13	-1.994E-2	1.753E-2	5.742	-1.515
11.767	138.1	36.13	0.171	-2.787E-2	2.632	-1.014
11.800	138.1	36.13	9.433E-2	-3.058E-2	-2.459	0.282
11.833	138.1	36.12	2.863E-2	-2.385E-2	-0.778	0.828
11.867	138.1	36.12	1.527E-2	3.348E-2	0.904	0.508
11.900	138.1	36.13	0.108	1.865E-2	-0.299	0.641
11.933	138.1	36.12	1.737E-2	5.055E-2	-2.119	-0.807
11.967	138.1	36.13	-8.029E-2	7.840E-3	-0.203	-2.329
12.000	138.1	36.13	2.175E-2	-0.143	0.907	-1.516
12.033	138.1	36.12	7.413E-3	-9.835E-2	-1.560	3.708
12.067	138.1	36.12	-0.111	0.113	6.705E-2	2.133
12.100	138.1	36.13	-6.030E-3	9.190E-2	0.301	-1.899
12.133	138.1	36.12	-2.372E-2	-7.398E-2	1.755	-2.757
12.167	138.1	36.12	1.751E-2	-7.527E-2	-8.740E-2	1.433
12.200	138.1	36.12	7.061E-2	1.530E-2	0.153	1.335
12.233	138.1	36.12	-4.646E-2	4.219E-2	-0.716	-0.248
12.267	138.1	36.12	4.315E-2	-2.531E-2	1.528	-0.967
12.300	138.1	36.12	7.313E-2	-2.181E-2	0.184	1.066E-2
12.333	138.1	36.12	3.841E-2	-1.533E-2	-2.109	1.709
12.367	138.1	36.12	-5.181E-2	7.177E-2	2.004	-1.846
12.400	138.1	36.13	0.112	-7.333E-2	1.426	-1.632
12.433	138.1	36.12	0.157	-0.146	-1.319	0.997
12.467	138.1	36.12	-6.781E-2	7.091E-2	-5.689	5.300
12.500	138.1	36.12	-0.185	0.186	-0.289	-0.943
12.533	138.1	36.13	-0.134	5.110E-2	1.482	-2.360
12.567	138.1	36.12	-2.358E-2	-5.443E-2	1.530	-1.256
12.600	138.1	36.13	-6.397E-2	2.758E-2	1.260	2.677E-2
12.633	138.1	36.13	4.916E-2	-6.163E-2	2.607	-0.565
12.667	138.1	36.12	0.145	-4.121E-2	0.522	0.853
12.700	138.1	36.12	7.038E-2	3.417E-2	-1.578	0.286
12.733	138.1	36.12	2.503E-2	-3.288E-2	-2.394E-2	-0.260
12.767	138.1	36.12	7.463E-2	-6.164E-3	-1.906	1.409
12.800	138.1	36.12	-6.698E-2	8.785E-2	-2.950	0.434
12.833	138.1	36.13	-0.187	2.764E-2	0.234	-1.564
12.867	138.1	36.12	-2.361E-2	-4.200E-2	3.379	-2.830
12.900	138.1	36.12	6.185E-2	-0.134	-0.968	1.052
12.933	138.1	36.12	-8.948E-2	-3.025E-2	0.995	0.187
12.967	138.1	36.12	5.364E-2	-2.142E-2	0.524	1.330
13.000	138.1	36.11	7.890E-2	-4.956E-2	-0.843	1.635
13.033	138.1	36.12	-0.121	0.157	-2.215	2.161
13.067	138.1	36.12	-2.492E-2	9.687E-2	2.480	-0.608
13.100	138.1	36.12	4.650E-2	7.105E-2	-1.160	3.190E-2
13.133	138.1	36.13	-7.937E-2	0.136	-1.046	-0.837
13.167	138.0	36.13	-9.067E-2	1.734E-2	0.838	-2.002
13.200	138.1	36.13	4.000E-2	-3.516E-2	4.288	-4.254
13.233	138.1	36.13	0.154	-0.203	-0.292	-0.307
13.267	138.1	36.12	8.527E-2	-0.165	-0.435	2.303
13.300	138.1	36.12	3.207E-2	6.255E-2	-0.904	3.291
13.333	138.1	36.12	0.103	1.005E-2	-0.151	1.529
13.367	138.1	36.12	-1.159E-2	0.142	-2.750	0.591
13.400	138.1	36.13	-7.996E-2	0.120	-3.368	-0.504
13.433	138.1	36.13	-0.220	2.632E-2	5.049E-2	-2.610
13.467	138.0	36.13	-0.135	7.587E-3	4.196	0.725
13.500	138.1	36.13	0.125	1.941E-2	3.248	1.627
13.533	138.1	36.13	8.406E-2	0.158	-1.623	0.933
13.567	138.1	36.14	-1.971E-2	8.780E-2	-3.226	-1.318
13.600	138.1	36.14	-0.106	3.187E-2	0.426	-3.642
13.633	138.0	36.14	-3.630E-2	-0.104	-0.707	-1.392
13.667	138.1	36.13	-7.083E-2	-0.138	0.392	-0.732
13.700	138.0	36.13	-0.107	-7.487E-2	-0.455	1.942
13.733	138.0	36.13	-2.198E-2	-6.473E-2	3.298	-0.608
13.767	138.0	36.13	5.256E-2	-6.533E-2	7.380E-2	-0.102
13.800	138.0	36.12	5.258E-2	-0.116	-2.154	-2.001
13.833	138.0	36.12	-0.143	-0.162	-5.860	4.196
13.867	138.0	36.11	-0.317	8.572E-2	0.335	8.277
13.900	138.0	36.13	-0.183	0.488	-0.132	12.53
13.933	138.0	36.15	-0.199	0.851		
13.967	138.0	36.18				
