,mass A,,,,,,
t,x,y,vx,vy,ax,ay,
4.133333E0,2.688141E-1,4.505438E-2,,,,
4.166667E0,2.687770E-1,4.505509E-2,-4.206024E-4,-6.056644E-4,,
4.200000E0,2.687861E-1,4.501400E-2,1.222527E-4,-1.130412E-4,6.292788E-3,1.245299E-2
4.233333E0,2.687852E-1,4.504755E-2,-1.282687E-4,6.805445E-4,-7.200026E-3,8.127738E-3
4.266667E0,2.687775E-1,4.505937E-2,-3.482639E-4,1.980853E-4,2.529444E-5,-9.279041E-3
4.300000E0,2.687619E-1,4.506076E-2,-1.862757E-4,6.102907E-5,9.632331E-3,-4.013488E-4
4.333333E0,2.687651E-1,4.506344E-2,3.540986E-4,1.843832E-4,1.097324E-3,3.073315E-3
4.366667E0,2.687856E-1,4.507305E-2,7.445451E-6,2.922729E-4,-7.911835E-3,9.738083E-4
4.400000E0,2.687656E-1,4.508292E-2,-4.104623E-4,2.431664E-4,-5.064491E-3,9.430269E-4
4.433333E0,2.687582E-1,4.508926E-2,-1.938998E-4,3.207519E-4,3.300090E-4,-1.487219E-3
4.466667E0,2.687527E-1,4.510431E-2,-3.770139E-4,2.217357E-4,1.344818E-3,-1.061456E-2
4.500000E0,2.687331E-1,4.510404E-2,-2.212070E-4,-4.132625E-4,1.263241E-3,-1.201833E-2
4.533333E0,2.687379E-1,4.507676E-2,-1.196665E-4,-6.820009E-4,7.442199E-3,-9.416378E-3
4.566667E0,2.687251E-1,4.505858E-2,8.003322E-5,-8.942531E-4,1.288684E-2,7.080145E-3
4.600000E0,2.687433E-1,4.501714E-2,8.648039E-4,-4.434167E-4,4.033220E-3,1.580534E-2
4.633333E0,2.687827E-1,4.502902E-2,4.749518E-4,4.275676E-4,-1.304852E-2,1.406489E-2
4.666667E0,2.687749E-1,4.504564E-2,-2.509335E-4,4.126847E-4,-1.088591E-2,-4.906953E-3
4.700000E0,2.687660E-1,4.505653E-2,-1.684287E-4,9.823750E-5,1.448413E-2,-6.186407E-3
4.733333E0,2.687637E-1,4.505219E-2,6.435954E-4,-6.232146E-5,3.896647E-2,-6.206580E-3
4.766667E0,2.688089E-1,4.505237E-2,2.461006E-3,-2.299601E-4,2.413089E-2,6.351900E-3
4.800000E0,2.689278E-1,4.503686E-2,2.603545E-3,1.905338E-4,-8.313874E-3,5.759353E-3
4.833333E0,2.689825E-1,4.506507E-2,1.494985E-3,4.339214E-4,-2.620655E-2,2.494105E-3
4.866667E0,2.690274E-1,4.506579E-2,1.001595E-3,1.297979E-4,-1.125960E-2,-5.591283E-3
4.900000E0,2.690493E-1,4.507373E-2,6.647151E-4,1.619268E-4,-7.203094E-3,-2.994694E-3
4.933333E0,2.690717E-1,4.507659E-2,5.864342E-4,-8.299177E-5,-8.903427E-3,-3.155538E-3
4.966667E0,2.690883E-1,4.506820E-2,1.011880E-4,-1.065063E-4,-7.706729E-3,-1.837438E-3
5.000000E0,2.690785E-1,4.506949E-2,-6.158766E-5,-1.175728E-4,-2.528605E-3,-2.427117E-4
5.033333E0,2.690842E-1,4.506036E-2,7.076090E-5,-1.988006E-4,-5.903256E-3,-1.745233E-3
5.066667E0,2.690832E-1,4.505623E-2,-4.568448E-4,-1.818559E-4,-1.122883E-2,3.174700E-3
5.100000E0,2.690538E-1,4.504823E-2,-7.971563E-4,-4.265961E-5,-8.219287E-3,4.850491E-3
5.133333E0,2.690301E-1,4.505339E-2,-8.935566E-4,1.997374E-4,1.614266E-2,1.623581E-3
5.166667E0,2.689942E-1,4.506155E-2,5.355205E-5,7.459985E-5,1.930504E-2,-3.666602E-4
5.200000E0,2.690336E-1,4.505836E-2,7.970715E-4,9.322956E-5,4.697982E-3,-1.008808E-3
5.233333E0,2.690474E-1,4.506776E-2,1.348596E-4,1.101869E-4,-2.813619E-3,-1.761990E-3
5.266667E0,2.690426E-1,4.506571E-2,4.945791E-4,-9.550866E-5,-8.922737E-4,-5.684728E-3
5.300000E0,2.690803E-1,4.506140E-2,4.010347E-4,-2.383145E-4,-5.660287E-3,2.438095E-3
5.333333E0,2.690694E-1,4.504982E-2,-2.006009E-4,-7.797112E-6,-8.436615E-3,5.471732E-3
5.366667E0,2.690670E-1,4.506088E-2,-2.692243E-5,2.506392E-4,3.243620E-3,2.692257E-3
5.400000E0,2.690676E-1,4.506653E-2,1.127075E-5,1.087000E-4,3.265717E-3,-3.869910E-3
5.433333E0,2.690677E-1,4.506812E-2,1.600139E-4,-5.523970E-6,2.841979E-3,-4.215270E-3
5.466667E0,2.690782E-1,4.506616E-2,2.549882E-4,-1.638843E-4,2.081928E-4,4.242022E-4
5.500000E0,2.690847E-1,4.505720E-2,1.417102E-4,-3.326541E-5,-2.527141E-3,-1.050263E-3
5.533333E0,2.690877E-1,4.506394E-2,8.138089E-5,-1.073537E-4,-1.234164E-3,-1.452516E-3
5.566667E0,2.690901E-1,4.505004E-2,6.574344E-5,-2.728356E-4,-1.228727E-3,1.538559E-3
5.600000E0,2.690921E-1,4.504575E-2,5.860339E-6,5.449475E-5,1.503488E-3,4.754819E-3
5.633333E0,2.690905E-1,4.505367E-2,1.273502E-4,9.609484E-5,1.741731E-3,-8.827216E-4
5.666667E0,2.691006E-1,4.505216E-2,1.943030E-4,-6.776335E-5,8.706443E-3,-3.901412E-3
5.700000E0,2.691035E-1,4.504916E-2,5.818608E-4,-1.426506E-4,5.124852E-3,3.949430E-3
5.733333E0,2.691393E-1,4.504265E-2,7.403968E-4,1.363395E-4,-1.334222E-2,2.640396E-3
5.766667E0,2.691528E-1,4.505825E-2,-3.643115E-4,1.771481E-4,-1.691403E-2,4.086748E-3
5.800000E0,2.691151E-1,4.505446E-2,-6.307328E-4,2.293618E-4,-1.179074E-2,1.647016E-3
5.833333E0,2.691108E-1,4.507354E-2,-8.008372E-4,4.447022E-4,8.621372E-3,-1.521616E-3
5.866667E0,2.690617E-1,4.508411E-2,-4.641390E-4,7.679286E-5,7.615046E-3,-5.673040E-3
5.900000E0,2.690798E-1,4.507866E-2,1.480425E-4,-6.371796E-6,1.128305E-2,-7.724092E-4
5.933333E0,2.690715E-1,4.508368E-2,-4.538859E-6,1.103000E-4,-1.268500E-2,-7.404248E-4
5.966667E0,2.690795E-1,4.508601E-2,-4.696287E-4,-6.979168E-5,2.200439E-3,-4.509017E-3
6.000000E0,2.690402E-1,4.507903E-2,-2.310121E-4,-2.225434E-4,1.118377E-2,4.255855E-4
6.033333E0,2.690641E-1,4.507117E-2,6.568981E-4,-5.152432E-5,4.897032E-3,2.457212E-3
6.066667E0,2.690840E-1,4.507559E-2,2.446270E-5,1.286198E-5,-3.381057E-2,6.193460E-3
6.100000E0,2.690658E-1,4.507203E-2,-1.601417E-3,2.498860E-4,-3.101766E-2,-4.434447E-3
6.133333E0,2.689773E-1,4.509225E-2,-2.311809E-3,-6.742725E-5,-1.163603E-2,-1.409078E-3
6.166667E0,2.689116E-1,4.506754E-2,-2.108473E-3,-1.693537E-4,2.111025E-2,5.046197E-4
6.200000E0,2.688367E-1,4.508096E-2,-1.150421E-3,2.480891E-4,2.270707E-2,1.841678E-3
6.233333E0,2.688350E-1,4.508408E-2,-2.348242E-4,-1.392813E-4,1.600265E-2,-3.614158E-3
6.266667E0,2.688210E-1,4.507168E-2,-3.082049E-4,-7.906315E-5,-3.264893E-3,8.049301E-3
6.300000E0,2.688144E-1,4.507880E-2,-3.706949E-4,4.766967E-4,-1.550957E-3,3.589052E-3
6.333333E0,2.687963E-1,4.510346E-2,-4.845038E-4,2.617427E-4,5.703047E-3,-5.076032E-3
6.366667E0,2.687821E-1,4.509625E-2,-9.095215E-6,-5.832657E-5,1.152249E-2,-2.276009E-3
6.400000E0,2.687957E-1,4.509957E-2,3.964241E-4,2.078624E-4,1.236220E-2,1.167532E-3
6.433333E0,2.688085E-1,4.511011E-2,7.060102E-4,6.398705E-5,1.044473E-2,-5.235032E-3
6.466667E0,2.688428E-1,4.510383E-2,1.166516E-3,-2.236598E-4,-6.569008E-3,1.504001E-3
6.500000E0,2.688863E-1,4.509520E-2,3.922550E-4,1.340423E-4,-2.480227E-2,5.658032E-3
6.533333E0,2.688689E-1,4.511277E-2,-7.368506E-4,3.029213E-4,-1.519968E-2,-9.279296E-4
6.566667E0,2.688372E-1,4.511540E-2,-6.023788E-4,-3.217666E-5,-1.267276E-3,-3.230095E-3
6.600000E0,2.688288E-1,4.511063E-2,-6.355536E-4,5.903976E-5,8.527428E-3,3.542557E-3
6.633333E0,2.687948E-1,4.511933E-2,-2.967543E-4,2.755400E-4,6.591843E-3,-3.116039E-3
6.666667E0,2.688090E-1,4.512900E-2,1.101790E-4,-1.155465E-4,1.038823E-3,-4.801202E-3
6.700000E0,2.688022E-1,4.511163E-2,-3.938981E-4,-2.072560E-4,-7.285692E-4,3.905428E-3
6.733333E0,2.687827E-1,4.511518E-2,-2.661761E-5,2.691412E-4,5.923823E-4,7.806769E-3
6.766667E0,2.688004E-1,4.512957E-2,-8.140547E-5,3.294663E-4,3.976951E-4,3.585758E-3
6.800000E0,2.687773E-1,4.513714E-2,-3.087497E-4,4.271455E-4,-3.018175E-3,-4.321557E-3
6.833333E0,2.687798E-1,4.515805E-2,-6.580685E-5,1.773800E-4,6.213016E-3,-4.950117E-3
6.866667E0,2.687729E-1,4.514897E-2,-1.651117E-5,-8.649858E-5,-2.792288E-3,-5.599519E-3
6.900000E0,2.687787E-1,4.515228E-2,-1.338550E-4,-5.631061E-5,-2.469358E-3,5.172712E-3
6.933333E0,2.687640E-1,4.514521E-2,-3.140643E-4,1.373889E-4,2.268618E-3,2.172515E-4
6.966667E0,2.687578E-1,4.516144E-2,6.188359E-5,1.310662E-4,7.268325E-3,4.634043E-3
7.000000E0,2.687681E-1,4.515395E-2,2.344927E-4,2.298429E-4,-2.010008E-3,1.765101E-3
7.033333E0,2.687734E-1,4.517676E-2,-9.363363E-5,4.612839E-4,-5.829405E-3,-9.180542E-4
7.066667E0,2.687619E-1,4.518470E-2,-2.313523E-4,6.475673E-5,-9.728247E-3,-7.561491E-4
7.100000E0,2.687580E-1,4.518108E-2,-6.041776E-4,3.304447E-4,-9.416071E-3,2.804178E-3
7.133333E0,2.687216E-1,4.520673E-2,-1.023973E-3,4.479084E-4,-4.713567E-2,-9.519326E-3
7.166667E0,2.686897E-1,4.521094E-2,-3.320306E-3,-3.856920E-4,-1.449484E-1,-1.821724E-2
7.200000E0,2.685002E-1,4.518102E-2,-1.066092E-2,-8.707214E-4,-1.859563E-1,6.776304E-3
7.233333E0,2.679790E-1,4.515289E-2,-1.665644E-2,2.303520E-5,-2.718971E-2,1.230786E-2
7.266667E0,2.673898E-1,4.518256E-2,-1.275606E-2,2.806724E-4,9.868259E-2,8.437052E-5
7.300000E0,2.671286E-1,4.517160E-2,-8.440690E-3,-2.766601E-4,6.381494E-2,-2.500883E-4
7.333333E0,2.668271E-1,4.516411E-2,-9.335106E-3,2.920346E-4,-1.524441E-2,4.938053E-3
7.366667E0,2.665062E-1,4.519107E-2,-9.475571E-3,2.697897E-4,9.108250E-3,-4.673197E-3
7.400000E0,2.661954E-1,4.518210E-2,-8.728400E-3,-2.500877E-4,4.126948E-3,-8.084705E-3
7.433333E0,2.659243E-1,4.517440E-2,-8.936638E-3,-1.922377E-4,3.112406E-2,-3.868837E-3
7.466667E0,2.655996E-1,4.516928E-2,-7.315143E-3,-4.564253E-4,4.148676E-2,7.157330E-3
7.500000E0,2.654367E-1,4.514397E-2,-5.303516E-3,7.383482E-5,-1.789447E-3,1.108101E-2
7.533333E0,2.652461E-1,4.517420E-2,-7.626775E-3,6.065354E-4,-9.614345E-2,1.036257E-4
7.566667E0,2.649282E-1,4.518441E-2,-1.186627E-2,-7.033846E-5,-7.620385E-2,-1.127166E-2
7.600000E0,2.644550E-1,4.516952E-2,-1.323736E-2,-2.391971E-4,3.540240E-3,2.586647E-3
7.633333E0,2.640457E-1,4.516846E-2,-1.117994E-2,1.843388E-4,7.041115E-2,4.259045E-3
7.666667E0,2.637096E-1,4.518180E-2,-8.581148E-3,1.172256E-4,8.217465E-2,6.251464E-3
7.700000E0,2.634736E-1,4.517628E-2,-5.635919E-3,4.074725E-4,2.300320E-2,-4.629671E-3
7.733333E0,2.633339E-1,4.520897E-2,-6.517176E-3,1.338199E-4,-8.082021E-2,-1.008358E-2
7.766667E0,2.630392E-1,4.518520E-2,-1.151318E-2,-6.042214E-4,-1.304968E-1,3.890095E-3
7.800000E0,2.625664E-1,4.516869E-2,-1.546474E-2,4.152063E-4,-4.134511E-2,2.495807E-3
7.833333E0,2.620082E-1,4.521288E-2,-1.456550E-2,-3.382925E-6,1.939660E-2,-2.181859E-5
7.866667E0,2.615953E-1,4.516846E-2,-1.324313E-2,-2.506108E-4,6.894883E-2,-5.185533E-3
7.900000E0,2.611253E-1,4.519617E-2,-1.097245E-2,2.350580E-4,1.249682E-1,1.252064E-3
7.933333E0,2.608638E-1,4.518413E-2,-4.389017E-3,-4.756697E-4,1.283012E-1,1.572085E-3
7.966667E0,2.608327E-1,4.516446E-2,-1.760796E-3,2.694951E-4,-9.013842E-2,1.057066E-2
8.000000E0,2.607465E-1,4.520210E-2,-1.006040E-2,5.708022E-4,-2.314600E-1,6.465191E-3
8.033333E0,2.601620E-1,4.520251E-2,-1.899912E-2,3.674345E-4,-1.068661E-1,-1.486999E-2
8.066667E0,2.594798E-1,4.522660E-2,-1.702712E-2,-1.191010E-4,1.093313E-1,-6.802597E-3
8.100000E0,2.590269E-1,4.519457E-2,-1.090260E-2,-4.501643E-4,1.089312E-1,-4.201074E-3
8.133333E0,2.587530E-1,4.519658E-2,-9.329407E-3,-1.089146E-4,9.501893E-2,5.292115E-3
8.166667E0,2.584049E-1,4.518731E-2,-5.916628E-3,-2.260818E-4,1.062689E-1,-2.518533E-3
8.200000E0,2.583586E-1,4.518151E-2,-8.671983E-4,-2.297884E-4,2.733735E-3,1.297579E-2
8.233333E0,2.583471E-1,4.517199E-2,-5.495636E-3,5.029456E-4,-3.049237E-1,1.069022E-2
8.266667E0,2.579922E-1,4.521504E-2,-2.123016E-2,7.880686E-4,-2.796956E-1,-9.704955E-3
8.300000E0,2.569317E-1,4.522453E-2,-2.710273E-2,-3.148762E-4,4.434753E-2,-1.402632E-2
8.333333E0,2.561853E-1,4.519405E-2,-1.628799E-2,-3.299063E-4,2.703820E-1,1.016651E-2
8.366667E0,2.558459E-1,4.520254E-2,-8.278304E-3,5.704282E-4,1.981008E-1,-3.857140E-3
8.400000E0,2.556335E-1,4.523208E-2,-3.779405E-3,-3.969968E-4,8.791695E-2,-7.196146E-3
8.433333E0,2.555939E-1,4.517607E-2,-1.853066E-3,-4.909688E-4,-9.225092E-2,7.707304E-4
8.466667E0,2.555099E-1,4.519935E-2,-9.494288E-3,2.425983E-4,-2.747720E-1,2.043663E-2
8.500000E0,2.549610E-1,4.519224E-2,-2.136846E-2,4.733159E-4,-1.488098E-1,-2.169651E-3
8.533333E0,2.540854E-1,4.523090E-2,-2.062492E-2,4.592464E-4,5.883200E-2,-4.024990E-3
8.566667E0,2.535860E-1,4.522286E-2,-1.511477E-2,-1.117210E-4,8.833040E-2,-4.766141E-3
8.600000E0,2.530777E-1,4.522345E-2,-1.553907E-2,2.459836E-4,1.286093E-1,-2.213727E-3
8.633333E0,2.525500E-1,4.523926E-2,-7.757952E-3,-1.267649E-4,2.029967E-1,-1.062432E-2
8.666667E0,2.525605E-1,4.521500E-2,3.383593E-4,-6.742331E-4,1.426939E-1,-3.272550E-3
8.700000E0,2.525726E-1,4.519431E-2,5.780605E-4,-2.909334E-4,-1.054734E-1,2.487768E-2
8.733333E0,2.525990E-1,4.519561E-2,-5.706607E-3,9.418848E-4,-4.209547E-1,1.229014E-2
8.766667E0,2.521922E-1,4.525710E-2,-2.722761E-2,8.774811E-4,-3.335244E-1,9.946415E-3
8.800000E0,2.507839E-1,4.525411E-2,-3.267272E-2,1.038401E-3,1.098800E-1,1.344835E-2
8.833333E0,2.500140E-1,4.532633E-2,-1.602998E-2,2.226119E-3,4.226206E-1,1.406264E-2
8.866667E0,2.497152E-1,4.540251E-2,-4.486446E-3,1.888430E-3,2.386626E-1,-1.405620E-2
8.900000E0,2.497149E-1,4.545222E-2,1.303700E-4,1.207621E-3,8.135830E-2,-1.935572E-2
8.933333E0,2.497239E-1,4.548302E-2,3.295051E-4,6.174945E-4,-3.321988E-3,-1.142425E-2
8.966667E0,2.497368E-1,4.549339E-2,-3.389586E-5,3.879950E-4,-2.305169E-1,-4.660431E-3
9.000000E0,2.497216E-1,4.550889E-2,-1.332853E-2,3.840981E-4,-4.957886E-1,1.265910E-2
9.033333E0,2.488483E-1,4.551900E-2,-3.539100E-2,1.086032E-3,-3.193842E-1,6.357378E-4
9.066667E0,2.473622E-1,4.558129E-2,-3.655441E-2,8.125602E-4,2.426840E-1,-1.127012E-2
9.100000E0,2.464113E-1,4.557317E-2,-1.722100E-2,-9.950511E-5,4.771330E-1,-1.330732E-2
9.133333E0,2.462142E-1,4.557466E-2,-3.068377E-3,1.083803E-4,2.741116E-1,-5.677019E-3
9.166667E0,2.462068E-1,4.558039E-2,1.918755E-4,-3.988023E-4,5.780066E-2,-7.846434E-3
9.200000E0,2.462270E-1,4.554807E-2,5.104183E-4,-6.347819E-4,4.259147E-3,1.916677E-3
9.233333E0,2.462408E-1,4.553807E-2,3.925064E-4,-1.195324E-4,-1.190422E-1,3.036372E-2
9.266667E0,2.462531E-1,4.554010E-2,-6.444846E-3,1.226596E-3,-5.627940E-1,6.175804E-3
9.300000E0,2.458111E-1,4.561985E-2,-3.584468E-2,8.236262E-4,-4.740270E-1,-9.045865E-3
9.333333E0,2.438635E-1,4.559501E-2,-4.538880E-2,-8.546758E-5,2.188101E-1,-1.752878E-2
9.366667E0,2.427852E-1,4.561415E-2,-1.656044E-2,1.309552E-4,6.318349E-1,-1.108581E-3
9.400000E0,2.427594E-1,4.560374E-2,-6.379057E-4,-3.717648E-4,2.786039E-1,-8.312902E-3
9.433333E0,2.427427E-1,4.558937E-2,-2.411389E-4,-3.836941E-4,1.121029E-2,-1.487973E-3
9.466667E0,2.427434E-1,4.557816E-2,1.470007E-4,-4.347979E-4,-9.083310E-2,1.272621E-2
9.500000E0,2.427525E-1,4.556038E-2,-5.476640E-3,3.093508E-4,-5.246006E-1,2.273144E-2
9.533333E0,2.423783E-1,4.559878E-2,-3.332962E-2,1.312594E-3,-4.703215E-1,3.347639E-2
9.566667E0,2.405305E-1,4.564789E-2,-4.396363E-2,2.342370E-3,1.721472E-1,3.771219E-3
9.600000E0,2.394474E-1,4.575494E-2,-1.755313E-2,1.967240E-3,5.788993E-1,-1.164616E-2
9.633333E0,2.393603E-1,4.577903E-2,-2.723822E-3,1.040788E-3,2.764568E-1,-2.022693E-2
9.666667E0,2.392658E-1,4.582433E-2,-1.482513E-3,9.463328E-4,3.550722E-2,-8.315068E-3
9.700000E0,2.392615E-1,4.584212E-2,2.411394E-5,3.495176E-4,2.453728E-2,-1.138490E-2
9.733333E0,2.392674E-1,4.584763E-2,2.546027E-5,1.900305E-4,-2.631121E-1,9.722102E-3
9.766667E0,2.392632E-1,4.585479E-2,-1.540005E-2,9.290796E-4,-5.618130E-1,2.607230E-2
9.800000E0,2.382407E-1,4.590957E-2,-4.038376E-2,2.068000E-3,-1.664509E-1,-8.650513E-3
9.833333E0,2.365709E-1,4.599266E-2,-2.996474E-2,6.368414E-4,3.259023E-1,-3.202959E-2
9.866667E0,2.362431E-1,4.595202E-2,-1.130822E-2,-7.283473E-4,4.116608E-1,-2.044242E-2
9.900000E0,2.358170E-1,4.594410E-2,-6.687502E-3,-3.102730E-4,1.329273E-1,8.282056E-3
9.933333E0,2.357972E-1,4.593134E-2,-5.074594E-4,-2.815503E-4,1.066093E-1,2.486326E-3
9.966667E0,2.357832E-1,4.592533E-2,-4.252746E-4,-1.145531E-4,-3.189477E-1,7.761025E-3
1.000000E1,2.357689E-1,4.592370E-2,-1.911500E-2,2.039905E-4,-6.526701E-1,2.806232E-2
1.003333E1,2.345089E-1,4.593893E-2,-4.784030E-2,1.648873E-3,-2.004259E-1,5.194844E-2
1.006667E1,2.325795E-1,4.603363E-2,-3.582656E-2,3.830300E-3,5.039491E-1,-2.029757E-4
1.010000E1,2.321204E-1,4.619429E-2,-7.416353E-3,2.131762E-3,5.322547E-1,-4.262561E-2
1.013333E1,2.320851E-1,4.617574E-2,-1.600181E-3,-1.923351E-7,1.063840E-1,-3.472144E-2
1.016667E1,2.320137E-1,4.619427E-2,-1.480719E-3,3.843656E-4,1.147357E-2,7.475402E-3
1.020000E1,2.319864E-1,4.620137E-2,-6.010602E-4,3.501309E-4,1.854336E-2,-8.594964E-5
1.023333E1,2.319737E-1,4.621761E-2,-2.890233E-4,4.479764E-4,6.867730E-3,-6.584493E-3
1.026667E1,2.319671E-1,4.623123E-2,-1.544245E-4,-5.366627E-5,4.746419E-3,-5.905152E-3
1.030000E1,2.319634E-1,4.621404E-2,9.132373E-6,-1.276104E-4,3.198050E-3,2.541232E-3
1.033333E1,2.319677E-1,4.622273E-2,9.262563E-5,2.887197E-4,-1.909626E-3,3.689611E-3
1.036667E1,2.319696E-1,4.623328E-2,-1.210131E-4,1.016345E-4,-2.991055E-3,-5.288273E-3
1.040000E1,2.319597E-1,4.622950E-2,-1.699214E-4,-1.273230E-4,-1.382268E-3,-3.256246E-3
1.043333E1,2.319582E-1,4.622480E-2,-1.380307E-4,-9.523174E-5,3.777577E-3,1.197989E-4
1.046667E1,2.319505E-1,4.622315E-2,2.767962E-6,-9.737054E-5,1.511180E-3,3.705887E-3
1.050000E1,2.319584E-1,4.621830E-2,6.819008E-5,9.691142E-5,7.200949E-4,1.867990E-3
1.053333E1,2.319550E-1,4.622961E-2,-4.058411E-5,1.327701E-4,-3.552038E-3,-7.153079E-4
1.056667E1,2.319557E-1,4.622716E-2,-1.080416E-4,-4.806010E-5,4.142308E-3,-1.843470E-3
1.060000E1,2.319478E-1,4.622641E-2,1.363512E-4,3.806449E-5,2.300861E-3,-3.268900E-3
1.063333E1,2.319648E-1,4.622969E-2,2.130710E-4,-2.085137E-4,-2.360875E-3,6.886539E-4
1.066667E1,2.319620E-1,4.621251E-2,-1.499023E-4,-7.528534E-5,-3.237310E-3,9.190984E-3
1.070000E1,2.319548E-1,4.622467E-2,-8.722906E-6,5.477625E-4,-3.201179E-4,2.048094E-4
1.073333E1,2.319614E-1,4.624903E-2,-6.503533E-5,2.805028E-5,2.414454E-3,-9.039757E-3
1.076667E1,2.319505E-1,4.622654E-2,4.235543E-7,-3.308012E-4,2.830569E-3,-6.756887E-3
1.080000E1,2.319614E-1,4.622697E-2,2.645073E-4,-1.942827E-4,-1.986866E-3,5.681243E-3
1.083333E1,2.319681E-1,4.621359E-2,-1.478612E-4,-1.029548E-4,-1.350735E-3,3.948825E-3
1.086667E1,2.319516E-1,4.622011E-2,1.191443E-5,1.852889E-4,1.485165E-3,3.052880E-3
1.090000E1,2.319689E-1,4.622595E-2,1.924613E-4,7.002826E-5,8.333018E-4,-2.867210E-3
1.093333E1,2.319644E-1,4.622478E-2,-1.028907E-4,-3.449376E-5,-2.871757E-3,-3.626821E-3
1.096667E1,2.319620E-1,4.622365E-2,4.068051E-5,-1.412686E-4,-8.755247E-4,4.279981E-3
1.100000E1,2.319671E-1,4.621536E-2,-9.791577E-5,1.615167E-4,-1.703852E-4,3.085679E-3
1.103333E1,2.319555E-1,4.623441E-2,-9.460395E-5,2.437771E-4,3.119452E-4,-5.490140E-3
1.106667E1,2.319608E-1,4.623161E-2,4.728228E-5,-3.226590E-4,2.388352E-4,-2.066115E-3
1.110000E1,2.319587E-1,4.621290E-2,-1.367300E-4,3.953257E-6,-1.874446E-3,5.862051E-3
1.113333E1,2.319517E-1,4.623188E-2,-9.800842E-5,3.019006E-4,5.967044E-3,-6.864581E-4
1.116667E1,2.319521E-1,4.623303E-2,2.666564E-4,-1.697231E-4,3.687510E-4,-6.423903E-3
1.120000E1,2.319695E-1,4.622056E-2,5.052563E-5,-1.750060E-4,-4.641941E-3,4.383927E-3
1.123333E1,2.319555E-1,4.622136E-2,-2.392125E-4,1.855435E-4,1.941377E-3,-1.649157E-4
1.126667E1,2.319535E-1,4.623293E-2,2.539926E-4,-1.038888E-4,3.498125E-3,-2.605452E-4
1.130000E1,2.319724E-1,4.621444E-2,1.212275E-4,-5.510839E-5,-3.859661E-3,-8.678759E-4
1.133333E1,2.319616E-1,4.622926E-2,-1.939195E-4,9.532869E-5,-3.087330E-3,1.045920E-3
1.136667E1,2.319595E-1,4.622079E-2,6.324871E-6,-1.687214E-4,3.050533E-3,-3.782949E-3
1.140000E1,2.319620E-1,4.621801E-2,1.895876E-5,-8.274337E-5,-4.682864E-5,8.888560E-4
1.143333E1,2.319608E-1,4.621528E-2,-2.502034E-5,-1.164824E-4,-1.173789E-3,2.072707E-3
1.146667E1,2.319604E-1,4.621024E-2,-4.288825E-5,2.090600E-5,-1.362539E-3,6.762434E-3
1.150000E1,2.319579E-1,4.621667E-2,-1.200597E-4,3.639457E-4,-1.039888E-3,8.646245E-3
1.153333E1,2.319524E-1,4.623451E-2,-1.265762E-4,6.108373E-4,-4.963707E-3,7.156268E-3
1.156667E1,2.319495E-1,4.625739E-2,-3.898397E-4,8.192734E-4,-3.915458E-3,1.134056E-3
1.160000E1,2.319264E-1,4.628912E-2,-5.063793E-4,7.433299E-4,6.771969E-3,-1.402622E-2
1.163333E1,2.319157E-1,4.630695E-2,9.832338E-5,-1.032339E-4,8.381274E-3,-6.479273E-3
1.166667E1,2.319329E-1,4.628224E-2,1.917482E-4,4.640147E-5,-4.374114E-3,2.161177E-3
1.170000E1,2.319285E-1,4.631004E-2,-3.193407E-4,4.166233E-4,-1.265556E-2,7.191535E-3
1.173333E1,2.319116E-1,4.631002E-2,-6.395296E-4,2.572301E-4,-1.038138E-2,-8.702243E-3
1.176667E1,2.318859E-1,4.632719E-2,-9.919786E-4,3.797339E-5,1.134508E-2,-1.265332E-2
1.180000E1,2.318455E-1,4.631255E-2,-8.690029E-5,-7.194893E-4,1.969973E-2,-4.895761E-3
1.183333E1,2.318801E-1,4.627922E-2,7.188784E-4,-3.877347E-4,6.341447E-3,3.939916E-3
1.186667E1,2.318934E-1,4.628670E-2,1.242006E-4,-1.836615E-4,-1.161527E-2,5.100273E-3
1.190000E1,2.318883E-1,4.626698E-2,-9.720085E-5,-2.941815E-4,8.396869E-5,1.752160E-3
1.193333E1,2.318870E-1,4.626709E-2,1.569201E-4,6.725054E-5,6.561443E-3,-1.110556E-3
1.196667E1,2.318988E-1,4.627146E-2,3.847892E-4,-3.269507E-4,-7.325202E-4,-2.666041E-3
1.200000E1,2.319126E-1,4.624529E-2,1.288851E-4,-3.173824E-4,-1.357007E-3,3.667018E-3
1.203333E1,2.319074E-1,4.625030E-2,1.629830E-4,1.208567E-4,-1.199561E-5,5.131932E-3
1.206667E1,2.319235E-1,4.625335E-2,2.878817E-4,-3.279816E-5,5.841377E-4,-1.482687E-3
1.210000E1,2.319266E-1,4.624812E-2,9.981076E-5,-2.768232E-5,-6.548952E-3,-1.568448E-3
1.213333E1,2.319301E-1,4.625150E-2,-9.092896E-5,-5.968403E-5,-1.859667E-3,-1.019416E-3
1.216667E1,2.319205E-1,4.624414E-2,-1.072512E-4,-1.677560E-4,1.363806E-3,3.625377E-4
1.220000E1,2.319230E-1,4.624032E-2,7.904666E-5,-1.196422E-5,3.039315E-3,8.151730E-4
1.223333E1,2.319258E-1,4.624334E-2,7.277088E-5,-6.888014E-5,-1.782388E-3,7.455576E-4
1.226667E1,2.319278E-1,4.623573E-2,-3.079249E-5,-4.825543E-5,-3.646652E-4,8.472908E-4
1.230000E1,2.319237E-1,4.624012E-2,5.583596E-6,7.063958E-5,2.054446E-4,1.567161E-3
1.233333E1,2.319282E-1,4.624044E-2,4.529497E-5,1.251540E-5,-1.681749E-4,-2.285168E-3
1.236667E1,2.319268E-1,4.624096E-2,-4.847411E-5,-6.107703E-5,3.856417E-3,-4.200224E-3
1.240000E1,2.319250E-1,4.623636E-2,2.676156E-4,-2.708787E-4,2.948636E-3,-6.244991E-4
1.243333E1,2.319446E-1,4.622290E-2,2.842116E-4,-1.640259E-4,-3.925806E-3,7.107388E-3
1.246667E1,2.319439E-1,4.622543E-2,-1.137737E-4,2.636651E-4,-3.887541E-3,1.326942E-3
1.250000E1,2.319370E-1,4.624048E-2,1.082965E-5,7.278325E-6,1.382306E-3,-3.247086E-3
1.253333E1,2.319446E-1,4.622591E-2,7.577116E-5,-1.478409E-4,9.207588E-4,1.078502E-3
1.256667E1,2.319421E-1,4.623062E-2,-1.189901E-5,2.147241E-4,-8.675201E-4,6.936490E-3
1.260000E1,2.319438E-1,4.624023E-2,5.777033E-5,2.935370E-4,-7.166353E-4,-5.987610E-3
1.263333E1,2.319459E-1,4.625019E-2,-5.147257E-5,-1.318961E-4,-2.013104E-3,-3.850986E-3
1.266667E1,2.319404E-1,4.623144E-2,-1.165124E-4,-1.464775E-4,6.573503E-4,3.528947E-3
1.270000E1,2.319382E-1,4.624043E-2,1.120458E-5,2.820421E-4,-5.934344E-4,4.345777E-3
1.273333E1,2.319412E-1,4.625024E-2,-1.116026E-4,1.132030E-4,3.812226E-4,-3.544002E-3
1.276667E1,2.319307E-1,4.624797E-2,-6.748778E-5,-1.528772E-5,2.794804E-3,-3.698179E-3
1.280000E1,2.319367E-1,4.624922E-2,1.744154E-4,-7.617310E-5,2.866341E-3,2.451142E-4
1.283333E1,2.319423E-1,4.624289E-2,9.767925E-5,-5.778310E-5,-3.897340E-3,7.711272E-4
1.286667E1,2.319432E-1,4.624537E-2,-8.926132E-5,3.479803E-5,-5.502280E-3,2.770454E-3
1.290000E1,2.319364E-1,4.624521E-2,-2.804255E-4,8.412858E-5,-2.957427E-3,-2.502140E-3
1.293333E1,2.319245E-1,4.625098E-2,-3.002216E-4,-6.679675E-5,1.917374E-3,-4.521637E-4
1.296667E1,2.319164E-1,4.624076E-2,-1.400331E-4,-6.207372E-5,7.698063E-3,-1.823918E-3
1.300000E1,2.319151E-1,4.624684E-2,2.003807E-4,-5.100437E-5,7.451304E-3,-3.979845E-3
1.303333E1,2.319297E-1,4.623736E-2,4.132846E-4,-4.108843E-4,3.614599E-3,-3.276186E-3
1.306667E1,2.319427E-1,4.621944E-2,3.990260E-4,-3.054022E-4,-8.891648E-3,6.701445E-3
1.310000E1,2.319563E-1,4.621700E-2,-1.003178E-4,9.606141E-5,-6.407844E-3,5.546763E-3
1.313333E1,2.319360E-1,4.622585E-2,-2.295138E-4,1.028627E-4,-1.384540E-3,-2.214766E-4
1.316667E1,2.319410E-1,4.622386E-2,9.068271E-6,1.838795E-6,2.634152E-3,-3.373911E-3
1.320000E1,2.319366E-1,4.622597E-2,-1.467149E-4,-6.315757E-5,1.445526E-3,3.691766E-3
1.323333E1,2.319313E-1,4.621965E-2,8.635900E-5,1.539024E-4,5.979193E-5,-1.106583E-3
1.326667E1,2.319424E-1,4.623623E-2,-1.965842E-5,4.411114E-5,-1.108590E-4,3.067141E-3
1.330000E1,2.319299E-1,4.622259E-2,-9.668507E-5,1.061040E-4,-3.067491E-3,3.389372E-3
1.333333E1,2.319359E-1,4.624331E-2,-6.053145E-5,4.995359E-4,5.473288E-3,-2.043809E-3
1.336667E1,2.319259E-1,4.625589E-2,1.026029E-4,-7.411364E-5,4.449235E-3,-9.314795E-3
1.340000E1,2.319428E-1,4.623836E-2,4.005616E-4,-2.696564E-4,-1.173376E-2,6.276726E-3
1.343333E1,2.319526E-1,4.623791E-2,-6.344412E-4,4.200867E-4,-6.002404E-3,1.039891E-2
1.346667E1,2.319005E-1,4.626637E-2,-4.145050E-4,5.537601E-4,7.563155E-3,-5.195400E-3
1.350000E1,2.319250E-1,4.627483E-2,3.816374E-4,-3.295522E-5,1.188216E-2,-1.256382E-2
1.353333E1,2.319259E-1,4.626417E-2,1.017976E-4,-3.225103E-4,-3.353525E-3,-4.615922E-3
1.356667E1,2.319318E-1,4.625333E-2,2.229185E-4,-3.036141E-4,-3.954377E-3,4.327462E-3
1.360000E1,2.319408E-1,4.624393E-2,-1.052174E-4,-5.923010E-5,2.844558E-3,5.568403E-3
1.363333E1,2.319248E-1,4.624938E-2,2.011261E-4,1.325565E-4,-2.430530E-3,4.771436E-3
1.366667E1,2.319542E-1,4.625277E-2,9.389839E-5,2.036498E-4,1.590063E-3,-9.789460E-3
1.370000E1,2.319310E-1,4.626296E-2,-1.006308E-4,-3.874948E-4,-4.671191E-3,-5.263660E-3
1.373333E1,2.319475E-1,4.622694E-2,1.186582E-4,-4.499698E-4,5.538740E-3,3.182142E-3
1.376667E1,2.319389E-1,4.623296E-2,3.486095E-5,1.134654E-4,-4.554696E-3,8.160333E-3
1.380000E1,2.319498E-1,4.623450E-2,-1.329574E-6,-7.568105E-6,1.230230E-3,-2.078679E-3
1.383333E1,2.319388E-1,4.623246E-2,-5.717370E-5,-3.468988E-5,-4.248507E-3,3.396582E-3
1.386667E1,2.319460E-1,4.623219E-2,-1.132831E-4,2.039040E-4,1.625679E-3,6.298283E-4
1.390000E1,2.319313E-1,4.624605E-2,-1.262732E-4,1.080089E-4,6.015571E-4,-5.521884E-3
1.393333E1,2.319376E-1,4.623939E-2,7.924342E-5,-2.721122E-4,3.990719E-3,-4.718379E-3
1.396667E1,2.319366E-1,4.622791E-2,5.184132E-5,-2.033841E-4,8.258785E-4,3.553432E-3
1.400000E1,2.319410E-1,4.622583E-2,1.683961E-4,5.689585E-6,-2.123744E-3,4.616213E-3
1.403333E1,2.319478E-1,4.622829E-2,-5.474275E-5,9.991354E-5,-7.682312E-3,1.724400E-3
1.406667E1,2.319374E-1,4.623249E-2,-4.086092E-4,1.193730E-4,-5.410832E-3,-1.130469E-3
1.410000E1,2.319206E-1,4.623625E-2,-4.184375E-4,3.060585E-5,9.029166E-4,-4.130372E-3
1.413333E1,2.319095E-1,4.623453E-2,-3.127904E-4,-1.625853E-4,9.501166E-3,5.082653E-3
1.416667E1,2.318997E-1,4.622541E-2,1.454720E-4,2.715183E-4,6.551722E-3,1.092051E-2
1.420000E1,2.319192E-1,4.625263E-2,2.888498E-4,7.470717E-4,9.131570E-3,2.115042E-2
1.423333E1,2.319190E-1,4.627521E-2,5.303794E-4,1.470442E-3,-1.346870E-2,4.001764E-2
1.426667E1,2.319545E-1,4.635066E-2,-2.282922E-4,3.477970E-3,-2.582100E-2,1.596038E-2
1.430000E1,2.319037E-1,4.650708E-2,-1.623714E-3,3.008692E-3,-1.322962E-2,-3.041450E-2
1.433333E1,2.318463E-1,4.655124E-2,-1.049863E-3,8.619235E-4,2.959975E-2,-4.131652E-2
1.436667E1,2.318337E-1,4.656454E-2,4.397067E-4,3.670442E-4,2.525761E-2,-1.316048E-2
1.440000E1,2.318756E-1,4.657571E-2,8.315143E-4,7.830659E-5,1.666016E-3,-8.836806E-3
1.443333E1,2.318892E-1,4.656976E-2,3.247781E-4,-2.768827E-4,-1.199855E-2,-4.516234E-3
1.446667E1,2.318973E-1,4.655725E-2,9.034356E-5,-2.342885E-4,-3.033146E-4,5.550685E-3
1.450000E1,2.318952E-1,4.655414E-2,2.311227E-4,1.173525E-4,4.005705E-3,2.490103E-3
1.453333E1,2.319127E-1,4.656508E-2,4.703613E-4,1.634280E-5,-2.742472E-3,-3.440574E-3
1.456667E1,2.319266E-1,4.655523E-2,4.441285E-5,-2.392278E-4,-7.570417E-3,-3.033420E-4
1.460000E1,2.319156E-1,4.654913E-2,-1.574882E-4,2.674267E-5,-1.869863E-3,6.794895E-3
1.463333E1,2.319161E-1,4.655701E-2,2.062886E-5,2.620315E-4,3.205959E-3,5.758858E-4
1.466667E1,2.319170E-1,4.656660E-2,3.329323E-5,7.309000E-5,-2.493537E-4,-3.523708E-3
1.470000E1,2.319183E-1,4.656188E-2,8.648267E-6,-5.074287E-5,2.015669E-3,-3.480217E-3
1.473333E1,2.319176E-1,4.656321E-2,1.359864E-4,-8.461437E-5,4.250739E-3,-2.791475E-3
1.476667E1,2.319273E-1,4.655624E-2,3.351646E-4,-2.758229E-4,-2.178851E-3,1.371161E-3
1.480000E1,2.319399E-1,4.654482E-2,2.991929E-5,-3.799025E-5,-6.417440E-3,6.001733E-3
1.483333E1,2.319293E-1,4.655371E-2,-2.128412E-4,2.265547E-4,-1.455598E-3,1.776151E-3
1.486667E1,2.319257E-1,4.655993E-2,-2.715668E-6,4.561447E-5,4.020931E-3,-2.871962E-3
1.490000E1,2.319292E-1,4.655675E-2,7.450095E-5,-1.144241E-5,-1.020573E-3,-3.347866E-3
1.493333E1,2.319307E-1,4.655917E-2,-7.642865E-5,-1.077401E-4,9.961975E-4,5.887611E-4
1.496667E1,2.319241E-1,4.654957E-2,7.132724E-5,-6.718448E-5,4.098391E-3,1.835974E-3
1.500000E1,2.319355E-1,4.655469E-2,2.978073E-4,1.097226E-4,-3.334231E-3,7.013903E-4
1.503333E1,2.319439E-1,4.655688E-2,-1.450927E-4,-4.818077E-5,-5.028005E-3,-2.864703E-3
1.506667E1,2.319258E-1,4.655147E-2,-1.950199E-4,-1.144260E-4,-5.239712E-3,2.207111E-3
1.510000E1,2.319309E-1,4.654925E-2,-2.761793E-4,1.044857E-4,4.268689E-3,2.392852E-3
1.513333E1,2.319074E-1,4.655844E-2,-1.611560E-4,1.106946E-4,4.725434E-3,-2.676351E-4
1.516667E1,2.319202E-1,4.655663E-2,2.721257E-4,6.440594E-6,6.767450E-3,-1.288072E-3
1.520000E1,2.319255E-1,4.655887E-2,1.775981E-4,6.586315E-5,-4.562504E-3,3.210361E-3
1.523333E1,2.319320E-1,4.656103E-2,1.472961E-5,1.931168E-4,-2.882575E-4,-6.003480E-4
1.526667E1,2.319265E-1,4.657174E-2,7.059885E-5,9.506452E-5,-6.982036E-3,-1.571358E-3
1.530000E1,2.319367E-1,4.656736E-2,-2.744370E-4,-1.179354E-5,-2.222041E-1,3.581085E-3
1.533333E1,2.319082E-1,4.657096E-2,-1.318194E-2,3.637799E-4,-7.800353E-1,1.680581E-2
1.536667E1,2.310579E-1,4.659161E-2,-5.193961E-2,1.096513E-3,-5.949907E-1,-1.989231E-3
1.540000E1,2.284456E-1,4.664406E-2,-6.110546E-2,4.861402E-4,5.686342E-2,2.521696E-2
1.543333E1,2.269842E-1,4.662402E-2,-3.998978E-2,2.023917E-3,7.089576E-1,2.678839E-2
1.546667E1,2.257796E-1,4.677899E-2,-1.782456E-2,3.361270E-3,5.426269E-1,1.657497E-3
1.550000E1,2.257959E-1,4.684811E-2,8.210298E-4,1.476807E-3,3.137752E-1,-3.827150E-2
1.553333E1,2.258343E-1,4.687744E-2,6.442136E-4,8.303316E-4,-3.476375E-1,-1.404605E-2
1.556667E1,2.258389E-1,4.690346E-2,-1.971145E-2,6.326510E-4,-7.026965E-1,-7.849761E-3
1.560000E1,2.245202E-1,4.691962E-2,-5.027062E-2,2.983922E-4,-6.962189E-1,1.420373E-2
1.563333E1,2.224875E-1,4.692336E-2,-6.567960E-2,1.368109E-3,-2.415574E-1,2.142865E-2
1.566667E1,2.201416E-1,4.701082E-2,-6.671058E-2,2.176348E-3,2.105697E-2,3.840612E-2
1.570000E1,2.180401E-1,4.706845E-2,-6.261766E-2,3.384635E-3,1.029515E-1,-8.387212E-3
1.573333E1,2.159671E-1,4.723647E-2,-6.049224E-2,2.515069E-3,2.782781E-1,-2.359481E-2
1.576667E1,2.140073E-1,4.723612E-2,-4.553490E-2,7.455129E-4,4.067565E-1,-3.867982E-2
1.580000E1,2.129314E-1,4.728617E-2,-3.013598E-2,6.367257E-4,9.451666E-2,1.808180E-3
1.583333E1,2.119982E-1,4.727857E-2,-3.895076E-2,4.186169E-4,-2.467183E-1,1.791935E-4
1.586667E1,2.103347E-1,4.731408E-2,-5.000593E-2,9.704975E-4,-2.414070E-1,4.318379E-4
1.590000E1,2.086645E-1,4.734327E-2,-5.308237E-2,3.964289E-4,1.215709E-1,-2.022934E-2
1.593333E1,2.067959E-1,4.734050E-2,-4.440299E-2,-4.492034E-4,1.841507E-1,-9.973592E-3
1.596667E1,2.057043E-1,4.731332E-2,-3.651186E-2,-3.685243E-4,1.281765E-1,-3.156899E-3
1.600000E1,2.043617E-1,4.731594E-2,-3.880884E-2,-4.098559E-4,-2.802967E-1,3.209038E-3
1.603333E1,2.031171E-1,4.728600E-2,-5.212817E-2,-4.254961E-4,-4.115010E-1,-5.618882E-3
1.606667E1,2.008865E-1,4.728757E-2,-7.020707E-2,-5.012784E-4,-3.529184E-1,2.238564E-2
1.610000E1,1.984366E-1,4.725258E-2,-7.436054E-2,6.060963E-4,-1.701074E-1,1.174365E-2
1.613333E1,1.959292E-1,4.732798E-2,-8.056128E-2,1.011692E-3,-2.842144E-1,-7.782139E-3
1.616667E1,1.930658E-1,4.732002E-2,-9.360880E-2,-4.729881E-4,-2.789507E-1,-3.560352E-2
1.620000E1,1.896886E-1,4.729644E-2,-1.006881E-1,-1.182394E-3,-1.099056E-1,-1.010717E-2
1.623333E1,1.863533E-1,4.724120E-2,-9.970493E-2,-1.300062E-3,8.970331E-2,-2.053118E-2
1.626667E1,1.830416E-1,4.720977E-2,-9.527884E-2,-2.201391E-3,1.189562E-1,4.830383E-3
1.630000E1,1.800014E-1,4.709444E-2,-9.072931E-2,-1.647609E-3,4.710548E-2,2.021086E-2
1.633333E1,1.769929E-1,4.709993E-2,-9.229276E-2,-1.162136E-4,4.366867E-2,1.708266E-2
1.636667E1,1.738485E-1,4.708669E-2,-8.920196E-2,-7.916330E-4,1.931320E-1,7.125758E-3
1.640000E1,1.710462E-1,4.704716E-2,-7.846134E-2,1.022584E-4,2.515906E-1,-6.837682E-3
1.643333E1,1.686178E-1,4.709351E-2,-7.172092E-2,-5.463549E-4,1.072434E-1,9.303373E-3
1.646667E1,1.662648E-1,4.701073E-2,-7.164018E-2,-3.234944E-4,1.328535E-1,8.423577E-3
1.650000E1,1.638418E-1,4.707194E-2,-6.449605E-2,1.024900E-3,2.004571E-1,1.072233E-2
1.653333E1,1.619650E-1,4.707906E-2,-5.584987E-2,-1.037074E-4,1.598626E-1,-1.833584E-2
1.656667E1,1.601184E-1,4.706503E-2,-5.494463E-2,-2.033119E-4,2.077119E-1,1.607898E-2
1.660000E1,1.583020E-1,4.706550E-2,-4.350682E-2,9.430519E-4,3.412383E-1,1.527584E-2
1.663333E1,1.572180E-1,4.712790E-2,-2.954668E-2,1.152142E-3,1.713641E-1,-4.724805E-3
1.666667E1,1.563323E-1,4.714231E-2,-3.202290E-2,3.076202E-4,-8.477430E-2,-2.819637E-2
1.670000E1,1.550831E-1,4.714841E-2,-3.721764E-2,-5.550896E-4,-8.866864E-2,-8.570389E-3
1.673333E1,1.538511E-1,4.710531E-2,-3.706681E-2,-5.612315E-4,-6.506810E-3,9.974725E-3
1.676667E1,1.526120E-1,4.711099E-2,-3.765022E-2,3.926108E-4,4.283795E-2,1.881232E-2
1.680000E1,1.513411E-1,4.713148E-2,-3.480662E-2,6.472337E-4,9.727959E-2,1.523662E-3
1.683333E1,1.502916E-1,4.715414E-2,-3.031508E-2,4.977228E-4,7.450590E-2,-9.158227E-4
1.686667E1,1.493201E-1,4.716466E-2,-2.987517E-2,5.028236E-4,-6.918215E-2,-9.533683E-5
1.690000E1,1.482999E-1,4.718766E-2,-3.471603E-2,5.856990E-4,-8.484421E-2,-1.367888E-2
1.693333E1,1.470057E-1,4.720371E-2,-3.687952E-2,-3.472111E-4,8.282200E-3,3.960695E-4
1.696667E1,1.458412E-1,4.716451E-2,-3.325954E-2,1.944478E-4,1.262725E-1,-5.053992E-3
1.700000E1,1.447884E-1,4.721667E-2,-2.867700E-2,4.315738E-5,1.018620E-1,-3.264107E-3
1.703333E1,1.439294E-1,4.716739E-2,-2.586295E-2,-7.567884E-4,7.453252E-3,-6.853061E-3
1.706667E1,1.430642E-1,4.716622E-2,-2.828984E-2,4.252565E-6,-3.360375E-2,1.523180E-2
1.710000E1,1.420435E-1,4.716767E-2,-2.898900E-2,1.513968E-4,5.488023E-2,4.077238E-3
1.713333E1,1.411316E-1,4.717631E-2,-2.427224E-2,2.960002E-4,1.652053E-1,-6.150243E-3
1.716667E1,1.404253E-1,4.718741E-2,-1.780990E-2,-1.889744E-4,-3.046751E-3,-6.252639E-3
1.720000E1,1.399442E-1,4.716372E-2,-2.276092E-2,-3.296173E-4,-2.322776E-1,2.045060E-3
1.723333E1,1.389079E-1,4.716543E-2,-3.552398E-2,1.208795E-4,-1.687560E-1,-3.130322E-2
1.726667E1,1.375760E-1,4.717177E-2,-3.482199E-2,-2.120949E-3,1.309883E-1,-2.086234E-2
1.730000E1,1.365864E-1,4.702404E-2,-2.531503E-2,-2.251694E-3,2.417059E-1,6.084116E-3
1.733333E1,1.358883E-1,4.702166E-2,-1.853697E-2,-6.758109E-4,1.577119E-1,3.072522E-2
1.736667E1,1.353506E-1,4.697898E-2,-1.491165E-2,-7.616789E-4,6.152330E-2,-5.503180E-3
1.740000E1,1.348942E-1,4.697088E-2,-1.433897E-2,-7.374745E-4,-1.918084E-2,1.336958E-3
1.743333E1,1.343947E-1,4.692982E-2,-1.635333E-2,-9.309427E-4,-5.879114E-2,2.173418E-3
1.746667E1,1.338040E-1,4.690882E-2,-1.845283E-2,-4.601728E-4,-6.763428E-3,2.999826E-2
1.750000E1,1.331645E-1,4.689914E-2,-1.711323E-2,9.038220E-4,8.018047E-2,-3.100742E-3
1.753333E1,1.326631E-1,4.696908E-2,-1.274047E-2,-4.391799E-5,8.182137E-2,-1.236308E-2
1.756667E1,1.323152E-1,4.689621E-2,-1.118911E-2,-8.883593E-4,2.867107E-2,1.176552E-3
1.760000E1,1.319172E-1,4.690985E-2,-1.144352E-2,6.734950E-4,6.029105E-3,2.256888E-2
1.763333E1,1.315523E-1,4.694111E-2,-1.058908E-2,5.603052E-4,1.355431E-2,-7.114980E-3
1.766667E1,1.312112E-1,4.694720E-2,-1.047396E-2,6.971324E-5,2.854578E-2,-1.379538E-2
1.770000E1,1.308540E-1,4.694576E-2,-9.045248E-3,-3.009802E-4,6.467886E-2,1.223645E-2
1.773333E1,1.306082E-1,4.692714E-2,-5.865336E-3,6.547140E-4,1.070655E-1,1.207183E-2
1.776667E1,1.304630E-1,4.698941E-2,-2.045495E-3,1.009849E-3,8.977537E-2,-4.655389E-3
1.780000E1,1.304718E-1,4.699446E-2,5.272162E-4,-4.592205E-5,4.341179E-2,-1.926993E-2
1.783333E1,1.304981E-1,4.698634E-2,6.175594E-4,-2.130442E-4,8.310144E-4,-2.867087E-3
1.786667E1,1.305130E-1,4.698026E-2,4.901639E-4,-1.979161E-4,-3.755559E-3,6.205847E-3
1.790000E1,1.305308E-1,4.697315E-2,4.203155E-4,1.412749E-4,2.295161E-3,-2.389466E-3
1.793333E1,1.305410E-1,4.698968E-2,5.672937E-4,-1.600174E-4,-3.511994E-3,-2.325210E-3
1.796667E1,1.305686E-1,4.696248E-2,3.456929E-4,-3.222927E-4,-4.766685E-3,-1.045302E-3
1.800000E1,1.305641E-1,4.696819E-2,4.819300E-5,2.579936E-5,-4.528427E-3,2.223813E-3
1.803333E1,1.305718E-1,4.696420E-2,1.738288E-4,-2.653169E-4,1.431173E-3,1.767402E-3
1.806667E1,1.305757E-1,4.695050E-2,1.022018E-4,5.608633E-5,-4.544877E-3,9.849256E-3
1.810000E1,1.305786E-1,4.696794E-2,-9.762625E-5,5.427361E-4,-3.055016E-3,2.658079E-3
1.813333E1,1.305692E-1,4.698669E-2,-1.695842E-4,2.209527E-4,3.951083E-3,-6.953645E-3
1.816667E1,1.305673E-1,4.698267E-2,1.904514E-4,-3.359666E-5,5.485649E-3,-4.578643E-3
1.820000E1,1.305818E-1,4.698445E-2,2.728320E-4,-2.706027E-6,1.611012E-3,-8.224634E-4
1.823333E1,1.305855E-1,4.698249E-2,2.031974E-4,-1.095572E-4,-2.268798E-4,-3.107156E-3
1.826667E1,1.305954E-1,4.697714E-2,3.060098E-4,-2.093989E-4,2.823299E-3,-6.397119E-3
1.830000E1,1.306059E-1,4.696853E-2,3.728836E-4,-5.072012E-4,-1.983877E-3,6.886395E-4
1.833333E1,1.306203E-1,4.694333E-2,2.187268E-4,-2.936506E-4,-6.358058E-3,5.198925E-3
1.836667E1,1.306205E-1,4.694895E-2,-1.035247E-4,2.726708E-5,-8.242012E-3,1.086347E-2
1.840000E1,1.306134E-1,4.694515E-2,-3.176614E-4,2.693130E-4,-4.446748E-4,1.306755E-3
1.843333E1,1.305993E-1,4.696691E-2,-1.809282E-4,2.952562E-4,5.317689E-3,-5.300056E-4
1.846667E1,1.306013E-1,4.696483E-2,1.123679E-4,5.960587E-5,2.203577E-3,-1.161691E-3
1.850000E1,1.306068E-1,4.697088E-2,-2.556900E-5,2.884559E-4,-1.999648E-3,7.198956E-4
1.853333E1,1.305996E-1,4.698406E-2,-1.000640E-4,1.550598E-4,-1.803823E-4,-3.748236E-3
1.856667E1,1.306002E-1,4.698122E-2,2.244690E-5,-5.034928E-5,1.857618E-3,-4.073046E-3
1.860000E1,1.306011E-1,4.698070E-2,1.101433E-5,-6.508104E-5,-2.581359E-3,3.238383E-3
1.863333E1,1.306009E-1,4.697688E-2,-1.365659E-4,1.137370E-4,1.145894E-3,-1.105250E-4
1.866667E1,1.305920E-1,4.698829E-2,1.250155E-5,4.270010E-5,1.242382E-3,-1.918521E-3
1.870000E1,1.306017E-1,4.697973E-2,7.579671E-5,-1.479236E-4,3.449055E-4,-4.336903E-3
1.873333E1,1.305970E-1,4.697843E-2,-7.562168E-5,-1.558509E-4,3.061471E-3,3.134871E-3
1.876667E1,1.305967E-1,4.696934E-2,2.869160E-4,-2.345480E-5,2.623659E-3,2.453086E-3
1.880000E1,1.306162E-1,4.697686E-2,2.261604E-4,1.118425E-4,-5.047239E-3,1.376847E-3
1.883333E1,1.306118E-1,4.697679E-2,-1.866193E-4,-8.680335E-8,-6.235936E-3,-1.451337E-3
1.886667E1,1.306037E-1,4.697686E-2,-1.648793E-4,2.816460E-5,-5.276422E-4,4.544061E-3
1.890000E1,1.306008E-1,4.697867E-2,-1.792517E-4,2.781257E-4,2.996330E-3,-2.213599E-3
1.893333E1,1.305918E-1,4.699540E-2,-3.542636E-5,1.087629E-5,-1.724316E-3,-2.639528E-3
1.896667E1,1.305984E-1,4.697940E-2,-1.625911E-4,-1.213097E-4,4.030028E-4,-5.096278E-4
1.900000E1,1.305809E-1,4.698731E-2,-1.927459E-4,1.605180E-4,5.218661E-4,6.208790E-3
1.903333E1,1.305856E-1,4.699010E-2,3.360172E-5,2.024135E-4,6.794840E-3,-3.574745E-3
1.906667E1,1.305832E-1,4.700080E-2,1.510430E-4,1.139507E-5,-1.834351E-3,-1.375099E-3
1.910000E1,1.305956E-1,4.699086E-2,3.789535E-5,-3.271373E-5,-4.388658E-3,1.142392E-3
1.913333E1,1.305857E-1,4.699862E-2,-2.728334E-4,2.108933E-4,-2.645044E-3,1.943614E-3
1.916667E1,1.305774E-1,4.700492E-2,-1.038920E-4,6.960853E-5,5.022958E-3,-8.200183E-3
1.920000E1,1.305788E-1,4.700326E-2,9.213629E-5,-3.270379E-4,1.096643E-3,-2.885901E-3
1.923333E1,1.305836E-1,4.698311E-2,-1.387074E-5,-2.374717E-4,-8.254131E-4,6.498979E-3
1.926667E1,1.305778E-1,4.698743E-2,-3.506669E-5,2.355884E-4,1.348461E-3,7.448383E-3
1.930000E1,1.305812E-1,4.699882E-2,1.332454E-4,2.500282E-4,7.819426E-5,-1.177715E-3
1.933333E1,1.305867E-1,4.700410E-2,-1.480524E-5,1.210973E-4,9.390695E-4,-5.485543E-3
1.936667E1,1.305803E-1,4.700689E-2,9.829900E-5,-8.863624E-5,4.068617E-5,-2.315190E-3
1.940000E1,1.305933E-1,4.699819E-2,1.338457E-4,-1.001477E-4,-2.187926E-3,3.065472E-3
1.943333E1,1.305892E-1,4.700022E-2,-1.578343E-4,1.706195E-4,-5.227766E-3,3.718381E-3
1.946667E1,1.305828E-1,4.700957E-2,-1.884431E-4,1.717049E-4,-1.457975E-3,-5.148201E-4
1.950000E1,1.305766E-1,4.701166E-2,-2.408515E-4,8.618395E-5,2.894642E-4,-4.160508E-3
1.953333E1,1.305667E-1,4.701531E-2,-1.997932E-4,-5.934751E-5,5.045558E-3,-3.351210E-3
1.956667E1,1.305633E-1,4.700771E-2,1.022374E-4,-1.937130E-4,7.852464E-3,-1.347854E-3
1.960000E1,1.305735E-1,4.700240E-2,3.605178E-4,-1.207454E-4,6.914083E-4,2.714597E-3
1.963333E1,1.305873E-1,4.699966E-2,1.694591E-4,-1.610459E-5,-1.005997E-2,7.348604E-3
1.966667E1,1.305848E-1,4.700133E-2,-3.487326E-4,3.409867E-4,-2.741922E-3,-2.324918E-3
1.970000E1,1.305641E-1,4.702239E-2,-1.271633E-4,-6.242687E-6,6.479445E-3,-1.873935E-3
1.973333E1,1.305763E-1,4.700091E-2,2.766966E-4,-8.742299E-5,3.271023E-3,-4.178210E-3
1.976667E1,1.305825E-1,4.701656E-2,1.811471E-5,2.853504E-5,-1.642819E-3,-1.785325E-3
1.980000E1,1.305775E-1,4.700281E-2,9.710624E-5,-4.120946E-4,4.457296E-3,-1.897423E-3
1.983333E1,1.305890E-1,4.698909E-2,4.013787E-4,-8.193514E-5,-4.599989E-3,6.945045E-3
1.986667E1,1.306043E-1,4.699735E-2,-1.423452E-4,1.578999E-4,-9.127852E-3,6.111508E-3
1.990000E1,1.305795E-1,4.699962E-2,-4.318225E-4,2.296201E-4,-3.391910E-3,-3.597428E-3
1.993333E1,1.305755E-1,4.701266E-2,-1.842022E-4,2.885941E-5,9.469435E-3,-5.043478E-3
1.996667E1,1.305672E-1,4.700154E-2,8.836685E-5,-2.457726E-4,3.867323E-3,2.492869E-3
2.000000E1,1.305814E-1,4.699627E-2,2.098705E-4,2.181506E-4,1.332007E-3,3.392901E-3
2.003333E1,1.305812E-1,4.701608E-2,5.834022E-5,1.402344E-4,-2.313769E-3,-2.157964E-3
2.006667E1,1.305853E-1,4.700562E-2,1.068626E-4,-1.347765E-4,-4.073145E-3,-4.144764E-3
2.010000E1,1.305883E-1,4.700710E-2,-1.869606E-4,-1.200307E-5,-2.223626E-3,1.123432E-3
2.013333E1,1.305728E-1,4.700482E-2,-1.620598E-4,-9.739671E-5,-5.075753E-4,2.288699E-3
2.016667E1,1.305775E-1,4.700060E-2,-6.490792E-5,1.069613E-4,7.246393E-3,1.191935E-3
2.020000E1,1.305685E-1,4.701195E-2,1.575611E-4,8.885491E-5,7.140138E-4,-2.080728E-3
2.023333E1,1.305880E-1,4.700653E-2,1.910627E-4,-1.401898E-4,-4.295997E-3,-8.595131E-4
2.026667E1,1.305812E-1,4.700261E-2,-2.906077E-4,4.996955E-5,-7.247717E-4,-1.146184E-3
2.030000E1,1.305687E-1,4.700986E-2,1.055181E-4,-1.232237E-4,4.908434E-3,8.792729E-4
2.033333E1,1.305883E-1,4.699439E-2,2.370467E-4,-6.916295E-5,4.407240E-4,-5.231996E-4
2.036667E1,1.305845E-1,4.700525E-2,-4.433780E-5,4.371010E-5,-3.223570E-3,5.400618E-3
2.040000E1,1.305853E-1,4.699730E-2,8.387772E-5,1.048558E-4,-3.166295E-4,-2.211801E-3
2.043333E1,1.305901E-1,4.701224E-2,-3.357267E-5,8.627854E-5,-4.123666E-3,5.737333E-4
2.046667E1,1.305831E-1,4.700306E-2,-2.446298E-4,-4.255519E-5,3.168350E-4,-2.871323E-3
2.050000E1,1.305738E-1,4.700940E-2,-3.265883E-5,3.524661E-5,2.923560E-3,4.462140E-3
2.053333E1,1.305809E-1,4.700541E-2,4.946487E-5,1.401753E-4,4.064387E-3,-2.251550E-3
2.056667E1,1.305771E-1,4.701875E-2,1.219385E-4,3.393159E-5,-3.118895E-3,-2.369769E-3
2.060000E1,1.305890E-1,4.700767E-2,-1.374198E-5,-1.812085E-4,8.555988E-4,-4.204493E-3
2.063333E1,1.305761E-1,4.700667E-2,-1.472049E-5,-1.357533E-4,-6.092308E-4,3.337231E-3
2.066667E1,1.305881E-1,4.699862E-2,1.367993E-4,-3.938627E-5,-4.019277E-3,5.858374E-3
2.070000E1,1.305853E-1,4.700404E-2,-3.594982E-4,3.070182E-4,-2.821463E-3,3.540491E-4
2.073333E1,1.305641E-1,4.701909E-2,-1.656149E-4,5.343574E-5,7.442031E-3,-6.350985E-3
2.076667E1,1.305742E-1,4.700760E-2,3.093908E-4,-2.624163E-4,6.525112E-3,-1.035176E-3
2.080000E1,1.305847E-1,4.700159E-2,2.177489E-4,3.408487E-5,-5.920483E-3,3.007679E-3
2.083333E1,1.305887E-1,4.700988E-2,-8.452401E-5,2.024786E-5,-7.426023E-3,1.728435E-3
2.086667E1,1.305791E-1,4.700294E-2,-3.180189E-4,2.077556E-5,2.471476E-3,-2.256011E-3
2.090000E1,1.305675E-1,4.701126E-2,4.548117E-5,3.045711E-6,6.400720E-3,-5.557951E-4
2.093333E1,1.305821E-1,4.700314E-2,2.512707E-4,-1.349093E-4,1.734534E-3,-2.864865E-3
2.096667E1,1.305843E-1,4.700227E-2,5.364277E-5,-1.097855E-4,-5.333368E-4,-9.825842E-5
2.100000E1,1.305857E-1,4.699583E-2,2.143650E-4,-1.823651E-4,-1.562471E-3,3.903961E-3
2.103333E1,1.305986E-1,4.699011E-2,4.865419E-5,1.233798E-4,-7.561265E-3,6.462771E-3
2.106667E1,1.305889E-1,4.700405E-2,-3.957198E-4,3.420681E-4,-3.568243E-3,-2.232573E-3
2.110000E1,1.305722E-1,4.701291E-2,-2.126694E-4,-4.494768E-5,4.767170E-3,-4.056959E-3
2.113333E1,1.305747E-1,4.700105E-2,2.706636E-5,-5.000171E-5,6.140368E-3,-2.102227E-3
2.116667E1,1.305740E-1,4.700958E-2,1.206854E-4,-1.469077E-5,-8.722925E-4,2.156746E-3
2.120000E1,1.305828E-1,4.700007E-2,4.782550E-5,-5.942289E-5,-1.652165E-3,-2.515624E-3
2.123333E1,1.305772E-1,4.700562E-2,-8.376372E-5,-4.857023E-5,-2.583562E-3,1.945318E-3
2.126667E1,1.305772E-1,4.699684E-2,-6.060410E-5,-5.338498E-5,5.062755E-3,1.204317E-3
2.130000E1,1.305731E-1,4.700206E-2,1.808653E-4,1.267132E-4,-1.641184E-3,2.679043E-3
2.133333E1,1.305893E-1,4.700528E-2,-4.906769E-6,8.791001E-5,-3.962647E-3,-2.105104E-3
2.136667E1,1.305728E-1,4.700792E-2,-2.946082E-4,-5.036557E-7,-3.831300E-5,-3.147462E-3
2.140000E1,1.305696E-1,4.700525E-2,9.232670E-5,-1.354797E-4,7.803277E-3,-5.312389E-4
2.143333E1,1.305790E-1,4.699889E-2,2.545820E-4,-5.919284E-5,1.675737E-3,-4.821196E-4
2.146667E1,1.305866E-1,4.700130E-2,1.772066E-4,-9.775965E-5,-5.641383E-3,2.927045E-3
2.150000E1,1.305908E-1,4.699237E-2,-1.003150E-4,2.642442E-5,-4.160191E-3,2.649136E-3
2.153333E1,1.305799E-1,4.700307E-2,-1.784157E-4,2.039923E-4,4.523461E-4,1.329728E-3
2.156667E1,1.305789E-1,4.700597E-2,-3.397318E-8,4.555673E-5,1.907397E-3,-3.289559E-3
2.160000E1,1.305799E-1,4.700610E-2,-5.185416E-5,-8.681294E-6,-1.232367E-3,-1.051257E-3
2.163333E1,1.305754E-1,4.700539E-2,-1.131289E-4,-2.210292E-5,-1.831626E-3,1.887897E-3
2.166667E1,1.305724E-1,4.700463E-2,-1.481295E-4,1.010715E-4,5.596717E-3,-1.792563E-3
2.170000E1,1.305656E-1,4.701213E-2,1.852765E-4,-6.470739E-5,2.820290E-3,-9.341967E-4
2.173333E1,1.305847E-1,4.700032E-2,2.111602E-4,-9.827444E-5,-9.090968E-4,-2.533980E-4
2.176667E1,1.305796E-1,4.700558E-2,-4.958511E-5,4.857869E-5,-3.600801E-3,4.083206E-3
2.180000E1,1.305814E-1,4.700355E-2,5.257176E-5,8.527152E-5,3.229861E-3,-1.376950E-3
2.183333E1,1.305831E-1,4.701126E-2,1.384436E-4,4.124408E-5,1.068837E-3,-2.512565E-3
2.186667E1,1.305906E-1,4.700630E-2,1.582363E-4,-1.562960E-4,-4.319725E-3,2.403340E-4
2.190000E1,1.305937E-1,4.700084E-2,-1.469598E-4,5.149475E-5,-7.325700E-3,1.959495E-3
2.193333E1,1.305808E-1,4.700974E-2,-3.882748E-4,6.567210E-5,2.920047E-3,-1.372359E-3
2.196667E1,1.305678E-1,4.700522E-2,2.189743E-5,-1.291350E-4,4.595202E-3,1.551883E-3
2.200000E1,1.305823E-1,4.700113E-2,8.634364E-5,1.593705E-4,2.751788E-3,-1.570522E-3
2.203333E1,1.305736E-1,4.701585E-2,8.076487E-6,-7.966796E-5,5.127535E-4,-4.093406E-3
2.206667E1,1.305828E-1,4.699582E-2,2.514626E-4,-3.400116E-4,4.624753E-4,1.094716E-3
2.210000E1,1.305903E-1,4.699318E-2,2.153895E-5,1.146188E-4,-7.543374E-3,8.397356E-3
2.213333E1,1.305843E-1,4.700346E-2,-2.900141E-4,2.467211E-4,-1.365623E-3,-3.154677E-4
2.216667E1,1.305710E-1,4.700963E-2,-1.124524E-4,6.538077E-5,1.765954E-3,-3.166054E-3
2.220000E1,1.305768E-1,4.700782E-2,-4.388928E-5,2.200210E-6,5.026217E-3,-2.124333E-3
2.223333E1,1.305681E-1,4.700977E-2,7.191429E-5,-3.029452E-5,2.795967E-3,-1.141892E-3
2.226667E1,1.305816E-1,4.700580E-2,2.859399E-4,-1.089016E-4,8.202132E-5,-1.012660E-3
2.230000E1,1.305871E-1,4.700251E-2,1.698057E-5,-8.417844E-5,-5.777428E-3,-4.963321E-4
2.233333E1,1.305827E-1,4.700019E-2,-1.258381E-4,-1.306807E-4,-2.214308E-3,3.905108E-3
2.236667E1,1.305787E-1,4.699380E-2,-1.088354E-4,1.131948E-4,3.329135E-3,3.050454E-3
2.240000E1,1.305755E-1,4.700773E-2,7.351075E-5,1.996250E-4,5.922601E-4,-2.711898E-3
2.243333E1,1.305836E-1,4.700711E-2,1.173685E-5,-1.541467E-4,4.237852E-3,-4.522270E-3
2.246667E1,1.305762E-1,4.699746E-2,2.038082E-4,-1.319125E-4,-8.092449E-4,1.358141E-3
2.250000E1,1.305972E-1,4.699832E-2,1.774772E-4,3.933693E-6,-2.509888E-3,4.160323E-3
2.253333E1,1.305881E-1,4.699772E-2,-1.687137E-4,9.984053E-5,-7.445453E-3,1.772605E-5
2.256667E1,1.305860E-1,4.700497E-2,-2.038246E-4,6.385354E-5,1.366440E-3,1.426854E-3
2.260000E1,1.305745E-1,4.700197E-2,-1.595764E-4,1.061944E-4,2.422398E-3,1.588920E-3
2.263333E1,1.305753E-1,4.701205E-2,3.017774E-5,2.545903E-4,4.365461E-3,-2.084131E-3
2.266667E1,1.305765E-1,4.701895E-2,9.725676E-5,-3.923172E-5,-7.347267E-4,-6.309210E-3
2.270000E1,1.305818E-1,4.700944E-2,1.867691E-5,-2.365062E-4,2.391913E-4,-2.360462E-3
2.273333E1,1.305777E-1,4.700318E-2,4.056144E-5,-1.525033E-4,8.992222E-4,3.417729E-3
2.276667E1,1.305845E-1,4.699927E-2,1.527220E-4,-1.955926E-5,2.778877E-3,3.237670E-3
2.280000E1,1.305879E-1,4.700188E-2,1.771525E-4,8.525336E-5,-4.195551E-3,7.952141E-3
2.283333E1,1.305963E-1,4.700495E-2,-5.429311E-5,4.478293E-4,-4.934502E-3,3.078962E-3
2.286667E1,1.305843E-1,4.703173E-2,-2.641417E-4,4.426338E-4,3.526677E-3,-4.650143E-3
2.290000E1,1.305787E-1,4.703446E-2,1.999536E-4,-3.801101E-6,3.504163E-3,-8.896915E-3
2.293333E1,1.305976E-1,4.703148E-2,1.237915E-4,-1.191983E-4,-1.935394E-4,-2.053446E-3
2.296667E1,1.305870E-1,4.702651E-2,-3.294097E-5,-1.384387E-4,2.425093E-4,-2.118141E-3
2.300000E1,1.305954E-1,4.702225E-2,2.811764E-4,-2.375235E-4,-9.088014E-4,1.355136E-3
2.303333E1,1.306057E-1,4.701068E-2,-7.213421E-5,-1.141645E-4,-1.004826E-2,4.625205E-3
2.306667E1,1.305906E-1,4.701464E-2,-4.954475E-4,1.487351E-4,-8.758115E-4,2.178501E-3
2.310000E1,1.305727E-1,4.702060E-2,-1.444043E-4,2.790956E-5,5.151716E-3,2.317061E-3
2.313333E1,1.305810E-1,4.701650E-2,1.772005E-6,2.084893E-4,1.926137E-3,-3.216597E-3
2.316667E1,1.305728E-1,4.703449E-2,-1.556608E-4,5.972259E-6,-3.662799E-3,-6.578845E-3
2.320000E1,1.305706E-1,4.701690E-2,-1.669932E-4,-4.422327E-4,9.967380E-4,-2.917450E-3
2.323333E1,1.305617E-1,4.700501E-2,-1.480821E-4,-1.213588E-4,2.177105E-3,9.750827E-3
2.326667E1,1.305607E-1,4.700881E-2,2.002445E-5,2.441490E-4,4.875800E-3,1.536775E-3
2.330000E1,1.305630E-1,4.702129E-2,1.603730E-4,3.345689E-5,5.302287E-4,-2.568328E-3
2.333333E1,1.305714E-1,4.701104E-2,9.709532E-5,-7.618669E-5,-3.375631E-3,-2.003006E-4
2.336667E1,1.305695E-1,4.701621E-2,-1.143185E-4,1.374674E-4,-8.197013E-4,-1.131971E-3
2.340000E1,1.305638E-1,4.702020E-2,2.135220E-5,-1.510860E-4,1.711246E-3,-3.071918E-3
2.343333E1,1.305709E-1,4.700614E-2,8.126671E-5,-1.771369E-4,6.432523E-4,1.190873E-3
2.346667E1,1.305692E-1,4.700839E-2,-6.930054E-6,4.076520E-5,-7.395271E-4,2.406447E-3
2.350000E1,1.305705E-1,4.700886E-2,5.983455E-5,-5.019338E-5,3.667500E-3,-2.782864E-3
2.353333E1,1.305732E-1,4.700505E-2,2.186828E-4,-1.536152E-4,-3.848452E-3,-5.005088E-4
2.356667E1,1.305850E-1,4.699861E-2,-9.690973E-5,-9.905395E-5,-3.733706E-3,4.179352E-3
2.360000E1,1.305668E-1,4.699844E-2,-2.246617E-4,1.371252E-4,-3.914285E-3,3.147426E-3
2.363333E1,1.305701E-1,4.700776E-2,-1.635740E-4,1.556906E-4,1.735524E-3,3.061453E-3
2.366667E1,1.305559E-1,4.700882E-2,-2.545480E-4,2.538479E-4,2.073141E-3,-5.294093E-3
2.370000E1,1.305531E-1,4.702468E-2,4.299742E-5,-4.219083E-5,1.543353E-2,-1.117979E-2
2.373333E1,1.305587E-1,4.700601E-2,7.088758E-4,-6.572667E-4,2.961913E-3,-3.725941E-3
2.376667E1,1.306003E-1,4.698086E-2,4.855803E-4,-3.081153E-4,-8.048588E-3,6.084377E-3
2.380000E1,1.305911E-1,4.698547E-2,-1.420776E-4,-7.919112E-5,,
2.383333E1,1.305909E-1,4.697558E-2,,,,
