,mass A,,,,,,
t,x,y,vx,vy,ax,ay,
8.433333E0,1.657521E-1,4.474390E-2,,,,
8.466667E0,1.657576E-1,4.473905E-2,1.019210E-4,-5.557323E-5,,
8.500000E0,1.657589E-1,4.474019E-2,-9.945605E-6,4.089503E-6,-1.080565E-3,3.847227E-3
8.533333E0,1.657570E-1,4.473933E-2,1.456145E-5,1.538318E-4,-2.534391E-3,-1.246499E-4
8.566667E0,1.657599E-1,4.475045E-2,-1.212050E-4,8.670592E-5,8.515451E-4,-5.333022E-3
8.600000E0,1.657489E-1,4.474511E-2,-4.022838E-5,-2.807117E-4,-1.993290E-3,-5.050853E-4
8.633333E0,1.657572E-1,4.473173E-2,-9.252861E-5,-3.015596E-6,3.205090E-3,4.244985E-3
8.666667E0,1.657427E-1,4.474491E-2,-2.436649E-5,1.660187E-4,5.057986E-4,1.951653E-3
8.700000E0,1.657556E-1,4.474280E-2,1.421591E-4,-3.758325E-6,2.932561E-3,-3.595828E-3
8.733333E0,1.657522E-1,4.474466E-2,2.477960E-5,-1.403733E-5,-5.946130E-3,2.331560E-3
8.766667E0,1.657572E-1,4.474186E-2,-1.414682E-4,9.740919E-5,-2.588801E-3,-1.503362E-3
8.800000E0,1.657428E-1,4.475115E-2,-2.725880E-4,-1.117004E-5,3.922465E-3,-1.657946E-3
8.833333E0,1.657391E-1,4.474112E-2,1.681365E-4,-1.441573E-4,2.793792E-3,-4.673036E-4
8.866667E0,1.657540E-1,4.474154E-2,2.995115E-5,3.992997E-5,-1.909140E-3,3.765950E-3
8.900000E0,1.657411E-1,4.474378E-2,-1.518906E-4,8.920734E-5,-6.251257E-4,1.531552E-3
8.933333E0,1.657439E-1,4.474749E-2,1.112252E-4,1.402250E-4,5.494621E-3,-2.091133E-3
8.966667E0,1.657485E-1,4.475313E-2,1.824471E-4,-1.822103E-5,-2.154045E-3,-8.719210E-5
9.000000E0,1.657560E-1,4.474627E-2,7.365410E-6,4.136137E-5,4.850875E-4,-3.749879E-3
9.033333E0,1.657490E-1,4.475589E-2,1.014103E-4,-1.133954E-4,-2.561328E-3,-1.333335E-3
9.066667E0,1.657628E-1,4.473871E-2,1.431069E-5,-2.373635E-4,-2.517527E-3,-5.101920E-4
9.100000E0,1.657499E-1,4.474006E-2,-2.453513E-4,-4.193666E-6,-1.788641E-3,5.125781E-3
9.133333E0,1.657464E-1,4.473843E-2,-1.995187E-5,3.926238E-5,3.894828E-3,1.050728E-3
9.166667E0,1.657486E-1,4.474268E-2,2.447184E-5,1.012049E-4,2.013475E-3,-2.514061E-5
9.200000E0,1.657481E-1,4.474518E-2,7.708777E-5,2.466102E-5,6.150530E-4,-1.612647E-3
9.233333E0,1.657537E-1,4.474433E-2,1.070709E-4,-1.800330E-5,-1.663987E-3,2.332353E-3
9.266667E0,1.657552E-1,4.474398E-2,-5.170758E-5,1.645199E-4,-2.625900E-3,9.206387E-4
9.300000E0,1.657503E-1,4.475529E-2,-9.376636E-5,1.231573E-4,-1.940298E-4,-4.504032E-3
9.333333E0,1.657489E-1,4.475219E-2,-3.639554E-5,-2.063533E-4,3.661991E-3,-5.013766E-3
9.366667E0,1.657479E-1,4.474154E-2,1.219048E-4,-2.259297E-4,-1.244490E-4,2.501403E-3
9.400000E0,1.657571E-1,4.473713E-2,3.344011E-5,-1.360902E-5,-4.164970E-3,4.753609E-3
9.433333E0,1.657501E-1,4.474063E-2,-2.423794E-4,1.106954E-4,-1.357544E-3,1.989863E-3
9.466667E0,1.657409E-1,4.474451E-2,-6.233217E-5,1.052873E-4,3.780604E-3,-2.465359E-4
9.500000E0,1.657459E-1,4.474765E-2,8.476169E-5,9.078913E-5,3.746953E-3,-4.639557E-4
9.533333E0,1.657466E-1,4.475056E-2,1.231812E-4,7.649916E-5,-1.678227E-3,-1.910064E-3
9.566667E0,1.657541E-1,4.475275E-2,3.913377E-5,-2.605220E-5,-3.167292E-4,-3.034602E-3
9.600000E0,1.657492E-1,4.474882E-2,1.041297E-5,-1.463740E-4,-4.550727E-3,-4.319355E-4
9.633333E0,1.657548E-1,4.474299E-2,-1.463934E-4,-6.555461E-5,-1.559720E-3,4.740946E-3
9.666667E0,1.657394E-1,4.474445E-2,-2.389058E-4,1.848970E-4,1.146682E-3,-1.232943E-4
9.700000E0,1.657389E-1,4.475532E-2,3.257530E-5,-2.236855E-6,5.145143E-3,-2.375090E-3
9.733333E0,1.657416E-1,4.474430E-2,8.488919E-5,-1.177268E-4,1.733092E-3,-5.760863E-3
9.766667E0,1.657446E-1,4.474747E-2,1.361676E-4,-2.319553E-4,1.891578E-5,4.195024E-3
9.800000E0,1.657507E-1,4.472884E-2,1.091365E-4,-3.646321E-5,-4.093325E-3,2.387929E-3
9.833333E0,1.657519E-1,4.474504E-2,-1.392691E-4,1.685328E-4,-7.829516E-4,2.968169E-3
9.866667E0,1.657414E-1,4.474008E-2,-2.407901E-5,-2.201421E-5,2.136399E-3,-5.628474E-3
9.900000E0,1.657502E-1,4.474357E-2,1.304926E-4,-9.637415E-5,3.580526E-3,2.012614E-3
9.933333E0,1.657501E-1,4.473365E-2,1.169324E-4,-5.212396E-6,-2.377273E-3,4.354876E-3
9.966667E0,1.657580E-1,4.474322E-2,5.289082E-5,3.038418E-4,-3.233569E-3,-5.011813E-4
1.000000E1,1.657536E-1,4.475391E-2,-1.647858E-4,-2.610241E-5,-9.445395E-4,-7.482856E-3
1.003333E1,1.657471E-1,4.474148E-2,-1.795230E-5,-3.059758E-4,3.774276E-4,1.272603E-3
1.006667E1,1.657524E-1,4.473351E-2,-5.360746E-5,8.151376E-5,-8.100050E-4,5.745824E-3
1.010000E1,1.657435E-1,4.474692E-2,-1.721919E-4,1.895611E-4,1.626259E-3,-5.114240E-4
1.013333E1,1.657409E-1,4.474615E-2,8.895476E-5,-5.465945E-5,1.264578E-3,-4.005217E-3
1.016667E1,1.657494E-1,4.474327E-2,-1.554859E-5,-5.984672E-5,-4.248983E-4,2.017511E-3
1.020000E1,1.657399E-1,4.474216E-2,-7.095889E-5,7.620515E-5,-8.292012E-4,1.913959E-3
1.023333E1,1.657447E-1,4.474835E-2,4.350411E-5,1.066504E-4,1.731634E-3,-4.548398E-3
1.026667E1,1.657428E-1,4.474927E-2,-2.013819E-5,-2.287449E-4,-5.386983E-4,-1.825181E-3
1.030000E1,1.657433E-1,4.473310E-2,3.045016E-5,-1.278893E-4,2.111915E-3,4.808847E-3
1.033333E1,1.657448E-1,4.474074E-2,1.099809E-4,2.302697E-4,-3.574376E-4,3.992530E-3
1.036667E1,1.657507E-1,4.474845E-2,4.244096E-5,1.055892E-4,-5.015567E-3,-5.128893E-3
1.040000E1,1.657476E-1,4.474778E-2,-2.492051E-4,-1.318369E-4,-1.673317E-3,-2.247975E-3
1.043333E1,1.657341E-1,4.473967E-2,-1.343809E-4,-8.133453E-5,7.772212E-3,2.153849E-3
1.046667E1,1.657387E-1,4.474236E-2,3.407978E-4,7.484731E-5,6.250737E-3,3.560315E-3
1.050000E1,1.657568E-1,4.474465E-2,3.312109E-4,1.233984E-4,-6.234081E-3,-1.032291E-4
1.053333E1,1.657608E-1,4.475058E-2,-1.286159E-4,9.605328E-5,-6.029261E-3,-9.477484E-4
1.056667E1,1.657482E-1,4.475106E-2,-1.446504E-4,2.721283E-5,1.460732E-3,-2.580351E-3
1.060000E1,1.657511E-1,4.475240E-2,7.273070E-5,-4.798719E-5,2.429662E-3,-3.064280E-3
1.063333E1,1.657531E-1,4.474786E-2,-1.036675E-5,-1.956168E-4,-4.397086E-5,4.985248E-4
1.066667E1,1.657504E-1,4.473936E-2,3.606363E-5,-4.864139E-5,-4.286219E-3,2.469650E-3
1.070000E1,1.657555E-1,4.474462E-2,-2.030789E-4,5.166861E-5,-1.964812E-3,3.555363E-3
1.073333E1,1.657369E-1,4.474280E-2,-2.554390E-4,1.056872E-4,1.298872E-3,-4.979680E-4
1.076667E1,1.657384E-1,4.475166E-2,2.339713E-5,1.026973E-4,5.739799E-3,-1.080300E-3
1.080000E1,1.657385E-1,4.474965E-2,6.809218E-5,-3.890208E-5,-5.558315E-4,-3.882913E-3
1.083333E1,1.657430E-1,4.474907E-2,2.461164E-5,-1.130339E-4,3.590576E-3,-1.211250E-3
1.086667E1,1.657401E-1,4.474211E-2,2.221641E-4,-1.573963E-4,-1.657111E-3,1.724480E-3
1.090000E1,1.657578E-1,4.473858E-2,8.210136E-5,1.321758E-5,-1.642991E-3,5.661706E-5
1.093333E1,1.657456E-1,4.474299E-2,-9.786290E-5,-9.444347E-5,-5.330209E-3,4.746906E-3
1.096667E1,1.657513E-1,4.473228E-2,-9.462371E-5,1.766397E-4,3.496670E-4,2.701704E-3
1.100000E1,1.657393E-1,4.475477E-2,-2.100499E-4,3.121782E-4,-1.501759E-3,4.780616E-3
1.103333E1,1.657372E-1,4.475309E-2,-1.073552E-4,2.742559E-4,3.722364E-3,-5.815515E-3
1.106667E1,1.657321E-1,4.477305E-2,-1.643578E-5,1.352317E-4,5.134033E-3,-5.646044E-3
1.110000E1,1.657362E-1,4.476211E-2,2.611135E-4,-2.869006E-4,2.327988E-3,-8.134573E-4
1.113333E1,1.657495E-1,4.475393E-2,1.891547E-4,1.085179E-4,-6.337125E-3,3.186714E-3
1.116667E1,1.657488E-1,4.476934E-2,-2.143227E-4,7.596243E-5,-1.618775E-3,1.526386E-5
1.120000E1,1.657352E-1,4.475899E-2,-1.241965E-6,-8.384089E-5,1.682898E-3,3.250978E-4
1.123333E1,1.657487E-1,4.476375E-2,8.635482E-5,2.082740E-4,3.529779E-3,3.653668E-3
1.126667E1,1.657410E-1,4.477288E-2,4.595173E-5,1.619997E-4,-6.598161E-3,5.070126E-3
1.130000E1,1.657517E-1,4.477455E-2,-1.600294E-4,4.481843E-4,6.260177E-4,-4.087586E-3
1.133333E1,1.657303E-1,4.480275E-2,-1.590297E-4,1.224965E-4,1.720778E-3,-4.204055E-3
1.136667E1,1.657411E-1,4.478272E-2,1.823483E-4,-1.588355E-4,4.052221E-3,-4.864914E-3
1.140000E1,1.657425E-1,4.479217E-2,6.039901E-6,5.982706E-5,-4.938929E-3,5.397368E-3
1.143333E1,1.657415E-1,4.478671E-2,-1.226001E-4,4.422501E-5,4.942355E-4,2.816688E-3
1.146667E1,1.657343E-1,4.479511E-2,-1.260549E-5,3.281188E-4,3.598061E-3,1.175728E-3
1.150000E1,1.657407E-1,4.480858E-2,1.897599E-4,1.507711E-4,-4.122271E-4,-2.279590E-3
1.153333E1,1.657469E-1,4.480516E-2,-3.794250E-5,6.850690E-5,-1.225133E-2,-3.128208E-3
1.156667E1,1.657382E-1,4.481315E-2,-6.374620E-4,5.379601E-5,-2.736416E-3,-7.706838E-5
1.160000E1,1.657044E-1,4.480875E-2,-3.847657E-4,-2.884787E-5,5.220599E-4,2.342103E-3
1.163333E1,1.657125E-1,4.481123E-2,-2.934614E-4,2.419558E-4,-1.596875E-2,8.503243E-3
1.166667E1,1.656849E-1,4.482488E-2,-1.584171E-3,5.510393E-4,-4.060073E-2,-4.783423E-3
1.170000E1,1.656069E-1,4.484796E-2,-3.039297E-3,3.359993E-5,-4.988801E-2,-3.375181E-3
1.173333E1,1.654823E-1,4.482712E-2,-4.844408E-3,2.475702E-5,-2.465491E-2,-7.335516E-3
1.176667E1,1.652840E-1,4.484961E-2,-5.029952E-3,-6.932986E-5,-1.974653E-2,2.203447E-3
1.180000E1,1.651469E-1,4.482250E-2,-5.536609E-3,-2.187274E-4,-6.248044E-2,-3.523816E-3
1.183333E1,1.649148E-1,4.483503E-2,-9.387653E-3,2.243425E-5,-1.407723E-1,1.875458E-3
1.186667E1,1.645211E-1,4.482400E-2,-1.496084E-2,-2.860649E-4,-1.289072E-1,9.642900E-4
1.190000E1,1.639175E-1,4.481596E-2,-1.848132E-2,1.011742E-4,5.088114E-2,1.376397E-2
1.193333E1,1.632890E-1,4.483074E-2,-1.217894E-2,6.879630E-4,1.820677E-1,3.192699E-4
1.196667E1,1.631055E-1,4.486182E-2,-4.523350E-3,2.420628E-4,1.136916E-1,5.074526E-3
1.200000E1,1.629874E-1,4.484688E-2,-5.056489E-3,6.387623E-4,-3.254851E-2,-5.139028E-3
1.203333E1,1.627684E-1,4.490441E-2,-7.179021E-3,4.858505E-4,-5.224161E-2,-9.044901E-3
1.206667E1,1.625088E-1,4.487927E-2,-8.408175E-3,-5.088772E-4,-3.808311E-2,-8.267319E-3
1.210000E1,1.622079E-1,4.487048E-2,-9.710854E-3,1.262467E-4,-3.329259E-2,6.355042E-3
1.213333E1,1.618615E-1,4.488768E-2,-1.069126E-2,5.673908E-5,5.541573E-2,-7.821026E-3
1.216667E1,1.614951E-1,4.487426E-2,-6.627454E-3,-5.596391E-4,8.709379E-2,2.900480E-3
1.220000E1,1.614196E-1,4.485037E-2,-3.429704E-3,1.474040E-4,4.237703E-3,1.010140E-2
1.223333E1,1.612665E-1,4.488409E-2,-6.962468E-3,4.616606E-4,-7.502490E-2,2.369594E-4
1.226667E1,1.609555E-1,4.488115E-2,-8.990325E-3,-1.136964E-4,-4.060609E-2,-1.125573E-2
1.230000E1,1.606671E-1,4.487651E-2,-9.160917E-3,-2.076794E-4,6.151081E-3,1.987753E-3
1.233333E1,1.603447E-1,4.486731E-2,-8.887048E-3,-3.198019E-5,3.156998E-4,2.915189E-3
1.236667E1,1.600747E-1,4.487438E-2,-8.750031E-3,8.445891E-5,8.661441E-3,-5.600962E-3
1.240000E1,1.597614E-1,4.487294E-2,-8.705759E-3,-4.225690E-4,4.788648E-2,-8.423929E-4
1.243333E1,1.594943E-1,4.484621E-2,-5.610555E-3,-1.543286E-4,6.018556E-2,5.406460E-3
1.246667E1,1.593874E-1,4.486265E-2,-3.993430E-3,2.165759E-4,-4.697170E-2,2.947911E-3
1.250000E1,1.592280E-1,4.486065E-2,-8.743513E-3,-1.206830E-4,-8.744633E-2,-3.929269E-3
1.253333E1,1.588045E-1,4.485460E-2,-1.107657E-2,-4.294503E-5,-5.099791E-2,1.410404E-2
1.256667E1,1.584896E-1,4.485778E-2,-1.090282E-2,7.712350E-4,-2.408528E-2,-7.471690E-4
1.260000E1,1.580776E-1,4.490602E-2,-1.321024E-2,2.513776E-4,2.139895E-2,-5.628746E-3
1.263333E1,1.576089E-1,4.487454E-2,-1.007956E-2,-1.549447E-4,1.389321E-1,-1.387881E-2
1.266667E1,1.574056E-1,4.489569E-2,-3.115513E-3,-1.635447E-4,1.522785E-1,-2.497350E-3
1.270000E1,1.574012E-1,4.486364E-2,2.950270E-4,-6.995985E-4,2.070182E-2,-8.457790E-4
1.273333E1,1.574253E-1,4.484905E-2,-1.694307E-3,-8.193364E-5,-1.913457E-1,1.479326E-2
1.276667E1,1.572883E-1,4.485818E-2,-1.207507E-2,3.412262E-4,-1.963303E-1,1.308201E-2
1.280000E1,1.566203E-1,4.487180E-2,-1.712902E-2,7.148791E-4,4.959468E-3,-8.766343E-3
1.283333E1,1.561463E-1,4.490584E-2,-1.033063E-2,-1.701303E-5,1.192964E-1,-1.246151E-2
1.286667E1,1.559316E-1,4.487066E-2,-8.226014E-3,-5.311190E-4,9.669090E-2,-8.228222E-3
1.290000E1,1.555979E-1,4.487043E-2,-5.582073E-3,-2.349688E-4,9.488086E-2,3.231008E-3
1.293333E1,1.555594E-1,4.485500E-2,-4.775805E-4,-4.565923E-4,9.309320E-2,8.086109E-3
1.296667E1,1.555661E-1,4.483999E-2,1.868931E-4,2.398579E-4,-6.554989E-2,6.522906E-3
1.300000E1,1.555719E-1,4.487099E-2,-4.307617E-3,2.689987E-4,-2.060530E-1,4.637706E-3
1.303333E1,1.552789E-1,4.485792E-2,-1.407382E-2,1.798730E-4,-1.805028E-1,-4.442104E-3
1.306667E1,1.546337E-1,4.488298E-2,-1.747909E-2,2.958308E-4,4.269424E-2,4.485553E-3
1.310000E1,1.541137E-1,4.487764E-2,-1.064382E-2,2.135543E-4,1.547485E-1,-1.528114E-2
1.313333E1,1.539241E-1,4.489722E-2,-5.973968E-3,-4.087311E-4,1.199228E-1,-5.741261E-3
1.316667E1,1.537154E-1,4.485040E-2,-3.791520E-3,-6.193330E-4,7.758838E-2,-2.785261E-3
1.320000E1,1.536713E-1,4.485593E-2,-2.135544E-4,-1.785252E-4,5.071317E-2,1.516367E-2
1.323333E1,1.537011E-1,4.483849E-2,-2.786943E-4,9.293864E-5,-1.400225E-1,4.549566E-3
1.326667E1,1.536527E-1,4.486213E-2,-8.968659E-3,3.948736E-4,-2.839767E-1,2.214032E-3
1.330000E1,1.531032E-1,4.486482E-2,-2.060186E-2,6.505054E-5,-1.962344E-1,-7.420898E-3
1.333333E1,1.522793E-1,4.486646E-2,-2.247441E-2,-4.588368E-5,7.275713E-2,-1.902376E-3
1.336667E1,1.516049E-1,4.486176E-2,-1.523522E-2,-9.351691E-5,2.356197E-1,4.861449E-3
1.340000E1,1.512636E-1,4.486023E-2,-6.232800E-3,2.614798E-4,2.051761E-1,-5.553161E-4
1.343333E1,1.511894E-1,4.487919E-2,-1.262532E-3,2.780908E-5,9.188256E-2,-7.848691E-3
1.346667E1,1.511794E-1,4.486208E-2,-3.919374E-4,-4.669153E-4,-6.593450E-2,-7.423526E-4
1.350000E1,1.511633E-1,4.484806E-2,-5.154461E-3,7.697774E-6,-2.910950E-1,1.847769E-2
1.353333E1,1.508358E-1,4.486259E-2,-1.970799E-2,8.250638E-4,-2.218790E-1,1.058579E-2
1.356667E1,1.498494E-1,4.490307E-2,-2.303866E-2,8.197714E-4,-2.236091E-2,-1.384103E-2
1.360000E1,1.492999E-1,4.491725E-2,-1.773646E-2,-1.795450E-4,2.067741E-1,-1.575528E-2
1.363333E1,1.486670E-1,4.489110E-2,-1.160165E-2,-4.017296E-4,2.162560E-1,-3.805746E-3
1.366667E1,1.485264E-1,4.489046E-2,-1.429304E-3,-2.101962E-4,1.916023E-1,9.064224E-4
1.370000E1,1.485717E-1,4.487709E-2,9.691022E-4,-4.444389E-4,3.869519E-2,-3.622992E-3
1.373333E1,1.485910E-1,4.486083E-2,6.331638E-4,-4.430748E-4,-6.279449E-2,2.834687E-3
1.376667E1,1.486139E-1,4.484755E-2,-2.667127E-3,-2.568627E-4,-4.059649E-1,1.923153E-2
1.380000E1,1.484132E-1,4.484371E-2,-2.472505E-2,7.496508E-4,-4.421834E-1,9.127155E-3
1.383333E1,1.469656E-1,4.489752E-2,-3.781319E-2,7.079248E-4,2.901350E-2,-1.202558E-2
1.386667E1,1.458923E-1,4.489091E-2,-2.022463E-2,-4.050748E-4,4.611233E-1,-1.784813E-2
1.390000E1,1.456173E-1,4.487052E-2,-4.928012E-3,-4.364826E-4,2.696061E-1,1.031966E-2
1.393333E1,1.455638E-1,4.486181E-2,-2.835616E-3,2.844680E-4,-1.140130E-1,1.065630E-2
1.396667E1,1.454282E-1,4.488948E-2,-1.219457E-2,4.580476E-4,-2.175664E-1,1.100730E-2
1.400000E1,1.447508E-1,4.489234E-2,-1.959067E-2,7.404376E-4,-1.160864E-1,-8.325979E-3
1.403333E1,1.441222E-1,4.493885E-2,-1.860064E-2,2.996833E-4,7.196607E-2,-1.578761E-2
1.406667E1,1.435108E-1,4.491232E-2,-1.526327E-2,-7.282012E-4,1.526202E-1,-1.618113E-2
1.410000E1,1.431046E-1,4.489030E-2,-8.158494E-3,-6.104632E-4,1.879899E-1,5.628664E-3
1.413333E1,1.429669E-1,4.487162E-2,-2.284108E-3,-3.747461E-4,1.172210E-1,8.696254E-3
1.416667E1,1.429524E-1,4.486532E-2,-3.964906E-4,-1.043949E-5,3.578424E-2,2.751880E-3
1.420000E1,1.429405E-1,4.487093E-2,-1.769990E-4,-1.248087E-4,-1.460072E-1,-3.273340E-3
1.423333E1,1.429406E-1,4.485700E-2,-8.823529E-3,-3.479800E-4,-7.603947E-2,-1.960510E-3
1.426667E1,1.423522E-1,4.484773E-2,-9.025950E-3,-2.041617E-4,-4.655327E-1,2.075438E-2
1.430000E1,1.423388E-1,4.484338E-2,-3.166750E-2,8.995913E-4,-4.307542E-1,4.021570E-2
1.433333E1,1.402411E-1,4.490770E-2,-4.978615E-2,2.656732E-3,1.040361E-1,1.961284E-2
1.436667E1,1.390198E-1,4.502050E-2,-1.902518E-2,2.407266E-3,5.341917E-1,-6.624038E-3
1.440000E1,1.389727E-1,4.506819E-2,-9.818033E-3,1.782004E-3,1.603265E-1,-1.967888E-2
1.443333E1,1.383652E-1,4.513930E-2,-1.387617E-2,1.435026E-3,-1.577612E-2,-1.505488E-2
1.446667E1,1.380476E-1,4.516386E-2,-8.564004E-3,5.546194E-4,-9.210784E-2,-1.128835E-2
1.450000E1,1.377943E-1,4.517627E-2,-1.876734E-2,6.855186E-4,-1.208219E-1,-4.826348E-4
1.453333E1,1.367965E-1,4.520956E-2,-2.119540E-2,6.829353E-4,1.286396E-1,-1.283782E-2
1.456667E1,1.363813E-1,4.522180E-2,-6.893947E-3,-2.211156E-4,2.991746E-1,-1.554362E-2
1.460000E1,1.363369E-1,4.519482E-2,-9.622408E-4,-5.180400E-4,1.054701E-1,-2.957667E-3
1.463333E1,1.363171E-1,4.518727E-2,-5.569749E-4,-2.478442E-4,-6.767508E-2,8.374022E-3
1.466667E1,1.362998E-1,4.517829E-2,-4.891873E-3,-4.025954E-5,-5.716358E-1,5.010707E-3
1.470000E1,1.359910E-1,4.518458E-2,-3.608793E-2,1.589435E-4,-9.159600E-1,2.554769E-2
1.473333E1,1.338939E-1,4.518889E-2,-7.173537E-2,1.435127E-3,-3.262301E-1,2.079116E-2
1.476667E1,1.312086E-1,4.528026E-2,-5.952924E-2,2.024748E-3,4.945983E-1,8.223714E-3
1.480000E1,1.299253E-1,4.532387E-2,-3.236951E-2,1.556668E-3,2.970769E-1,5.750865E-3
1.483333E1,1.290507E-1,4.538404E-2,-3.913418E-2,2.484352E-3,-4.736224E-2,-1.484523E-2
1.486667E1,1.273163E-1,4.548950E-2,-4.158022E-2,1.030402E-3,1.367067E-1,-2.428820E-2
1.490000E1,1.262787E-1,4.545273E-2,-2.593474E-2,8.594017E-7,4.964822E-2,-1.333651E-2
1.493333E1,1.255873E-1,4.548955E-2,-3.608622E-2,8.043484E-4,-2.815693E-1,1.838042E-2
1.496667E1,1.238729E-1,4.550635E-2,-5.003321E-2,9.228854E-4,-1.729300E-1,-2.342936E-2
1.500000E1,1.222518E-1,4.555108E-2,-4.547371E-2,-3.529310E-4,2.868764E-1,-1.142540E-2
1.503333E1,1.208413E-1,4.548282E-2,-3.171910E-2,-5.909379E-4,2.717766E-1,-2.835153E-3
1.506667E1,1.201372E-1,4.551168E-2,-2.432242E-2,2.100233E-4,-1.183227E-1,3.657550E-3
1.510000E1,1.192198E-1,4.549683E-2,-4.022057E-2,-7.054385E-4,-5.722099E-1,1.122617E-2
1.513333E1,1.174558E-1,4.546465E-2,-6.405109E-2,7.350103E-4,-3.368525E-1,1.675921E-2
1.516667E1,1.149498E-1,4.554583E-2,-6.543579E-2,1.122280E-3,6.214982E-2,-5.723652E-3
1.520000E1,1.130934E-1,4.553947E-2,-5.555254E-2,-2.553321E-4,1.592340E-1,-2.202637E-2
1.523333E1,1.112463E-1,4.552881E-2,-5.607866E-2,-1.949348E-4,2.008133E-2,-9.101755E-3
1.526667E1,1.093549E-1,4.552648E-2,-5.471267E-2,-7.237260E-4,1.152238E-2,-3.043667E-3
1.530000E1,1.075987E-1,4.548056E-2,-5.439199E-2,-6.994195E-4,-1.606142E-1,2.562164E-2
1.533333E1,1.057287E-1,4.547985E-2,-6.493603E-2,1.109960E-3,-3.997593E-1,1.719829E-2
1.536667E1,1.032697E-1,4.555455E-2,-8.212910E-2,8.694131E-4,-3.284751E-1,-1.083185E-2
1.540000E1,1.002535E-1,4.553781E-2,-8.827579E-2,-2.077703E-4,-2.569072E-2,-7.798757E-3
1.543333E1,9.738462E-2,4.554070E-2,-8.252236E-2,5.617667E-4,3.047326E-2,-4.183153E-3
1.546667E1,9.475196E-2,4.557526E-2,-8.472684E-2,-2.143001E-4,-1.384023E-1,-1.032565E-2
1.550000E1,9.173616E-2,4.552642E-2,-9.346940E-2,-6.660837E-4,-1.207004E-1,7.432115E-3
1.553333E1,8.852067E-2,4.553086E-2,-9.326539E-2,6.188689E-4,1.402913E-2,5.835756E-3
1.556667E1,8.551847E-2,4.556767E-2,-9.105133E-2,-8.281731E-5,1.706481E-2,-1.930888E-2
1.560000E1,8.245058E-2,4.552533E-2,-9.276262E-2,-1.101173E-3,1.090153E-1,-1.005496E-2
1.563333E1,7.933430E-2,4.549426E-2,-8.505507E-2,-5.848440E-4,3.148961E-1,5.687917E-3
1.566667E1,7.678024E-2,4.548634E-2,-7.017694E-2,-5.957259E-4,3.573304E-1,1.748391E-2
1.570000E1,7.465583E-2,4.545455E-2,-6.098848E-2,2.559581E-4,2.219242E-1,2.511034E-2
1.573333E1,7.271435E-2,4.550341E-2,-5.585945E-2,1.473979E-3,2.175983E-1,-4.717814E-3
1.576667E1,7.093187E-2,4.555281E-2,-4.710264E-2,-1.517218E-5,2.189967E-1,-1.798876E-2
1.580000E1,6.957417E-2,4.550240E-2,-3.989884E-2,-3.240168E-4,1.253260E-1,4.569280E-3
1.583333E1,6.827195E-2,4.553121E-2,-3.937586E-2,8.455979E-4,9.397804E-3,1.393922E-2
1.586667E1,6.694911E-2,4.555877E-2,-3.950524E-2,4.796829E-4,-2.763076E-2,-1.480253E-2
1.590000E1,6.563827E-2,4.556319E-2,-4.089774E-2,-1.914193E-4,-6.753273E-2,1.271610E-3
1.593333E1,6.422260E-2,4.554601E-2,-4.423081E-2,3.918451E-4,7.847469E-2,1.049969E-2
1.596667E1,6.268954E-2,4.558931E-2,-3.720042E-2,8.747095E-4,2.463660E-1,-1.186274E-2
1.600000E1,6.174257E-2,4.560432E-2,-2.546389E-2,-5.123628E-4,1.626872E-1,-1.635491E-2
1.603333E1,6.099195E-2,4.555516E-2,-2.623764E-2,-5.606483E-4,-3.620788E-2,7.194458E-3
1.606667E1,5.999339E-2,4.556695E-2,-2.943559E-2,3.644923E-4,-3.755610E-2,1.251852E-2
1.610000E1,5.902958E-2,4.557946E-2,-2.816782E-2,1.749906E-4,-2.343765E-2,5.984665E-3
1.613333E1,5.811554E-2,4.557861E-2,-3.042949E-2,6.134550E-4,-4.189269E-2,-2.019496E-2
1.616667E1,5.700095E-2,4.562035E-2,-3.211569E-2,-6.836734E-4,-1.730331E-2,-7.763446E-3
1.620000E1,5.597449E-2,4.553303E-2,-3.077782E-2,-8.073519E-4,5.805241E-3,1.124036E-2
1.623333E1,5.494909E-2,4.556653E-2,-3.176914E-2,8.781142E-4,1.053540E-2,2.504370E-2
1.626667E1,5.385655E-2,4.559157E-2,-3.066682E-2,5.901636E-4,1.334959E-1,-1.456388E-2
1.630000E1,5.290464E-2,4.560587E-2,-2.292716E-2,-5.205379E-5,1.581571E-1,-8.084532E-3
1.633333E1,5.232807E-2,4.558810E-2,-1.862588E-2,-1.219345E-4,-3.758328E-3,-8.353671E-3
1.636667E1,5.166291E-2,4.559774E-2,-2.381086E-2,-3.337912E-4,-8.303467E-2,-1.540794E-2
1.640000E1,5.074068E-2,4.556585E-2,-2.539759E-2,-1.332219E-3,2.054485E-3,3.466069E-3
1.643333E1,4.996974E-2,4.550893E-2,-2.255636E-2,-3.193296E-4,5.206221E-2,2.781348E-2
1.646667E1,4.923692E-2,4.554456E-2,-2.207467E-2,9.844043E-4,3.526879E-2,1.907647E-2
1.650000E1,4.849809E-2,4.557456E-2,-2.054413E-2,7.511610E-4,7.492912E-2,-1.800622E-2
1.653333E1,4.786732E-2,4.559464E-2,-1.689342E-2,-1.402765E-4,6.970442E-2,-2.745122E-2
1.656667E1,4.737187E-2,4.556520E-2,-1.546307E-2,-1.221561E-3,1.227400E-2,1.408941E-2
1.660000E1,4.683644E-2,4.551320E-2,-1.647723E-2,5.123647E-4,-2.147670E-2,1.694930E-2
1.663333E1,4.627338E-2,4.559936E-2,-1.692316E-2,8.033523E-4,-5.535446E-2,1.225803E-2
1.666667E1,4.570823E-2,4.556676E-2,-1.972192E-2,3.367059E-4,-1.324811E-2,-1.766702E-2
1.670000E1,4.495859E-2,4.562181E-2,-1.907967E-2,4.301634E-4,7.348620E-2,2.625929E-3
1.673333E1,4.443626E-2,4.559544E-2,-1.373040E-2,-1.207732E-4,1.418765E-1,-1.014258E-2
1.676667E1,4.404323E-2,4.561376E-2,-9.833734E-3,1.737032E-4,9.003576E-2,-2.222673E-3
1.680000E1,4.378067E-2,4.560702E-2,-7.499787E-3,-4.383810E-4,2.213352E-2,-7.762864E-3
1.683333E1,4.354324E-2,4.558453E-2,-8.354166E-3,-3.972208E-4,-1.020398E-2,-6.424804E-3
1.686667E1,4.322373E-2,4.558054E-2,-8.710655E-3,-6.744909E-4,2.254992E-2,2.114512E-2
1.690000E1,4.296253E-2,4.553957E-2,-6.601362E-3,5.589394E-4,9.083432E-2,1.746206E-2
1.693333E1,4.278364E-2,4.561780E-2,-2.794731E-3,1.238150E-3,9.829965E-2,5.939800E-5
1.696667E1,4.277622E-2,4.562211E-2,4.188447E-4,7.988970E-6,6.078214E-2,-2.421892E-2
1.700000E1,4.281156E-2,4.561833E-2,1.071621E-3,-2.352857E-4,1.139996E-2,-5.552197E-3
1.703333E1,4.284766E-2,4.560642E-2,1.089503E-3,-3.768614E-4,-4.997019E-3,-1.071840E-3
1.706667E1,4.288420E-2,4.559321E-2,7.834085E-4,-3.076254E-4,-9.438134E-3,2.880211E-3
1.710000E1,4.289989E-2,4.558592E-2,3.826177E-4,-1.644154E-4,-7.177564E-3,4.140577E-3
1.713333E1,4.290970E-2,4.558225E-2,3.206497E-4,-3.892038E-5,-4.892064E-3,3.046026E-3
1.716667E1,4.292126E-2,4.558332E-2,1.103308E-4,4.884565E-5,-1.728295E-3,-4.166189E-4
1.720000E1,4.291706E-2,4.558550E-2,1.015895E-4,-5.491633E-5,-3.825863E-4,-6.973554E-4
1.723333E1,4.292804E-2,4.557966E-2,2.018856E-4,-5.202122E-5,1.678166E-3,9.567829E-4
1.726667E1,4.293052E-2,4.558203E-2,1.357582E-4,6.253137E-5,-4.576940E-3,3.308286E-3
1.730000E1,4.293709E-2,4.558383E-2,-3.444190E-5,1.366031E-4,-5.795095E-3,-4.290984E-4
1.733333E1,4.292822E-2,4.559114E-2,-3.180496E-4,7.889554E-5,4.243969E-4,-1.609588E-3
1.736667E1,4.291588E-2,4.558909E-2,-3.572861E-5,-2.753821E-5,6.407070E-3,-3.942360E-3
1.740000E1,4.292584E-2,4.558931E-2,2.228998E-4,-1.340437E-4,4.712756E-3,1.249795E-3
1.743333E1,4.293074E-2,4.558015E-2,2.012927E-4,-2.491805E-5,-2.388244E-3,1.621852E-3
1.746667E1,4.293926E-2,4.558764E-2,1.106715E-4,8.541172E-5,-2.162296E-3,1.233000E-3
1.750000E1,4.293812E-2,4.558585E-2,2.762227E-6,-2.267551E-5,-4.370816E-3,-4.899307E-4
1.753333E1,4.293944E-2,4.558613E-2,-1.258509E-4,7.247129E-5,-2.277995E-3,5.068238E-3
1.756667E1,4.292973E-2,4.559068E-2,-2.128692E-4,3.049062E-4,2.385911E-3,-1.573700E-3
1.760000E1,4.292525E-2,4.560646E-2,5.256650E-5,6.495509E-5,5.103508E-3,-6.417883E-3
1.763333E1,4.293324E-2,4.559501E-2,1.783140E-4,-2.737288E-4,-2.146407E-3,-7.907640E-4
1.766667E1,4.293714E-2,4.558821E-2,-1.032454E-4,5.374378E-5,-4.218107E-3,6.462747E-3
1.770000E1,4.292635E-2,4.559859E-2,-1.779171E-4,2.320845E-4,3.980523E-3,-2.168983E-3
1.773333E1,4.292528E-2,4.560368E-2,2.017908E-4,-1.124296E-4,2.259302E-3,-4.895589E-3
1.776667E1,4.293981E-2,4.559110E-2,7.089045E-5,-1.860992E-4,-1.969654E-3,8.293248E-4
1.780000E1,4.293000E-2,4.559128E-2,-9.557078E-5,3.172059E-5,-9.035052E-4,2.220164E-3
1.783333E1,4.293343E-2,4.559321E-2,1.174204E-4,-4.345261E-5,2.323874E-3,7.492328E-5
1.786667E1,4.293783E-2,4.558838E-2,4.724972E-5,-1.463253E-5,-1.402426E-3,-4.041421E-4
1.790000E1,4.293658E-2,4.559223E-2,-6.734262E-6,-1.893887E-6,-1.372387E-3,2.547334E-3
1.793333E1,4.293738E-2,4.558825E-2,-1.745169E-5,7.519759E-5,9.248067E-4,-1.322515E-3
1.796667E1,4.293542E-2,4.559725E-2,2.649955E-5,1.826952E-5,-1.294595E-3,3.359322E-4
1.800000E1,4.293915E-2,4.558947E-2,-5.028087E-5,-3.098050E-5,2.788186E-3,-5.089266E-3
1.803333E1,4.293207E-2,4.559518E-2,1.080647E-4,-1.774552E-4,-2.325021E-3,2.958123E-3
1.806667E1,4.294635E-2,4.557764E-2,-2.565527E-5,-3.280978E-5,-4.190720E-3,4.005801E-3
1.810000E1,4.293036E-2,4.559300E-2,-3.635058E-4,3.029257E-4,3.726427E-4,-1.154416E-3
1.813333E1,4.292212E-2,4.559784E-2,5.426877E-5,-1.789922E-4,5.266641E-3,-8.104381E-3
1.816667E1,4.293398E-2,4.558106E-2,9.441569E-5,-3.319473E-4,-2.900489E-3,3.196650E-3
1.820000E1,4.292841E-2,4.557571E-2,-2.455537E-4,9.311901E-5,-3.974168E-3,8.549961E-3
1.823333E1,4.291761E-2,4.558727E-2,-1.767682E-4,2.936937E-4,3.899791E-3,1.337028E-3
1.826667E1,4.291663E-2,4.559529E-2,5.568426E-5,1.445064E-4,6.460915E-3,-5.828553E-3
1.830000E1,4.292132E-2,4.559690E-2,2.425946E-4,-9.429296E-5,6.388770E-4,-1.205340E-3
1.833333E1,4.293280E-2,4.558900E-2,1.439312E-4,2.782923E-6,-2.715727E-3,4.034529E-3
1.836667E1,4.293091E-2,4.559709E-2,-1.613360E-5,2.610045E-4,-1.701057E-3,1.764015E-3
1.840000E1,4.293173E-2,4.560640E-2,6.498124E-5,1.148447E-4,9.818239E-4,-3.032974E-3
1.843333E1,4.293525E-2,4.560475E-2,6.141847E-5,1.840246E-6,-4.669711E-5,-3.711064E-3
1.846667E1,4.293582E-2,4.560652E-2,4.019685E-5,-7.589549E-5,-1.727849E-3,-1.462791E-4
1.850000E1,4.293793E-2,4.559969E-2,-2.792316E-5,-7.129913E-5,-2.954030E-3,9.894924E-4
1.853333E1,4.293396E-2,4.560177E-2,-1.776312E-4,4.872951E-5,-1.200309E-3,7.210956E-4
1.856667E1,4.292608E-2,4.560293E-2,-1.272856E-4,-3.612550E-5,8.159114E-4,2.374091E-3
1.860000E1,4.292548E-2,4.559936E-2,-7.551914E-5,1.516809E-4,7.504976E-4,-1.298553E-3
1.863333E1,4.292105E-2,4.561305E-2,-1.121405E-4,1.756599E-5,3.882519E-3,-6.485067E-3
1.866667E1,4.291800E-2,4.560053E-2,1.612844E-4,-4.231126E-4,3.519448E-3,-2.426680E-3
1.870000E1,4.293180E-2,4.558484E-2,2.195498E-4,-1.478317E-4,-2.193679E-3,9.547477E-3
1.873333E1,4.293264E-2,4.559068E-2,-6.393676E-5,2.953054E-4,-7.790899E-3,7.332825E-3
1.876667E1,4.292754E-2,4.560453E-2,-2.794061E-4,3.400031E-4,9.293524E-4,-3.222083E-3
1.880000E1,4.291401E-2,4.561334E-2,-7.297244E-5,6.961268E-5,4.003189E-3,-6.360101E-3
1.883333E1,4.292267E-2,4.560917E-2,1.205780E-4,-1.284601E-4,2.947625E-3,-3.350381E-3
1.886667E1,4.292205E-2,4.560478E-2,2.928281E-5,-1.274052E-4,2.372153E-3,-1.288317E-3
1.890000E1,4.292463E-2,4.560067E-2,2.829955E-4,-2.015055E-4,-2.574971E-3,3.938728E-3
1.893333E1,4.294091E-2,4.559135E-2,-1.810939E-5,6.319733E-5,-6.237265E-3,3.906489E-3
1.896667E1,4.292342E-2,4.560489E-2,-3.342118E-4,1.978810E-4,-4.012135E-4,1.814048E-4
1.900000E1,4.291863E-2,4.560454E-2,5.380217E-5,-3.038684E-5,2.112322E-3,-1.781221E-3
1.903333E1,4.292701E-2,4.560286E-2,-1.123017E-4,8.400867E-5,-7.456805E-4,-1.275518E-3
1.906667E1,4.291115E-2,4.561014E-2,-1.714391E-4,-3.762648E-5,2.310483E-3,-3.068586E-3
1.910000E1,4.291558E-2,4.560035E-2,1.746510E-4,-2.229754E-4,8.490649E-3,-1.210774E-3
1.913333E1,4.292279E-2,4.559527E-2,3.447193E-4,-7.294625E-5,-3.552562E-3,4.798653E-3
1.916667E1,4.293856E-2,4.559549E-2,3.158183E-5,9.665193E-5,-2.674378E-3,1.346012E-3
1.920000E1,4.292489E-2,4.560172E-2,-3.201845E-5,5.066434E-5,-1.158094E-3,-2.142862E-3
1.923333E1,4.293642E-2,4.559887E-2,1.529585E-4,-9.643538E-5,2.161043E-3,-2.524024E-3
1.926667E1,4.293509E-2,4.559529E-2,-2.401312E-6,-1.020332E-4,-4.657675E-3,4.837871E-3
1.930000E1,4.293626E-2,4.559206E-2,-9.997538E-5,1.884376E-4,-1.770545E-3,2.818126E-3
1.933333E1,4.292843E-2,4.560785E-2,-1.732339E-4,2.049290E-4,1.281875E-3,-2.725170E-3
1.936667E1,4.292471E-2,4.560573E-2,5.722202E-6,-1.048564E-4,4.161309E-3,-6.822005E-3
1.940000E1,4.292881E-2,4.560086E-2,1.280656E-4,-2.135882E-4,4.168921E-3,1.911858E-4
1.943333E1,4.293325E-2,4.559149E-2,2.515245E-4,-1.275029E-4,-2.572424E-3,4.077145E-3
1.946667E1,4.294558E-2,4.559236E-2,3.712176E-5,1.010869E-4,-2.721617E-3,4.287989E-3
1.950000E1,4.293573E-2,4.559823E-2,-7.355209E-5,1.600831E-4,-2.133307E-3,-9.909211E-4
1.953333E1,4.294067E-2,4.560303E-2,2.365748E-5,3.532797E-5,2.770816E-3,-3.422957E-3
1.956667E1,4.293730E-2,4.560058E-2,2.570499E-5,-9.401180E-5,-3.130321E-3,8.849471E-4
1.960000E1,4.294239E-2,4.559677E-2,-9.554700E-5,7.670239E-5,3.552826E-5,5.867761E-4
1.963333E1,4.293093E-2,4.560570E-2,-9.624611E-5,3.582139E-5,3.243256E-3,-1.958313E-3
1.966667E1,4.293597E-2,4.559915E-2,2.173170E-4,-1.535776E-4,1.481881E-3,-2.987803E-3
1.970000E1,4.294542E-2,4.559546E-2,2.330446E-5,-1.171215E-4,-6.088755E-3,4.671328E-3
1.973333E1,4.293752E-2,4.559135E-2,-2.679742E-4,1.157989E-4,-4.272480E-3,3.033730E-3
1.976667E1,4.292756E-2,4.560318E-2,-2.414491E-4,1.794239E-4,6.880125E-3,-3.911346E-3
1.980000E1,4.292143E-2,4.560331E-2,1.621545E-4,-2.001283E-4,2.639499E-3,-4.642597E-3
1.983333E1,4.293837E-2,4.558983E-2,8.553537E-5,-1.934050E-4,-2.593563E-3,3.450862E-3
1.986667E1,4.292713E-2,4.559041E-2,-2.004599E-4,1.065444E-4,-3.075941E-3,4.406693E-3
1.990000E1,4.292500E-2,4.559694E-2,-2.556888E-5,1.082544E-4,2.587401E-3,1.570033E-3
1.993333E1,4.292543E-2,4.559763E-2,-3.040828E-5,1.543823E-4,1.273839E-3,-3.693222E-3
1.996667E1,4.292298E-2,4.560723E-2,2.719879E-5,-4.037226E-5,1.696335E-3,-2.985196E-3
2.000000E1,4.292724E-2,4.559494E-2,1.188877E-4,-1.839427E-4,-1.169426E-3,4.595660E-4
2.003333E1,4.293090E-2,4.559497E-2,-4.551641E-5,7.883910E-5,-1.664089E-3,4.157396E-3
2.006667E1,4.292420E-2,4.560019E-2,-5.588752E-5,9.755963E-5,5.676106E-4,1.416929E-4
2.010000E1,4.292718E-2,4.560147E-2,6.011203E-5,5.747722E-5,3.780963E-3,-1.761774E-3
2.013333E1,4.292821E-2,4.560403E-2,1.501506E-4,4.375572E-6,-4.102053E-3,2.275396E-3
2.016667E1,4.293719E-2,4.560176E-2,-1.196371E-4,1.540717E-4,-3.768460E-3,-1.628962E-3
2.020000E1,4.292024E-2,4.561430E-2,-2.641074E-4,2.033777E-5,1.816532E-3,-3.885077E-3
2.023333E1,4.291958E-2,4.560312E-2,1.085233E-4,-2.504097E-4,3.850826E-3,-1.941642E-3
2.026667E1,4.292747E-2,4.559760E-2,2.464344E-5,-5.044643E-5,-2.617137E-4,1.940151E-3
2.030000E1,4.292122E-2,4.559976E-2,-1.280261E-5,-7.973084E-5,2.770413E-4,4.907762E-4
2.033333E1,4.292662E-2,4.559229E-2,1.281404E-4,-9.396345E-5,2.075423E-3,2.931926E-4
2.036667E1,4.292976E-2,4.559349E-2,9.139900E-5,2.401381E-6,-3.762485E-3,1.757664E-3
2.040000E1,4.293271E-2,4.559245E-2,-9.284385E-5,-8.279982E-6,-1.925360E-3,6.228647E-4
2.043333E1,4.292357E-2,4.559294E-2,-1.115291E-4,5.024138E-5,1.950205E-4,2.706350E-3
2.046667E1,4.292528E-2,4.559580E-2,-1.948327E-7,1.673449E-4,4.325421E-3,-1.321120E-3
2.050000E1,4.292356E-2,4.560410E-2,1.151815E-4,1.397338E-5,2.558541E-3,-4.024363E-3
2.053333E1,4.293295E-2,4.559673E-2,2.323472E-4,-1.848926E-4,-4.690553E-4,4.968795E-4
2.056667E1,4.293905E-2,4.559177E-2,6.310894E-5,6.100806E-5,-5.085906E-3,3.160880E-3
2.060000E1,4.293716E-2,4.560080E-2,-1.242388E-4,1.043923E-4,-6.149325E-3,1.879491E-3
2.063333E1,4.293077E-2,4.559873E-2,-3.293674E-4,8.743688E-5,1.997528E-3,-1.370336E-3
2.066667E1,4.291520E-2,4.560663E-2,-7.651496E-5,9.918651E-5,6.302736E-3,-2.439533E-3
2.070000E1,4.292567E-2,4.560534E-2,2.335170E-4,-1.237248E-4,2.595300E-3,-2.916364E-3
2.073333E1,4.293077E-2,4.559838E-2,3.466871E-5,-1.135348E-4,-4.331238E-3,2.909080E-3
2.076667E1,4.292798E-2,4.559777E-2,-7.835390E-5,9.366659E-5,1.312133E-3,1.239880E-3
2.080000E1,4.292555E-2,4.560462E-2,1.139138E-4,1.469716E-5,1.715602E-3,7.433426E-5
2.083333E1,4.293557E-2,4.559875E-2,1.151527E-4,2.612428E-6,-1.911511E-3,-1.745776E-3
2.086667E1,4.293322E-2,4.560480E-2,-9.040137E-5,2.208201E-6,-9.597729E-4,-5.477374E-4
2.090000E1,4.292955E-2,4.559890E-2,4.919933E-5,-1.188890E-4,2.373013E-3,-1.283775E-3
2.093333E1,4.293650E-2,4.559687E-2,1.277914E-4,-4.367718E-5,-3.518937E-4,1.217070E-3
2.096667E1,4.293807E-2,4.559599E-2,-1.179879E-5,-3.928879E-5,-3.465042E-3,2.433656E-3
2.100000E1,4.293572E-2,4.559425E-2,-1.036602E-4,9.187586E-5,-3.580023E-3,3.907477E-3
2.103333E1,4.293116E-2,4.560211E-2,-2.372401E-4,2.606399E-4,-2.368928E-4,-1.058951E-4
2.106667E1,4.291990E-2,4.561163E-2,-1.676623E-4,9.808813E-5,4.934412E-3,-4.847662E-3
2.110000E1,4.291998E-2,4.560865E-2,1.355729E-4,-1.158057E-4,2.290045E-3,-1.007088E-3
2.113333E1,4.292894E-2,4.560391E-2,3.256904E-5,2.605978E-5,-1.445078E-3,-5.747436E-4
2.116667E1,4.292215E-2,4.561039E-2,-6.687059E-5,-6.511814E-5,2.794602E-3,-5.423520E-3
2.120000E1,4.292448E-2,4.559957E-2,2.640149E-4,-4.201154E-4,1.239437E-3,-6.698880E-4
2.123333E1,4.293975E-2,4.558238E-2,1.024452E-4,-1.518904E-4,-4.603500E-3,9.839374E-3
2.126667E1,4.293131E-2,4.558944E-2,-1.823227E-4,3.356560E-4,-4.181970E-3,7.209407E-3
2.130000E1,4.292760E-2,4.560476E-2,-1.060868E-4,3.306236E-4,3.094755E-3,-3.370058E-3
2.133333E1,4.292424E-2,4.561148E-2,9.063930E-7,7.458789E-5,1.813819E-3,-9.187531E-3
2.136667E1,4.292766E-2,4.560973E-2,5.051418E-5,-2.688521E-4,-7.757451E-4,-1.402026E-3
2.140000E1,4.292761E-2,4.559356E-2,-7.033640E-5,-1.153805E-4,-4.067602E-4,2.531578E-3
2.143333E1,4.292297E-2,4.560204E-2,-7.647797E-6,6.374259E-5,3.777184E-3,1.084741E-3
2.146667E1,4.292710E-2,4.559781E-2,2.157779E-4,-1.474618E-4,1.950779E-3,-2.730998E-4
2.150000E1,4.293735E-2,4.559221E-2,1.520819E-4,3.756741E-5,-1.897712E-3,8.201985E-4
2.153333E1,4.293724E-2,4.560031E-2,2.729581E-5,3.142086E-6,-2.919635E-3,-2.977160E-4
2.156667E1,4.293917E-2,4.559242E-2,-2.840923E-6,-9.977097E-5,3.772007E-4,-1.757930E-3
2.160000E1,4.293705E-2,4.559366E-2,1.884161E-5,-3.088876E-5,-2.876258E-3,4.393022E-3
2.163333E1,4.294043E-2,4.559036E-2,-1.293238E-4,1.224147E-4,7.274633E-4,8.187477E-4
2.166667E1,4.292842E-2,4.560182E-2,-5.410458E-5,1.275972E-4,-5.440694E-3,2.296346E-3
2.170000E1,4.293682E-2,4.559887E-2,-2.937065E-4,1.482338E-4,2.402503E-3,-3.437076E-3
2.173333E1,4.290884E-2,4.561170E-2,-1.867507E-4,4.555384E-5,2.595287E-3,-1.811484E-3
2.176667E1,4.292437E-2,4.560190E-2,1.839553E-4,-1.272288E-4,7.645160E-3,-4.126446E-3
2.180000E1,4.292111E-2,4.560322E-2,1.183000E-4,-1.117541E-4,-1.703960E-3,1.269596E-3
2.183333E1,4.293226E-2,4.559445E-2,1.926470E-4,-1.288330E-4,-1.601018E-4,3.956867E-4
2.186667E1,4.293395E-2,4.559463E-2,3.804483E-5,-2.154783E-5,-5.965792E-4,2.250655E-3
2.190000E1,4.293479E-2,4.559302E-2,1.514613E-4,-1.102680E-5,-5.026436E-3,4.053634E-3
2.193333E1,4.294405E-2,4.559390E-2,-1.920705E-4,2.336566E-4,-2.383232E-3,1.200922E-3
2.196667E1,4.292199E-2,4.560859E-2,-2.224199E-4,1.626262E-4,-1.089379E-3,-1.074314E-3
2.200000E1,4.292922E-2,4.560474E-2,-3.593298E-5,3.187390E-5,5.831892E-3,-4.212256E-3
2.203333E1,4.291959E-2,4.561072E-2,-8.667424E-6,-9.350464E-6,1.868449E-3,-6.546932E-4
2.206667E1,4.292864E-2,4.560412E-2,2.131338E-4,-1.006670E-4,4.873163E-4,-3.362621E-3
2.210000E1,4.293380E-2,4.560401E-2,-9.413956E-6,-1.568111E-4,-3.315107E-3,1.809589E-4
2.213333E1,4.292802E-2,4.559366E-2,-6.234801E-5,-1.668753E-4,6.173307E-4,2.342925E-3
2.216667E1,4.292965E-2,4.559288E-2,8.223055E-5,5.159169E-5,1.147601E-3,3.453447E-3
2.220000E1,4.293350E-2,4.559710E-2,2.125113E-5,7.207710E-5,1.764297E-4,-1.001276E-3
2.223333E1,4.293106E-2,4.559769E-2,4.537684E-5,-3.407466E-5,-2.542682E-3,-1.103352E-4
2.226667E1,4.293652E-2,4.559483E-2,-6.786368E-5,3.982360E-5,-4.982068E-4,-1.604487E-3
2.230000E1,4.292654E-2,4.560034E-2,-9.951378E-5,-6.490334E-5,-2.211605E-3,3.515395E-3
2.233333E1,4.292989E-2,4.559050E-2,-9.687048E-5,1.297584E-4,2.347510E-3,8.713615E-4
2.236667E1,4.292008E-2,4.560899E-2,-6.125757E-5,1.983868E-4,1.752288E-3,-7.764366E-4
2.240000E1,4.292580E-2,4.560373E-2,1.218346E-4,-9.368026E-5,3.905830E-3,-8.038603E-3
2.243333E1,4.292820E-2,4.560275E-2,1.416403E-4,-2.384187E-4,-1.874213E-3,2.315590E-3
2.246667E1,4.293525E-2,4.558783E-2,4.735058E-5,-6.308640E-5,-3.880960E-3,5.626789E-3
2.250000E1,4.293136E-2,4.559854E-2,-1.667389E-4,2.819590E-4,-7.416805E-4,2.876312E-3
2.253333E1,4.292413E-2,4.560663E-2,-2.096894E-5,8.507284E-5,-1.753826E-3,-1.585616E-3
2.256667E1,4.292996E-2,4.560421E-2,-1.711056E-4,1.106473E-4,2.204672E-3,-2.823999E-3
2.260000E1,4.291272E-2,4.561401E-2,-6.537127E-5,1.194427E-5,2.377200E-3,-1.852990E-3
2.263333E1,4.292560E-2,4.560501E-2,1.934397E-4,-1.384000E-4,8.164417E-3,-3.356125E-3
2.266667E1,4.292562E-2,4.560478E-2,3.144166E-4,-1.180457E-4,-2.499660E-3,1.932765E-3
2.270000E1,4.294656E-2,4.559714E-2,2.045845E-4,-8.126227E-5,-7.022639E-3,1.940238E-3
2.273333E1,4.293926E-2,4.559936E-2,-3.071117E-4,6.913345E-5,-6.275699E-3,-6.339311E-4
2.276667E1,4.292609E-2,4.560175E-2,-2.054717E-4,-1.170423E-4,3.277951E-3,-7.406061E-4
2.280000E1,4.292556E-2,4.559156E-2,-2.110409E-5,-6.835574E-5,7.672521E-3,8.899715E-4
2.283333E1,4.292468E-2,4.559719E-2,2.394821E-4,5.350317E-5,9.703226E-5,2.054562E-3
2.286667E1,4.294153E-2,4.559513E-2,1.174592E-4,-6.207278E-6,-5.848925E-3,5.142195E-4
2.290000E1,4.293251E-2,4.559678E-2,-2.956197E-4,1.113451E-4,-7.583695E-3,2.362098E-3
2.293333E1,4.292182E-2,4.560255E-2,-3.375480E-4,1.625122E-4,5.021849E-3,-6.167222E-4
2.296667E1,4.291001E-2,4.560761E-2,-1.101775E-5,7.002275E-5,6.772162E-3,-4.663284E-3
2.300000E1,4.292108E-2,4.560722E-2,2.290991E-4,-1.504106E-4,4.559473E-3,-1.955592E-3
2.303333E1,4.292528E-2,4.559758E-2,2.034056E-4,-1.133723E-4,-1.646346E-4,9.471733E-4
2.306667E1,4.293464E-2,4.559966E-2,2.581946E-4,-7.320837E-6,-3.379986E-3,3.406500E-3
2.310000E1,4.294250E-2,4.559710E-2,-5.064960E-6,5.052798E-5,-5.128645E-3,1.837035E-3
2.313333E1,4.293431E-2,4.560303E-2,-1.613014E-4,1.635762E-4,3.108674E-3,-3.591407E-3
2.316667E1,4.293174E-2,4.560800E-2,2.184812E-4,-1.661833E-4,2.534798E-4,-4.121958E-3
2.320000E1,4.294887E-2,4.559195E-2,1.169371E-6,-2.345386E-4,-1.828166E-3,5.687359E-4
2.323333E1,4.293182E-2,4.559236E-2,-1.445022E-4,-9.517496E-6,-4.118860E-3,5.081964E-3
2.326667E1,4.293924E-2,4.559132E-2,-5.559288E-5,5.093027E-5,1.752518E-3,3.339363E-3
2.330000E1,4.292812E-2,4.559576E-2,-1.813219E-4,2.264816E-4,-2.459367E-3,1.740128E-3
2.333333E1,4.292715E-2,4.560641E-2,-1.228706E-4,1.990105E-4,7.420209E-3,-6.972781E-3
2.336667E1,4.291992E-2,4.560903E-2,2.045639E-4,-2.405722E-4,3.828694E-3,-4.408971E-3
2.340000E1,4.294079E-2,4.559038E-2,3.111469E-4,-2.176626E-4,-4.782591E-3,3.411488E-3
2.343333E1,4.294067E-2,4.559452E-2,-2.318061E-4,1.293691E-4,-6.970386E-3,3.133810E-3
2.346667E1,4.292533E-2,4.559900E-2,-2.095500E-4,-3.227902E-5,3.234212E-3,-1.095581E-3
2.350000E1,4.292670E-2,4.559236E-2,8.207537E-5,-1.794180E-5,4.219386E-3,4.827955E-4
2.353333E1,4.293081E-2,4.559780E-2,5.717454E-5,8.645468E-5,-1.033413E-3,1.285113E-3
2.356667E1,4.293051E-2,4.559813E-2,-1.125109E-5,1.865073E-5,-9.273929E-4,-2.284790E-4
2.360000E1,4.293006E-2,4.559905E-2,1.907859E-6,7.759715E-5,6.566005E-4,-9.961356E-4
2.363333E1,4.293064E-2,4.560330E-2,3.479884E-5,-1.445439E-5,1.529121E-3,-2.317505E-3
2.366667E1,4.293238E-2,4.559808E-2,9.980386E-5,-1.286192E-4,-1.375523E-4,3.381554E-4
2.370000E1,4.293729E-2,4.559473E-2,5.058021E-5,1.921751E-5,-3.760132E-3,3.007281E-3
2.373333E1,4.293575E-2,4.559937E-2,-1.679542E-4,1.067777E-4,-6.433787E-4,4.842505E-5
2.376667E1,4.292609E-2,4.560185E-2,-4.780036E-5,5.850237E-6,,
2.380000E1,4.293256E-2,4.559976E-2,,,,
