	mass A						
t	x	y	vx	vy	ax	ay	
0.000	235.7	37.26				
0.033	235.7	37.27	-6.718E-2	-0.129		
0.067	235.7	37.26	-4.376E-2	-6.466E-2	1.036	3.091
0.100	235.7	37.26	-1.754E-3	0.181	1.234	3.512
0.133	235.7	37.27	4.422E-2	0.133	1.087	-3.533
0.167	235.7	37.27	6.863E-2	-4.214E-2	-0.473	-1.777
0.200	235.7	37.27	2.186E-2	-4.100E-2	-0.337	-1.206
0.233	235.7	37.27	2.035E-2	-4.113E-2	0.473	1.334
0.267	235.7	37.26	7.732E-2	-3.461E-2	7.059E-2	-0.295
0.300	235.7	37.27	2.511E-2	1.638E-2	-1.361	-0.963
0.333	235.7	37.26	-2.881E-2	-0.140	-2.272	-0.929
0.367	235.7	37.26	-0.108	-6.679E-2	-0.151	1.215
0.400	235.7	37.26	-7.682E-2	-3.553E-3	3.136	2.707
0.433	235.7	37.26	0.130	5.715E-2	3.931	-0.575
0.467	235.7	37.26	0.201	2.722E-2	-2.792	0.256
0.500	235.7	37.26	-4.603E-2	-7.201E-3	-4.393	-1.908
0.533	235.7	37.26	-0.166	-2.199E-2	1.160	-0.704
0.567	235.7	37.26	7.236E-2	-0.118	1.666	-1.034
0.600	235.7	37.26	-2.092E-4	-6.073E-2	-0.788	3.972
0.633	235.7	37.25	-7.810E-2	0.121	-0.237	2.030
0.667	235.7	37.26	5.152E-2	0.142	2.664	-2.269
0.700	235.7	37.26	7.654E-2	-8.499E-2	8.233E-2	-5.620
0.733	235.7	37.26	6.959E-2	-0.226	-2.334	2.542
0.767	235.7	37.25	-7.634E-2	3.253E-2	-2.541	3.888
0.800	235.7	37.26	-0.135	0.161	-1.323	1.745
0.833	235.7	37.26	-0.127	3.845E-2	3.509	-2.051
0.867	235.7	37.26	4.701E-2	7.589E-2	3.737	-2.199
0.900	235.7	37.26	0.201	-0.106	2.621	-1.477
0.933	235.7	37.26	0.167	-8.510E-2	-4.880	3.111
0.967	235.7	37.26	-6.789E-2	0.161	-4.326	2.985
1.000	235.7	37.27	-0.218	0.127	-1.445	-0.521
1.033	235.7	37.27	-9.407E-2	7.566E-2	2.728	-4.404
1.067	235.7	37.27	-5.520E-2	-0.101	1.036	-0.685
1.100	235.7	37.26	-1.826E-2	-8.176E-2	0.780	1.867
1.133	235.7	37.27	-6.633E-3	0.135	0.757	0.764
1.167	235.7	37.27	2.867E-2	-5.581E-2	-0.290	-5.094
1.200	235.7	37.26	-8.641E-3	-0.239	0.652	3.292
1.233	235.7	37.25	3.315E-2	0.122	1.498	4.551
1.267	235.7	37.27	0.133	0.221	3.560	-1.140
1.300	235.7	37.27	0.236	-8.994E-2	-2.495	-4.718
1.333	235.7	37.26	4.370E-2	-6.449E-2	-5.809	1.101
1.367	235.7	37.26	-0.255	-2.267E-3	-2.034	-0.633
1.400	235.7	37.26	-7.185E-2	-9.375E-2	2.733	0.177
1.433	235.7	37.26	-7.029E-3	-4.531E-2	1.832	3.696
1.467	235.7	37.26	-2.099E-2	0.199	0.300	0.867
1.500	235.7	37.27	5.946E-2	5.005E-2	1.769	-2.187
1.533	235.7	37.26	7.342E-2	-4.760E-2	-3.357	-2.394
1.567	235.7	37.27	-0.121	-1.892E-2	-0.847	1.037
1.600	235.7	37.26	-8.878E-2	-4.344E-2	3.128	-0.178
1.633	235.7	37.26	0.191	1.474E-2	0.335	-1.581
1.667	235.7	37.26	-5.826E-2	-0.151	-1.471	-5.748E-3
1.700	235.7	37.25	-3.064E-2	-5.331E-2	-0.244	3.069
1.733	235.7	37.26	7.671E-2	0.145	1.257	-0.699
1.767	235.7	37.26	-5.278E-2	-0.111	-1.659	-2.670
1.800	235.7	37.25	1.069E-2	-0.122	1.292	1.439
1.833	235.7	37.26	2.358E-2	7.810E-2	-1.690	1.473
1.867	235.7	37.26	-8.245E-2	-4.151E-2	3.092	0.232
1.900	235.7	37.25	0.145	3.750E-2	1.921	2.133
1.933	235.7	37.26	0.202	0.177	1.984	0.892
1.967	235.7	37.26	0.117	6.544E-2	-1.238	1.653
2.000	235.7	37.26	0.231	0.242	0.604	7.858
2.033	235.7	37.28	0.108	0.643	-3.499	0.993
2.067	235.7	37.31	9.968E-3	0.381	1.186	-6.962
2.100	235.7	37.31	0.145	2.454E-2	6.235	1.538
2.133	235.7	37.31	0.473	0.505	0.176	5.029
2.167	235.8	37.34	0.220	0.524	-4.849	-1.247
2.200	235.7	37.34	-7.579E-4	0.236	-2.846	-7.348
2.233	235.8	37.36	0.135	0.148	0.621	-4.068
2.267	235.8	37.35	2.277E-2	-9.809E-2	-1.484	0.219
2.300	235.8	37.35	4.853E-3	0.134	-1.631	2.291
2.333	235.8	37.36	-3.813E-2	0.178	-11.11	-3.440
2.367	235.8	37.36	-0.699	-0.187	-34.18	-2.799
2.400	235.7	37.35	-2.307	-4.734E-2	-97.82	3.726
2.433	235.6	37.36	-6.934	0.162	-170.1	4.751
2.467	235.2	37.36	-14.01	0.203	-124.1	-4.652
2.500	234.7	37.37	-15.93	-6.185E-2	22.45	-6.103
2.533	234.2	37.36	-11.91	-0.333	101.3	-3.696
2.567	233.9	37.35	-8.807	-0.233	20.16	1.230
2.600	233.6	37.34	-10.39	-0.255	-78.72	-1.677
2.633	233.2	37.33	-14.53	-0.348	-90.27	1.871
2.667	232.6	37.32	-16.60	-0.176	-12.08	3.007
2.700	232.1	37.32	-15.33	-5.697E-2	54.37	0.910
2.733	231.6	37.31	-12.70	-0.179	88.92	2.897
2.767	231.2	37.31	-9.555	0.107	52.12	5.309
2.800	231.0	37.32	-8.673	0.279	-110.2	-6.522
2.833	230.6	37.33	-16.52	-0.335	-245.4	-8.031
2.867	229.9	37.30	-26.37	-0.435	-147.5	-2.306
2.900	228.9	37.30	-26.66	-0.275	45.71	10.03
2.933	228.1	37.28	-22.31	3.490E-2	180.1	2.639
2.967	227.4	37.30	-15.38	0.149	214.0	2.255
3.000	227.1	37.29	-7.146	-4.633E-2	154.5	-15.40
3.033	226.9	37.30	-4.929	-0.634	-83.62	3.274
3.067	226.7	37.25	-12.35	-0.264	-393.7	0.375
3.100	226.1	37.28	-31.28	-1.838E-2	-388.6	1.587
3.133	224.7	37.25	-41.10	-0.642	-81.04	-5.743
3.167	223.4	37.24	-34.83	-0.195	249.6	-1.257
3.200	222.3	37.23	-24.58	-0.651	312.2	0.944
3.233	221.7	37.19	-13.45	-0.433	225.5	-1.924
3.267	221.4	37.21	-9.032	-0.361	-14.59	1.893
3.300	221.1	37.17	-14.49	-0.688	-287.3	0.126
3.333	220.5	37.16	-28.34	-0.151	-290.2	1.407
3.367	219.2	37.16	-35.80	-0.540	-97.47	-1.967
3.400	218.1	37.12	-33.37	-0.526	273.0	-9.371
3.433	217.0	37.12	-19.31	-0.819	276.0	0.322
3.467	216.8	37.07	-10.81	-0.921	-22.94	15.29
3.500	216.3	37.06	-22.87	0.435	-265.8	13.77
3.533	215.3	37.10	-30.13	0.198	-116.1	-8.058
3.567	214.3	37.08	-29.46	-0.469	34.12	-9.012
3.600	213.3	37.07	-27.98	-0.227	124.8	5.683
3.633	212.4	37.06	-21.59	-0.118	164.0	-10.11
3.667	211.9	37.06	-15.80	-0.783	-64.61	-2.344
3.700	211.4	37.01	-25.08	-0.621	-274.9	3.348
3.733	210.2	37.02	-36.76	-0.140	-252.0	3.160
3.767	208.9	37.00	-40.70	-0.644	54.42	-10.45
3.800	207.5	36.97	-34.64	-0.795	60.93	-1.213
3.833	206.6	36.95	-33.07	-0.745	-302.3	0.754
3.867	205.3	36.93	-55.56	-0.696	-548.7	-17.55
3.900	202.9	36.90	-73.03	-1.799	-23.11	-11.29
3.933	200.4	36.81	-57.69	-1.875	500.3	13.17
3.967	199.0	36.78	-35.40	-0.548	362.6	20.31
4.000	198.0	36.77	-33.84	-0.509	-57.65	1.038
4.033	196.8	36.74	-40.68	-0.649	-253.7	-6.744
4.067	195.3	36.73	-50.14	-0.811	33.43	-2.790
4.100	193.5	36.69	-41.95	-0.984	265.5	0.543
4.133	192.5	36.66	-27.33	-0.693	108.6	9.107
4.167	191.6	36.64	-35.62	-0.394	-261.4	4.805E-2
4.200	190.2	36.63	-46.72	-0.600	-298.5	-1.702
4.233	188.5	36.60	-54.45	-0.686	-45.23	-12.00
4.267	186.5	36.59	-51.81	-1.150	87.66	-0.578
4.300	185.1	36.52	-45.56	-1.102	91.00	10.12
4.333	183.5	36.51	-47.15	-0.153	-47.83	5.629
4.367	181.9	36.51	-48.50	-0.705	-38.03	-11.53
4.400	180.3	36.47	-49.90	-1.171	-11.82	6.188
4.433	178.6	36.44	-49.36	-0.232	30.73	3.746
4.467	177.0	36.45	-47.66	-0.595	46.44	-4.692
4.500	175.4	36.40	-46.24	-1.045	-10.40	-9.216
4.533	173.9	36.38	-47.97	-0.819	-4.677	10.57
4.567	172.2	36.34	-47.68	-0.629	94.73	-1.640
4.600	170.7	36.34	-41.13	-0.619	110.9	0.869
4.633	169.5	36.30	-39.25	-0.869	15.21	-3.024
4.667	168.1	36.28	-41.27	-0.630	24.19	9.469
4.700	166.7	36.26	-37.82	-0.362	186.4	-4.443
4.733	165.6	36.26	-28.68	-0.709	66.85	-6.994
4.767	164.8	36.21	-31.06	-1.124	-102.7	-9.010
4.800	163.5	36.18	-38.72	-1.089	-64.09	6.871
4.833	162.2	36.14	-34.58	-0.851	123.9	6.561
4.867	161.2	36.13	-29.65	-0.459	146.8	-1.523
4.900	160.3	36.11	-25.40	-0.991	94.39	-11.02
4.933	159.5	36.06	-22.64	-1.317	-115.1	-4.502
4.967	158.7	36.02	-32.24	-1.201	-198.1	17.82
5.000	157.4	35.98	-38.87	-0.272	16.80	10.80
5.033	156.2	36.00	-29.90	-0.112	217.5	-7.942
5.067	155.4	35.97	-23.06	-1.115	-3.087	-1.896
5.100	154.6	35.93	-29.78	-0.344	-69.92	4.583
5.133	153.4	35.95	-30.79	-0.340	51.63	-4.112
5.167	152.6	35.91	-23.62	-1.089	101.5	-5.461
5.200	151.8	35.88	-24.43	-0.528	-52.37	6.803
5.233	150.9	35.87	-27.52	-0.542	-62.87	7.722
5.267	150.0	35.84	-28.80	-0.235	17.50	-5.111
5.300	149.0	35.85	-26.44	-0.530	61.19	11.58
5.333	148.2	35.81	-24.11	-1.762E-2	70.09	-1.045
5.367	147.4	35.85	-22.31	0.124	31.00	-9.336
5.400	146.7	35.81	-21.44	-1.206	11.07	-3.589
5.433	146.0	35.77	-22.09	-0.107	76.03	16.65
5.467	145.2	35.81	-16.90	0.336	58.86	-6.831
5.500	144.8	35.80	-16.16	-0.854	-136.2	-4.176
5.533	144.2	35.75	-26.97	-0.153	-139.4	-5.289
5.567	143.1	35.78	-27.58	-0.566	98.55	0.490
5.600	142.3	35.71	-18.24	-0.928	185.6	3.174
5.633	141.8	35.72	-15.06	0.241	28.88	24.96
5.667	141.3	35.73	-16.65	0.490	-21.47	1.251
5.700	140.7	35.76	-17.01	0.476	30.02	-4.108
5.733	140.2	35.76	-14.39	8.139E-2	85.11	-18.48
5.767	139.8	35.76	-11.25	-0.630	67.19	-10.87
5.800	139.4	35.72	-9.695	-0.880	41.48	16.11
5.833	139.1	35.70	-8.825	0.512	38.22	2.868
5.867	138.9	35.75	-7.038	-0.219	26.05	3.030
5.900	138.7	35.69	-6.840	-0.170	23.33	-7.622
5.933	138.4	35.74	-6.043	0.220	27.30	13.54
5.967	138.2	35.70	-4.483	-6.931E-2	49.23	0.565
6.000	138.1	35.74	-3.155	0.797	50.79	10.94
6.033	138.0	35.76	-0.872	0.458	45.97	-8.650
6.067	138.0	35.77	2.007E-2	0.234	17.19	-6.491
6.100	138.0	35.77	8.358E-2	2.559E-2	0.153	-4.984
6.133	138.0	35.77	0.109	-0.108	-2.053	3.141
6.167	138.0	35.76	-0.103	0.193	-0.215	1.464
6.200	138.0	35.78	5.723E-2	0.144	4.138	-1.238
6.233	138.0	35.77	0.257	-7.016E-2	-1.240	-1.332
6.267	138.1	35.78	-3.420E-2	0.150	-3.203	3.431
6.300	138.0	35.78	-5.628E-2	0.156	-0.965	-0.581
6.333	138.1	35.79	2.513E-2	9.274E-2	2.746	-2.462
6.367	138.0	35.79	2.900E-2	4.173E-3	-0.440	-0.612
6.400	138.1	35.79	7.631E-2	2.142E-2	-0.999	1.668
6.433	138.1	35.79	-8.249E-2	0.146	-1.006	1.984
6.467	138.0	35.80	-8.616E-3	0.155	1.861	-4.091
6.500	138.1	35.80	8.924E-2	-0.106	2.435	-2.598
6.533	138.1	35.79	0.119	-0.114	-5.324E-3	1.196
6.567	138.1	35.79	0.118	7.717E-2	-2.031	3.158
6.600	138.1	35.80	-2.900E-2	5.230E-2	-4.539	1.416
6.633	138.1	35.80	-0.190	0.165	0.431	-7.940E-2
6.667	138.1	35.81	-4.077E-2	9.861E-2	3.872	-2.914
6.700	138.1	35.80	0.147	-8.896E-2	2.631	-2.096
6.733	138.1	35.80	9.492E-2	-3.310E-2	-3.271	1.416
6.767	138.1	35.80	-5.196E-2	3.100E-2	-1.334	1.737
6.800	138.1	35.80	-4.799E-2	6.288E-2	0.975	0.394
6.833	138.1	35.81	7.199E-2	7.529E-2	1.525	0.445
6.867	138.1	35.81	3.386E-2	7.379E-2	-2.142	-6.285E-2
6.900	138.1	35.81	-6.493E-2	8.595E-2	-0.138	-2.120
6.933	138.1	35.81	-1.164E-2	-5.811E-2	2.507	-1.974
6.967	138.1	35.81	0.145	-9.299E-2	-1.264	0.171
7.000	138.1	35.81	-7.092E-2	-1.815E-3	-0.894	2.475
7.033	138.1	35.81	-2.934E-2	5.063E-2	1.203	2.466
7.067	138.1	35.81	0.143	0.169	3.686	2.775E-2
7.100	138.1	35.82	0.128	8.446E-2	-1.412	-2.498
7.133	138.1	35.82	0.110	-5.119E-2	-1.841	-2.074
7.167	138.1	35.81	-3.825E-2	-2.985E-2	-2.306	0.602
7.200	138.1	35.81	-3.924E-2	-1.205E-2	0.266	0.200
7.233	138.1	35.81	-7.980E-3	-1.330E-2	2.328	0.812
7.267	138.1	35.81	9.747E-2	2.978E-2	1.663	-0.279
7.300	138.1	35.82	0.141	-2.529E-3	-1.080	-0.906
7.333	138.1	35.81	4.328E-3	-6.628E-2	-4.197	-0.632
7.367	138.1	35.81	-0.142	-2.809E-2	-1.906	-2.001
7.400	138.1	35.81	-0.142	-0.175	1.163	6.759E-2
7.433	138.1	35.80	-3.910E-2	-0.105	3.273	3.049E-2
7.467	138.1	35.80	6.530E-2	-5.723E-2	-0.294	0.392
7.500	138.1	35.80	-2.033E-2	-0.175	-1.673	-0.330
7.533	138.1	35.79	-0.111	-4.312E-2	-2.002	2.906
7.567	138.1	35.79	-0.104	2.726E-2	2.356	-5.476E-2
7.600	138.1	35.79	-3.295E-3	-4.354E-2	4.236	-4.244
7.633	138.1	35.79	0.223	-0.258	2.141	0.148
7.667	138.1	35.78	0.155	-0.104	-1.677	2.314
7.700	138.1	35.78	5.797E-2	2.292E-2	-0.186	4.566
7.733	138.1	35.78	0.163	7.926E-2	1.083	-1.155
7.767	138.1	35.79	0.155	6.660E-2	-3.122	-1.420
7.800	138.1	35.78	-5.672E-2	-0.121	-5.120	-1.068
7.833	138.1	35.78	-0.212	2.789E-2	-0.422	1.341
7.867	138.1	35.78	-9.093E-2	8.101E-3	3.089	-2.961
7.900	138.1	35.78	3.839E-2	-0.206	1.306	1.313
7.933	138.1	35.77	-2.015E-2	3.859E-2	-4.875E-2	5.719
7.967	138.1	35.78	1.170E-2	0.296	-1.130	2.362
8.000	138.1	35.79	-4.629E-2	0.137	1.080	-4.113
8.033	138.1	35.79	5.906E-3	1.602E-2	0.633	0.933
8.067	138.1	35.79	8.547E-2	0.171	-0.474	2.999
8.100	138.1	35.80	-7.684E-2	0.289	-3.147	1.555
8.133	138.1	35.81	-0.124	0.223	-0.334	-5.330
8.167	138.1	35.82	-9.393E-2	-1.609E-2	0.164	-3.078
8.200	138.1	35.81	-0.102	-8.220E-2	2.594	-0.736
8.233	138.1	35.81	4.069E-2	3.344E-2	2.867	0.566
8.267	138.1	35.81	0.153	-8.384E-2	-6.310E-2	-1.614
8.300	138.1	35.81	5.354E-3	-8.465E-2	-3.949	-0.769
8.333	138.1	35.81	-0.119	-0.105	-2.251	1.118
8.367	138.1	35.80	-0.146	-5.324E-2	1.182	3.221
8.400	138.1	35.80	-4.368E-2	0.143	3.120	3.473
8.433	138.1	35.81	8.052E-2	0.187	1.244	1.055
8.467	138.1	35.82	4.651E-2	0.188	-0.960	1.948E-2
8.500	138.1	35.82	-1.011E-2	0.205	1.441	-3.116
8.533	138.1	35.83	0.137	-1.299E-3	0.781	-4.371
8.567	138.1	35.82	0.103	-0.145	-1.415	-4.852
8.600	138.1	35.82	-2.992E-2	-0.261	-0.980	-3.422
8.633	138.1	35.81	6.348E-2	-0.426	-0.196	2.462
8.667	138.1	35.79	-1.267E-2	-0.119	-2.255	5.989
8.700	138.1	35.80	-0.135	7.817E-2	-1.984	2.012
8.733	138.1	35.80	-0.123	-5.781E-2	1.073	-1.790
8.767	138.1	35.79	-7.188E-2	-3.804E-2	1.837	0.776
8.800	138.1	35.79	9.489E-3	9.111E-3	2.794	2.225
8.833	138.1	35.79	0.107	9.363E-2	1.569	3.296
8.867	138.1	35.80	0.134	0.242	1.462	-2.057
8.900	138.1	35.81	0.173	7.309E-3	-1.236	-2.284
8.933	138.1	35.80	0.101	-4.237E-2	-1.491	1.024
8.967	138.1	35.81	1.099E-2	0.193	-1.330	1.619
9.000	138.1	35.81	5.293E-2	4.377E-2	-0.436	-2.575
9.033	138.1	35.81	-2.341E-2	-2.347E-2	-1.284	-3.651
9.067	138.1	35.81	-5.121E-2	-0.136	-1.915	0.663
9.100	138.1	35.80	-0.120	-7.402E-2	0.712	1.515
9.133	138.1	35.81	-5.925E-2	7.237E-2	2.032	3.330
9.167	138.1	35.81	7.863E-2	7.297E-2	0.618	-2.183
9.200	138.1	35.81	-3.411E-2	-7.403E-3	-0.532	-1.312
9.233	138.1	35.81	2.184E-3	-9.129E-2	-1.610	1.485
9.267	138.1	35.81	-6.445E-2	0.125	-0.491	2.710
9.300	138.1	35.81	-0.123	0.129	1.167	-1.160
9.333	138.1	35.81	7.106E-2	-2.948E-3	2.809	-3.021
9.367	138.1	35.81	7.026E-2	-5.278E-2	-0.433	-0.895
9.400	138.1	35.81	1.561E-2	-7.436E-2	-2.180	0.290
9.433	138.1	35.81	-5.407E-2	-2.746E-2	-1.205	0.516
9.467	138.1	35.81	-9.237E-2	-2.918E-2	-0.776	0.190
9.500	138.1	35.81	-8.079E-2	-3.229E-2	0.831	3.017
9.533	138.1	35.81	-5.665E-2	0.161	1.106	-0.328
9.567	138.1	35.82	8.541E-3	3.094E-2	2.191	0.340
9.600	138.1	35.81	7.895E-2	3.350E-2	1.227	-0.755
9.633	138.1	35.82	0.108	0.136	0.180	0.645
9.667	138.1	35.82	7.632E-2	-2.656E-2	-2.328	-3.102
9.700	138.1	35.82	-3.073E-2	-2.869E-2	-2.013	-0.536
9.733	138.1	35.82	-9.211E-2	-7.544E-2	-0.118	-0.379
9.767	138.1	35.81	-1.729E-2	-5.655E-2	1.724	0.163
9.800	138.1	35.81	2.553E-2	-5.072E-2	-1.218	2.216
9.833	138.1	35.81	-8.401E-2	6.047E-2	-1.169	1.918
9.867	138.1	35.82	-0.102	0.129	1.868	-2.189
9.900	138.1	35.82	7.519E-2	-0.101	0.818	-2.820
9.933	138.1	35.81	-1.583E-2	-0.117	-2.008	-1.291
9.967	138.1	35.81	-0.126	-0.103	0.833	1.173
10.000	138.1	35.80	6.158E-2	-0.115	4.666	1.132
10.033	138.1	35.80	0.211	2.366E-2	-4.366E-2	1.765
10.067	138.1	35.80	6.904E-2	-2.937E-3	-4.221	0.357
10.100	138.1	35.80	-0.116	2.236E-2	-1.804	-0.162
10.133	138.1	35.81	-4.767E-2	2.239E-2	3.918	-5.651E-2
10.167	138.1	35.80	0.158	-1.567E-2	1.480	1.925E-2
10.200	138.1	35.80	9.586E-2	3.922E-2	-2.028	-0.589
10.233	138.1	35.81	-4.853E-2	-3.829E-2	-2.748	-0.517
10.267	138.1	35.80	-4.831E-2	-4.144E-2	1.592	-0.473
10.300	138.1	35.80	2.828E-2	-1.697E-2	2.880	-5.639E-2
10.333	138.1	35.80	0.174	-8.141E-2	-0.596	2.314
10.367	138.1	35.80	1.204E-2	0.122	-2.764	3.227
10.400	138.1	35.81	-8.677E-2	0.204	1.203	-0.111
10.433	138.1	35.81	0.132	5.940E-2	4.170	-5.367
10.467	138.1	35.81	0.216	-0.125	1.020	-0.670
10.500	138.1	35.80	0.174	-5.585E-2	-1.554	0.920
10.533	138.1	35.81	0.122	3.960E-2	-2.277	0.526
10.567	138.1	35.81	1.845E-2	-8.797E-2	-2.323	-1.514
10.600	138.1	35.80	-4.235E-2	-4.969E-2	-2.684	1.553
10.633	138.1	35.80	-0.140	2.274E-2	-1.044	-0.158
10.667	138.1	35.81	-0.150	-4.279E-2	-1.686	0.180
10.700	138.1	35.80	-0.196	-1.562E-2	0.308	0.142
10.733	138.1	35.80	-0.197	2.796E-2	-5.709E-2	0.810
10.767	138.1	35.80	-0.135	-9.017E-3	3.609	-0.980
10.800	138.1	35.80	-1.987E-2	-7.046E-3	2.369	0.198
10.833	138.1	35.80	9.396E-2	-1.865E-2	1.013	0.702
10.867	138.1	35.80	5.081E-3	4.929E-2	-1.119	2.690
10.900	138.1	35.81	1.837E-2	0.157	1.337	-0.638
10.933	138.1	35.81	0.100	4.725E-2	-1.093	-3.547
10.967	138.1	35.81	-2.152E-2	-0.140	-4.224	-0.781
11.000	138.1	35.80	-0.231	-1.971E-3	-1.309	2.556
11.033	138.1	35.81	-0.118	8.172E-2	2.806	1.155
11.067	138.1	35.81	9.280E-3	3.457E-2	1.945	1.443
11.100	138.1	35.81	-1.755E-2	0.173	1.110	-0.144
11.133	138.1	35.82	7.356E-2	8.819E-2	1.976	-2.462
11.167	138.1	35.82	0.144	-7.495E-2	-8.921E-2	-1.713
11.200	138.1	35.82	5.743E-2	1.118E-2	-2.841	1.916
11.233	138.1	35.82	-5.420E-2	5.695E-2	-2.806	0.171
11.267	138.1	35.82	-0.130	2.393E-2	-0.818	-0.998
11.300	138.1	35.82	-0.116	-2.053E-2	1.656	-1.506
11.333	138.1	35.82	-1.219E-2	-6.689E-2	3.527	0.791
11.367	138.1	35.81	0.120	5.403E-3	1.912	1.088
11.400	138.1	35.82	0.135	5.295E-2	-0.447	-0.512
11.433	138.1	35.82	6.612E-2	-5.706E-2	-1.533	-1.631
11.467	138.1	35.81	3.931E-2	-6.459E-2	-1.102	0.199
11.500	138.1	35.81	-5.520E-3	-2.680E-2	-1.629	-0.193
11.533	138.1	35.81	-7.076E-2	-7.559E-2	-9.616E-2	7.758E-2
11.567	138.1	35.81	-2.870E-2	-4.690E-2	0.553	1.378
11.600	138.1	35.81	9.624E-5	4.376E-2	1.792	0.275
11.633	138.1	35.81	5.166E-2	-2.448E-2	1.902E-3	-1.686
11.667	138.1	35.81	5.019E-2	-9.509E-2	-0.907	-0.779
11.700	138.1	35.80	-5.197E-2	-6.474E-2	-1.759	1.804
11.733	138.1	35.80	-5.281E-2	2.012E-2	-0.148	1.279
11.767	138.1	35.81	-6.066E-2	4.230E-2	-0.248	-0.169
11.800	138.1	35.81	-7.114E-2	-1.107E-2	-7.705E-2	-1.219
11.833	138.1	35.81	-6.653E-2	-3.416E-2	0.458	-0.141
11.867	138.1	35.80	-4.072E-2	-2.549E-2	2.479	1.673
11.900	138.1	35.80	8.733E-2	7.398E-2	1.916	1.056
11.933	138.1	35.81	0.126	7.527E-2	-0.750	-0.604
11.967	138.1	35.81	8.066E-3	2.316E-4	-2.323	-0.479
12.000	138.1	35.81	-3.302E-2	4.837E-2	1.804	3.454E-2
12.033	138.1	35.81	0.116	2.530E-2	2.489	-4.527
12.067	138.1	35.81	0.184	-0.250	-3.861	-1.081
12.100	138.1	35.80	-0.147	-0.141	-1.825	1.440
12.133	138.1	35.80	-5.013E-2	-8.413E-3	1.817	3.195
12.167	138.1	35.79	0.135	-4.619E-2	0.959	1.020
12.200	138.1	35.80	-7.760E-2	0.124	-3.000	2.485
12.233	138.1	35.80	-6.286E-2	0.111	-1.717	-4.422E-2
12.267	138.1	35.81	-0.147	0.103	4.693E-2	-2.666
12.300	138.1	35.81	-0.133	-3.008E-2	2.426	-2.352
12.333	138.1	35.80	7.399E-2	-0.115	4.471	-0.149
12.367	138.1	35.80	0.151	-6.908E-4	0.830	2.466
12.400	138.1	35.80	0.138	4.773E-2	-2.925	6.316
12.433	138.1	35.81	-4.140E-2	0.373	-3.980	4.130
12.467	138.1	35.83	-0.162	0.446	-1.182	-0.766
12.500	138.1	35.84	-0.103	0.207	2.281	-9.501
12.533	138.1	35.84	-6.559E-3	-0.107	2.603	-4.591
12.567	138.1	35.83	7.479E-2	-0.219	2.299	-3.192
12.600	138.1	35.83	0.142	-0.191	-1.422	0.732
12.633	138.1	35.82	1.098E-2	-0.264	-2.210	0.433
12.667	138.1	35.81	-7.156E-2	-0.114	-0.278	1.555
12.700	138.1	35.81	3.815E-2	-0.150	0.883	-1.118
12.733	138.1	35.80	-8.551E-3	-0.221	-0.864	0.571
12.767	138.1	35.79	-4.710E-2	-0.110	-0.335	3.111
12.800	138.1	35.79	-1.254E-2	9.708E-3	1.890	3.556
12.833	138.1	35.79	6.489E-2	0.108	2.047	4.548
12.867	138.1	35.80	0.144	0.313	1.046	0.535
12.900	138.1	35.81	0.128	0.204	-1.130	-3.521
12.933	138.1	35.81	6.774E-2	-1.147E-2	-2.502	-1.996
12.967	138.1	35.81	-3.766E-2	9.885E-2	-2.937	2.020
13.000	138.1	35.82	-0.136	0.150	-0.481	-1.738
13.033	138.1	35.82	-8.241E-2	-2.050E-2	0.619	-5.491
13.067	138.1	35.82	-5.652E-2	-0.238	2.008	-2.262
13.100	138.1	35.81	4.116E-3	-0.194	1.519	3.997
13.133	138.1	35.81	9.301E-2	5.881E-2	1.519	1.549
13.167	138.1	35.81	7.622E-2	-4.048E-2	-0.409	-3.230
13.200	138.1	35.80	7.725E-2	-0.242	-1.699	-1.676
13.233	138.1	35.80	-3.046E-2	-0.126	-2.824	5.265
13.267	138.1	35.79	-0.134	0.111	-2.357	4.907
13.300	138.1	35.80	-0.173	0.232	2.844	-2.799
13.333	138.1	35.81	1.776E-2	-6.421E-2	2.031	-5.586
13.367	138.1	35.80	5.510E-2	-0.230	-1.110	-0.852
13.400	138.1	35.79	-0.138	-6.033E-2	-1.900	4.981
13.433	138.1	35.79	-6.112E-2	9.186E-2	4.933	1.845
13.467	138.1	35.80	0.193	9.218E-2	2.528	-2.540
13.500	138.1	35.80	0.170	-0.101	-4.132	-4.089
13.533	138.1	35.79	-0.143	-0.198	-4.250	1.416
13.567	138.1	35.79	-0.139	-1.516E-2	0.961	3.500
13.600	138.1	35.79	-2.394E-2	9.420E-2	3.361	0.885
13.633	138.1	35.79	5.169E-2	2.917E-3	3.034	-3.251
13.667	138.1	35.79	0.196	-0.108	0.832	-0.299
13.700	138.1	35.79	0.129	-5.764E-2	-3.700	0.718
13.733	138.1	35.79	-8.231E-2	2.419E-3	-3.981	2.267
13.767	138.1	35.79	-0.146	3.653E-2	-0.783	-1.188
13.800	138.1	35.79	-0.117	-1.178E-2	-1.006	0.272
13.833	138.1	35.79	-0.201	-2.686E-2	0.424	2.038
13.867	138.1	35.79	-0.138	0.179	4.287	1.892
13.900	138.1	35.80	0.126	0.115	6.918	-1.819
13.933	138.1	35.80	0.320	9.524E-3	0.610	-1.139
13.967	138.1	35.80	0.205	5.886E-2	-5.720	-0.701
14.000	138.1	35.80	-0.114	-1.737E-2	-5.586	-1.936
14.033	138.1	35.80	-0.180	-0.106	-0.828	1.127
14.067	138.1	35.79	-0.136	5.605E-2	5.244	2.273
14.100	138.1	35.80	0.122	9.981E-2	2.777	0.263
14.133	138.1	35.80	0.159	1.983E-2	-1.184	-2.150
14.167	138.1	35.80	-6.196E-2	-1.403E-2	-5.926	0.400
14.200	138.1	35.80	-0.183	1.470E-2	4.397E-2	-0.776
14.233	138.1	35.80	-0.124	-1.645E-2	4.693	-0.695
14.267	138.1	35.80	0.185	-8.426E-2	3.311	0.426
14.300	138.1	35.80	0.130	3.288E-2	-1.806	1.553
14.333	138.1	35.80	-8.587E-3	4.036E-2	-3.383	0.604
14.367	138.1	35.80	-4.850E-2	3.782E-2	-0.498	0.611
14.400	138.1	35.80	-7.687E-2	0.105	0.141	0.693
14.433	138.1	35.81	-1.522E-2	8.280E-2	3.582	-3.129
14.467	138.1	35.81	0.138	-9.314E-2	0.180	-1.031
14.500	138.1	35.80	6.603E-2	-4.962E-2	-2.510	0.265
14.533	138.1	35.81	-0.115	1.632E-2	-1.857	1.411
14.567	138.1	35.80	-2.621E-2	-2.836E-2	1.347	-1.094
14.600	138.1	35.80	-8.200E-3	-8.808E-3	-4.071E-2	0.538
14.633	138.1	35.80	-4.805E-2	-2.593E-2	0.717	-0.371
14.667	138.1	35.80	3.313E-2	-1.005E-2	1.997	0.914
14.700	138.1	35.80	0.110	1.495E-2	-1.098	1.411
14.733	138.1	35.80	-3.376E-2	9.720E-2	-1.356	0.475
14.767	138.1	35.81	-3.834E-2	5.884E-2	-0.587	-1.353
14.800	138.1	35.81	-1.532E-3	-1.707E-2	0.615	-1.632
14.833	138.1	35.81	-5.056E-2	-3.893E-2	-1.042	-0.200
14.867	138.1	35.80	-3.874E-2	-3.706E-2	2.128	2.130
14.900	138.1	35.80	5.591E-2	9.462E-2	1.143	-0.729
14.933	138.1	35.81	9.290E-2	-2.301E-2	-0.540	-1.292
14.967	138.1	35.80	-2.209E-2	-9.614E-2	-1.778	-1.174
15.000	138.1	35.80	-2.184E-2	-1.267E-2	5.484E-2	1.239
15.033	138.1	35.80	-7.761E-3	-6.092E-2	0.605	-0.951
15.067	138.1	35.80	9.338E-3	-5.519E-2	0.887	2.161
15.100	138.1	35.80	5.659E-2	5.506E-2	-1.882E-2	1.600
15.133	138.1	35.80	1.923E-2	0.103	-0.115	0.298
15.167	138.1	35.81	2.019E-2	3.136E-2	-3.267	-2.658
15.200	138.1	35.81	-0.141	-4.662E-2	-1.628	-2.173
15.233	138.1	35.80	-0.186	-0.139	1.921	0.733
15.267	138.1	35.80	5.949E-2	-6.213E-3	-14.30	-4.101
15.300	138.1	35.80	-0.986	-0.310		
15.333	138.0	35.78				
