	mass A						
t	x	y	vx	vy	ax	ay	
0.000	220.7	38.17				
0.033	220.7	38.18	0.106	0.103		
0.067	220.7	38.18	-7.482E-2	2.071E-2	-3.280	-2.229
0.100	220.7	38.18	-0.165	-3.109E-2	6.324E-2	-0.390
0.133	220.7	38.17	-3.676E-2	-2.372E-2	4.095	1.900
0.167	220.7	38.18	0.103	0.105	1.764	-1.064
0.200	220.7	38.18	0.106	-4.675E-2	-1.107	-0.700
0.233	220.7	38.17	1.132E-4	-5.068E-2	-4.164	1.211
0.267	220.7	38.18	-0.151	0.137	-1.150	1.574
0.300	220.7	38.18	-0.128	2.191E-2	3.281	-4.883
0.333	220.7	38.18	0.113	-0.186	2.618	-0.734
0.367	220.7	38.17	7.250E-2	-8.670E-2	-9.050E-2	3.519
0.400	220.7	38.17	3.952E-2	0.135	-0.626	1.964
0.433	220.7	38.18	8.765E-2	2.296E-2	0.730	-0.738
0.467	220.7	38.18	5.448E-2	4.062E-2	-2.608	-3.255
0.500	220.7	38.18	-5.346E-2	-0.107	-1.708	-0.898
0.533	220.7	38.17	-0.110	-0.145	0.311	1.086
0.567	220.7	38.17	1.326E-3	7.073E-2	4.519	2.541
0.600	220.7	38.17	0.173	-3.640E-3	-1.787	-2.480
0.633	220.7	38.17	-3.639E-2	-0.105	-4.677	0.684
0.667	220.7	38.17	-0.271	1.645E-2	-1.015	-0.693
0.700	220.7	38.17	-4.206E-2	-6.475E-2	4.482	0.871
0.733	220.7	38.16	5.128E-2	-5.370E-2	1.970	3.174
0.767	220.7	38.17	5.842E-2	0.247	-1.274	1.260
0.800	220.7	38.18	-5.059E-3	4.362E-2	0.213	-4.602
0.833	220.7	38.17	2.110E-2	-0.147	2.580	-1.926
0.867	220.7	38.17	0.208	-3.858E-2	-6.494E-2	0.955
0.900	220.7	38.17	4.807E-2	-6.727E-2	-4.644	0.468
0.933	220.7	38.16	-0.174	-4.967E-2	-2.454	-0.804
0.967	220.7	38.17	-9.503E-2	-6.698E-2	2.203	-1.720
1.000	220.7	38.16	-5.783E-3	-0.206	2.339	-3.671
1.033	220.7	38.15	4.679E-2	-0.295	1.928	2.853
1.067	220.7	38.14	0.128	-7.029E-2	0.189	2.682
1.100	220.7	38.15	7.729E-2	4.806E-3	-2.174	0.688
1.133	220.7	38.14	-4.390E-2	-0.136	-0.464	-2.995
1.167	220.7	38.14	3.427E-2	-0.135	3.223	2.995
1.200	220.7	38.13	0.199	4.272E-3	-0.735	3.767
1.233	220.7	38.14	1.880E-2	0.189	-4.835	5.716
1.267	220.7	38.14	-0.200	0.326	-1.467	0.876
1.300	220.7	38.16	-5.878E-2	0.320	2.060	0.337
1.333	220.7	38.17	-1.745E-2	0.263	0.733	-2.385
1.367	220.7	38.18	-5.824E-2	0.235	-1.316	-3.830
1.400	220.7	38.18	-7.240E-2	-2.834E-2	-0.513	-4.083
1.433	220.7	38.18	-0.117	-6.689E-2	0.366	-1.536
1.467	220.7	38.18	-4.452E-2	-7.317E-2	2.598	1.058
1.500	220.7	38.17	6.422E-2	-5.307E-2	1.329	0.250
1.533	220.7	38.17	5.766E-2	-5.995E-4	-9.964E-2	2.207
1.567	220.7	38.17	3.048E-2	4.396E-2	-1.554	0.484
1.600	220.7	38.18	-1.865E-2	8.162E-2	0.640	-2.533
1.633	220.7	38.18	2.893E-2	-0.139	-1.254	-1.394
1.667	220.7	38.17	-2.911E-2	-7.479E-2	-1.335	4.950
1.700	220.7	38.17	-0.141	0.257	-2.596	1.851
1.733	220.7	38.18	-0.145	9.189E-2	2.052	0.233
1.767	220.7	38.18	-5.886E-2	0.129	4.237	-8.164E-2
1.800	220.7	38.19	0.183	0.247	1.925	0.666
1.833	220.7	38.19	9.376E-2	6.710E-2	-9.643E-2	-5.009
1.867	220.7	38.20	9.264E-2	-3.401E-2	-0.388	-4.895
1.900	220.7	38.19	0.156	-0.280	-0.537	-2.891
1.933	220.7	38.18	8.272E-3	-0.264	0.198	3.088
1.967	220.7	38.17	0.147	-3.052E-2	3.762	4.486
2.000	220.7	38.18	0.318	4.497E-2	0.931	4.069
2.033	220.7	38.18	0.197	0.197	-3.397	3.256
2.067	220.7	38.19	6.317E-2	0.321	-4.236	2.648E-2
2.100	220.7	38.20	-6.102E-2	0.175	-1.693	-2.404
2.133	220.7	38.20	-8.722E-2	0.132	-2.282	-2.940
2.167	220.7	38.21	-0.156	3.050E-2	0.580	-2.403
2.200	220.7	38.20	-0.126	-8.643E-2	1.620	-3.628
2.233	220.7	38.20	2.636E-2	-0.162	0.968	-1.519
2.267	220.7	38.19	-8.091E-2	-0.232	-2.115	1.199
2.300	220.7	38.19	-0.139	-7.001E-2	0.777	2.691
2.333	220.7	38.19	-2.243E-2	-1.596E-2	3.414	2.066
2.367	220.7	38.18	0.105	1.845E-2	-0.404	8.188E-2
2.400	220.7	38.19	-2.760E-2	3.806E-2	-0.260	0.137
2.433	220.7	38.19	5.175E-3	-1.299E-2	-0.489	-1.133
2.467	220.7	38.19	4.500E-2	-1.409E-2	-0.117	-0.500
2.500	220.7	38.19	-8.288E-2	-5.661E-2	0.211	-0.849
2.533	220.7	38.18	7.462E-2	-7.043E-2	4.556	4.636
2.567	220.7	38.18	0.244	0.214	-4.713	-1.444
2.600	220.7	38.20	-0.177	-1.246E-2	-7.002	-8.507
2.633	220.7	38.18	-0.398	-0.538	-2.731	-3.820
2.667	220.7	38.16	-0.213	-0.243	4.617	2.376
2.700	220.7	38.16	-0.160	-0.244	2.037	-1.921
2.733	220.7	38.15	-3.657E-2	-0.510	1.860	2.087
2.767	220.7	38.13	-4.694E-2	-9.987E-2	1.813	10.33
2.800	220.7	38.14	5.989E-2	0.275	3.293	6.488
2.833	220.7	38.15	0.208	0.283	1.006	-3.163
2.867	220.7	38.16	0.130	8.990E-2	-1.817	-3.627
2.900	220.7	38.16	5.158E-2	-2.438E-2	-1.891	-2.848
2.933	220.7	38.16	3.065E-2	-3.719E-2	-0.651	9.839E-2
2.967	220.7	38.15	-7.970E-3	-6.408E-2	0.424	-0.713
3.000	220.7	38.15	5.768E-2	-4.679E-2	4.592	0.482
3.033	220.7	38.15	0.290	-5.931E-2	1.231	1.382
3.067	220.7	38.15	0.215	5.094E-2	-4.189	4.214
3.100	220.7	38.15	-7.734E-2	0.225	-5.573	0.659
3.133	220.7	38.16	-0.133	0.138	0.669	-1.265
3.167	220.7	38.16	-4.305E-2	5.879E-2	4.351	-1.466
3.200	220.7	38.17	0.171	0.105	2.161	-0.351
3.233	220.7	38.17	0.140	9.106E-3	-4.393	-0.215
3.267	220.7	38.17	-0.158	7.366E-2	-4.498	-1.098
3.300	220.7	38.17	-0.199	-3.940E-3	-1.223	-1.920
3.333	220.7	38.17	-0.173	-0.128	2.551	0.283
3.367	220.7	38.17	-9.342E-2	4.027E-2	2.666	1.284
3.400	220.7	38.17	6.577E-2	3.270E-3	-1.469E-2	-0.725
3.433	220.7	38.17	-9.801E-2	-7.700E-2	-0.822	0.230
3.467	220.7	38.17	-6.035E-2	5.154E-2	2.416	-0.141
3.500	220.7	38.17	0.140	-5.583E-2	2.623	-2.849
3.533	220.7	38.16	9.579E-2	-0.198	-1.683	2.800
3.567	220.7	38.16	1.652E-2	0.120	-2.959	4.988
3.600	220.7	38.17	-9.128E-2	0.240	-1.313	1.817
3.633	220.7	38.17	-9.949E-2	0.139	-0.289	-1.166
3.667	220.7	38.18	-7.282E-2	0.208	2.307	-0.607
3.700	220.7	38.19	1.310E-2	0.102	3.420	-2.728
3.733	220.7	38.19	0.192	-2.372E-3	1.138	-4.750
3.767	220.7	38.19	0.104	-0.176	-2.952	-1.922
3.800	220.7	38.17	-4.882E-2	-0.200	-3.075	0.786
3.833	220.7	38.17	-8.366E-2	-5.648E-2	0.163	7.200
3.867	220.7	38.17	-4.868E-2	0.218	0.674	2.319
3.900	220.7	38.19	-1.751E-2	0.218	0.748	-1.350
3.933	220.7	38.18	-1.634E-2	4.086E-5	1.179	-1.544
3.967	220.7	38.19	6.311E-2	0.158	1.557	5.240
4.000	220.7	38.20	0.102	0.354	3.172	1.910
4.033	220.7	38.21	0.240	0.319	-1.939E-4	-4.202
4.067	220.7	38.22	0.179	4.196E-2	-1.254	-3.365
4.100	220.7	38.21	5.945E-2	5.149E-2	-3.469	1.318
4.133	220.7	38.22	2.431E-2	0.195	2.454	1.141
4.167	220.7	38.23	0.138	0.114	1.666	-0.105
4.200	220.7	38.23	0.243	0.152	-2.734	2.431
4.233	220.7	38.24	-9.068E-2	0.311	-2.053	2.973
4.267	220.7	38.25	2.536E-2	0.350	7.076E-2	-3.144
4.300	220.7	38.26	6.945E-2	0.123	1.290	-7.652
4.333	220.7	38.26	-3.335E-2	-0.205	-1.741	-2.880
4.367	220.7	38.25	5.044E-2	-0.100	-0.962	4.805
4.400	220.7	38.25	-0.130	0.183	-3.434	3.886
4.433	220.7	38.26	-0.200	0.160	0.947	-2.400
4.467	220.7	38.26	-5.995E-2	-2.324E-3	-3.145	-1.311
4.500	220.7	38.26	-0.328	4.754E-2	-5.814	-0.295
4.533	220.7	38.26	-0.588	4.138E-2	1.678	2.805
4.567	220.7	38.26	-0.171	0.147	3.230	-7.586E-2
4.600	220.7	38.27	-0.250	0.154	-2.858	-2.803
4.633	220.7	38.27	-0.527	-0.130	-22.58	0.680
4.667	220.6	38.26	-1.517	0.165	-162.8	-4.925
4.700	220.6	38.28	-10.57	-0.241	-179.9	-6.918
4.733	219.9	38.25	-15.99	-0.617	14.03	2.413
4.767	219.5	38.24	-8.481	9.051E-2	179.5	16.15
4.800	219.4	38.25	-3.037	0.487	73.71	9.401
4.833	219.3	38.27	-3.945	0.674	-40.77	-10.06
4.867	219.1	38.30	-6.105	-4.144E-2	-15.99	-8.688
4.900	218.9	38.27	-5.268	-0.248	-15.08	-9.952
4.933	218.8	38.28	-6.176	-0.309	-84.73	2.758
4.967	218.5	38.25	-11.47	-0.431	-82.07	2.445
5.000	218.0	38.25	-12.35	0.116	18.45	15.52
5.033	217.6	38.26	-9.450	0.465	77.47	-8.381
5.067	217.4	38.29	-7.328	-0.189	4.995	-15.59
5.100	217.2	38.25	-8.600	-0.955	-118.1	-1.117
5.133	216.8	38.22	-15.41	-0.126	-73.36	12.29
5.167	216.1	38.24	-15.09	4.830E-2	-9.633	5.421
5.200	215.8	38.23	-13.60	-9.269E-3	25.64	-4.744
5.233	215.2	38.24	-15.22	-5.759E-2	51.26	-4.091
5.267	214.8	38.22	-9.794	-0.443	32.47	-5.966
5.300	214.6	38.21	-11.43	-0.403	-70.17	4.805
5.333	214.0	38.19	-16.60	-0.145	-59.76	5.263
5.367	213.5	38.20	-14.79	1.537E-2	25.97	5.591
5.400	213.0	38.20	-14.31	0.150	-79.49	-7.967
5.433	212.5	38.21	-19.96	-0.351	-53.66	-8.134
5.467	211.7	38.17	-19.73	-0.674	70.82	-1.837
5.500	211.2	38.16	-13.43	-0.271	82.65	11.43
5.533	210.8	38.15	-14.16	7.218E-3	17.40	1.513
5.567	210.2	38.16	-13.52	-5.752E-2	-34.47	4.395
5.600	209.9	38.15	-14.74	0.106	-169.3	-16.69
5.633	209.3	38.17	-25.44	-0.792	-170.4	-0.390
5.667	208.2	38.10	-27.99	-0.605	110.5	1.735
5.700	207.4	38.13	-16.96	9.125E-2	195.8	12.61
5.733	207.1	38.10	-13.09	-0.303	-106.5	-20.17
5.767	206.5	38.11	-24.72	-0.848	-266.7	8.241
5.800	205.4	38.05	-32.92	-0.332	-191.1	0.308
5.833	204.3	38.09	-35.69	-6.258E-2	67.33	-1.847
5.867	203.0	38.04	-30.55	-1.073	171.7	-4.426
5.900	202.3	38.02	-21.54	-0.193	111.2	16.05
5.933	201.6	38.03	-23.69	0.175	-182.0	-0.525
5.967	200.7	38.03	-33.60	-0.351	-365.3	-10.00
6.000	199.4	38.01	-48.51	-0.543	-404.7	-13.53
6.033	197.5	37.99	-61.15	-1.101	-66.49	-0.505
6.067	195.3	37.93	-54.77	-0.891	169.7	4.768
6.100	193.8	37.93	-45.69	-0.400	-0.123	-7.523
6.133	192.2	37.91	-55.80	-1.507	-116.6	-11.21
6.167	190.1	37.83	-56.52	-1.430	192.9	0.162
6.200	188.5	37.81	-40.88	-1.083	250.1	9.891
6.233	187.4	37.76	-37.78	-1.095	-78.00	-0.437
6.267	186.0	37.74	-48.03	-0.873	-231.3	3.746
6.300	184.2	37.70	-53.80	-1.001	-94.40	-5.635E-2
6.333	182.4	37.67	-53.89	-0.815	12.65	12.26
6.367	180.6	37.65	-52.75	-0.254	79.33	0.993
6.400	178.8	37.65	-49.00	-0.509	11.12	-5.751
6.433	177.3	37.61	-50.49	-0.966	-54.86	-6.240
6.467	175.5	37.59	-54.56	-0.725	0.800	9.145
6.500	173.7	37.56	-50.12	-0.460	88.45	-0.140
6.533	172.1	37.56	-47.50	-0.573	-7.110	-5.833
6.567	170.5	37.53	-51.13	-1.017	-20.76	2.581
6.600	168.7	37.49	-49.93	-0.427	45.93	0.366
6.633	167.2	37.50	-46.63	-0.696	104.0	-4.171
6.667	165.6	37.45	-44.03	-1.104	114.5	6.826
6.700	164.3	37.42	-38.49	-6.814E-2	108.1	6.917
6.733	163.1	37.44	-36.41	-0.412	-2.110	-7.036
6.767	161.8	37.40	-38.88	-0.939	-18.65	-13.50
6.800	160.5	37.38	-38.46	-1.002	124.0	15.32
6.833	159.3	37.33	-30.48	-0.274	119.0	-3.297
6.867	158.4	37.36	-28.70	-0.602	-68.73	-9.230
6.900	157.4	37.29	-36.42	-1.569	-94.32	-1.939
6.933	156.0	37.26	-36.13	-0.442	89.15	18.63
6.967	154.9	37.26	-29.15	-0.192	154.2	-1.713
7.000	154.1	37.24	-25.72	-0.707	43.26	-12.38
7.033	153.2	37.21	-26.33	-1.006	-33.09	1.090
7.067	152.3	37.18	-28.25	-0.701	-32.81	8.759
7.100	151.3	37.17	-28.61	-0.286	12.63	5.886
7.133	150.4	37.16	-27.33	-0.360	132.6	1.966
7.167	149.5	37.14	-20.42	-0.206	83.05	-0.827
7.200	149.0	37.14	-19.49	-0.296	-139.3	-12.01
7.233	148.2	37.12	-31.08	-1.063	-188.6	-4.921
7.267	147.0	37.07	-33.75	-0.810	45.63	-2.017
7.300	146.0	37.07	-26.49	-0.828	166.4	21.83
7.333	145.2	37.02	-22.34	0.101	87.42	-4.653
7.367	144.5	37.07	-21.02	-0.273	-5.808	-7.143
7.400	143.8	37.00	-22.39	-1.329	-40.94	2.664
7.433	143.0	36.99	-24.38	0.368	-11.50	15.87
7.467	142.2	37.02	-23.08	-3.995E-2	31.73	-20.33
7.500	141.5	36.98	-21.86	-1.385	26.82	2.178
7.533	140.7	36.93	-21.58	-1.835E-2	96.96	19.85
7.567	140.0	36.98	-16.00	0.562	138.7	-1.207
7.600	139.7	36.97	-10.90	-0.588	-33.46	-21.94
7.633	139.3	36.94	-17.99	-0.794	-226.6	4.074
7.667	138.5	36.91	-27.63	-0.378	-83.52	15.21
7.700	137.4	36.92	-24.17	0.329	166.3	6.261
7.733	136.8	36.94	-14.89	0.105	190.2	-8.467
7.767	136.5	36.92	-11.48	-0.394	35.07	-2.327
7.800	136.1	36.91	-12.74	-5.116E-2	-25.73	1.943
7.833	135.6	36.92	-13.71	-8.908E-2	2.665	-4.024
7.867	135.2	36.90	-12.34	-0.497	43.80	15.56
7.900	134.8	36.89	-10.72	0.826	85.52	-1.749
7.933	134.4	36.96	-6.977	5.528E-2	77.71	-4.725
7.967	134.3	36.89	-4.686	-0.489	60.24	0.221
8.000	134.1	36.93	-3.817	0.835	40.60	18.51
8.033	134.1	36.95	-1.529	0.485	49.52	-4.481
8.067	134.0	36.96	-0.573	0.504	26.00	-5.167
8.100	134.0	36.98	0.110	0.263	12.72	-5.828
8.133	134.0	36.98	0.388	-3.573E-2	10.13	-5.567
8.167	134.0	36.98	0.621	-1.161E-2	0.584	2.898
8.200	134.1	36.98	0.619	9.549E-2	1.122	0.598
8.233	134.1	36.99	0.489	0.115	-4.106	-2.562
8.267	134.1	36.98	0.512	-0.136	-2.709	-2.132
8.300	134.1	36.98	0.210	-5.311E-2	-5.754	2.800
8.333	134.1	36.98	0.146	0.112	-1.196	3.577
8.367	134.1	36.98	0.138	0.154	-1.824	-1.545
8.400	134.1	36.99	3.758E-2	4.486E-2	-1.406	-1.776
8.433	134.1	36.99	8.031E-3	-2.701E-2	0.741	-1.385
8.467	134.1	36.99	0.114	5.098E-3	1.889	0.288
8.500	134.1	36.99	0.138	-3.521E-2	-1.370	0.878
8.533	134.1	36.99	2.648E-2	6.115E-2	-1.159	2.723
8.567	134.1	36.99	2.244E-2	0.167	-0.201	0.106
8.600	134.1	37.00	6.056E-2	7.694E-2	0.335	-1.879
8.633	134.1	37.00	1.523E-2	2.778E-3	-0.129	-1.687
8.667	134.1	37.00	5.711E-2	-3.939E-3	0.975	0.194
8.700	134.2	37.00	8.893E-2	-6.805E-3	0.565	0.445
8.733	134.2	37.00	8.917E-2	4.146E-2	-0.770	-0.241
8.767	134.2	37.00	4.504E-2	-1.618E-2	-2.966	0.379
8.800	134.2	37.00	-0.107	3.006E-2	-2.533	0.796
8.833	134.2	37.00	-0.156	8.690E-2	2.456	0.685
8.867	134.1	37.00	6.487E-2	4.184E-2	4.073	-1.546
8.900	134.2	37.00	0.164	2.407E-3	1.002	-1.462
8.933	134.2	37.00	9.103E-2	-6.885E-2	-3.808	-0.722
8.967	134.2	37.00	-6.252E-2	-4.996E-2	-1.149	1.170
9.000	134.2	37.00	-4.874E-2	1.908E-2	1.012	0.669
9.033	134.2	37.00	7.619E-2	3.897E-3	1.675	0.263
9.067	134.2	37.00	3.180E-2	1.199E-2	-1.669	7.782E-2
9.100	134.2	37.00	-2.615E-2	3.491E-2	-0.118	0.218
9.133	134.2	37.00	9.749E-4	9.694E-3	0.186	0.847
9.167	134.2	37.00	2.224E-2	8.670E-2	-0.667	0.413
9.200	134.2	37.01	-6.480E-2	6.991E-2	-1.793	-2.081
9.233	134.2	37.01	-9.898E-2	-7.916E-2	1.761	-3.429
9.267	134.2	37.00	3.746E-2	-0.160	3.239	1.669
9.300	134.2	37.00	0.159	7.739E-3	-0.114	2.909
9.333	134.2	37.00	2.270E-2	0.104	-0.853	0.381
9.367	134.2	37.00	4.899E-2	-1.634E-2	-0.687	-2.325
9.400	134.2	37.00	5.565E-2	-4.556E-2	-1.649	-0.861
9.433	134.2	37.00	-0.117	-6.732E-2	-0.744	0.666
9.467	134.2	37.00	-4.343E-3	-1.681E-2	1.798	2.450
9.500	134.2	37.00	6.084E-2	0.111	0.102	0.471
9.533	134.2	37.00	-3.865E-2	3.920E-2	-1.017	-2.531
9.567	134.2	37.00	-7.986E-3	-0.101	0.488	-1.229
9.600	134.2	37.00	1.465E-2	-3.825E-2	-0.284	-0.223
9.633	134.2	37.00	-3.803E-2	-7.693E-2	0.582	1.110
9.667	134.2	36.99	3.578E-2	-3.003E-2	-0.190	2.881
9.700	134.2	37.00	6.552E-4	0.171	1.401	1.648
9.733	134.2	37.00	5.022E-2	8.670E-2	0.523	-2.181
9.767	134.2	37.00	0.123	-1.889E-2	-0.512	-1.295
9.800	134.2	37.00	-3.523E-2	2.115E-2	-2.630	-1.228
9.833	134.2	37.00	-5.384E-2	-8.054E-2	-1.239	-0.950
9.867	134.2	37.00	-9.314E-2	-9.511E-2	2.257	0.389
9.900	134.2	37.00	4.376E-2	-4.268E-3	0.266	1.798
9.933	134.2	37.00	2.485E-2	1.630E-3	0.639	-1.237
9.967	134.2	37.00	-3.092E-2	-6.534E-2	-0.125	0.512
10.000	134.2	36.99	0.102	-1.305E-2	0.519	2.344
10.033	134.2	37.00	-1.842E-2	0.142	-0.940	-0.420
10.067	134.2	37.00	4.543E-3	-3.068E-2	-0.173	-0.346
10.100	134.2	36.99	2.517E-2	2.868E-2	-2.512	0.867
10.133	134.2	37.00	-0.185	0.143	-0.130	-0.207
10.167	134.2	37.00	-4.430E-2	-4.925E-2	4.031	-3.363
10.200	134.2	37.00	0.182	-8.356E-2	2.643	0.339
10.233	134.2	37.00	9.071E-2	-1.640E-2	-3.661	2.066
10.267	134.2	37.00	-5.792E-2	5.746E-2	-3.452	0.801
10.300	134.2	37.00	-0.158	4.671E-2	0.898	-1.574
10.333	134.2	37.00	-8.022E-3	-5.611E-2	2.646	-1.605
10.367	134.2	37.00	7.362E-2	-7.655E-2	1.324	0.100
10.400	134.2	37.00	3.238E-2	-3.085E-2	-1.814	0.425
10.433	134.2	37.00	-1.596E-2	-4.834E-2	-1.247	1.705
10.467	134.2	36.99	-8.074E-2	5.645E-2	-0.208	0.856
10.500	134.2	37.00	-2.009E-2	6.616E-2	1.439	0.466
10.533	134.2	37.00	2.555E-2	2.390E-2	-0.762	-2.062
10.567	134.2	37.00	-6.404E-2	-1.553E-2	0.316	-1.121
10.600	134.2	37.00	-1.317E-3	-9.981E-2	1.815	0.480
10.633	134.2	37.00	0.119	2.864E-2	3.420	3.188
10.667	134.2	37.00	0.181	0.134	-1.645	4.940
10.700	134.2	37.00	7.078E-2	0.322	-2.117	-1.498
10.733	134.2	37.02	-4.558E-2	0.136	-1.686	-5.601
10.767	134.2	37.01	1.780E-2	-0.187	0.616	-5.397
10.800	134.2	37.01	-2.332E-2	-0.159	1.567	-0.305
10.833	134.2	37.00	0.102	-0.211	2.365	-0.540
10.867	134.2	36.99	0.184	-0.210	-0.372	0.452
10.900	134.2	36.99	5.195E-2	-0.164	-3.736	2.029
10.933	134.2	36.98	-7.109E-2	-8.923E-2	-0.751	3.095
10.967	134.2	36.98	-1.587E-2	5.135E-2	0.387	2.641
11.000	134.2	36.99	3.116E-3	0.100	-0.384	2.405
11.033	134.2	36.99	-8.040E-2	0.181	0.453	-3.312E-2
11.067	134.2	37.00	2.991E-2	0.149	0.295	-0.836
11.100	134.2	37.00	-8.366E-3	6.510E-2	-2.079	-2.056
11.133	134.2	37.00	-0.165	5.417E-2	-1.524	-0.565
11.167	134.2	37.00	-0.102	1.964E-3	2.968	-1.407
11.200	134.2	37.00	4.408E-2	-2.385E-2	2.849	0.523
11.233	134.2	37.00	0.101	1.550E-2	-1.498	0.404
11.267	134.2	37.00	-5.147E-2	3.634E-2	-2.530	1.463E-2
11.300	134.2	37.00	-0.115	-9.859E-3	-1.002	-0.160
11.333	134.2	37.00	-7.343E-2	3.012E-2	1.194	-0.176
11.367	134.2	37.01	-6.089E-2	-3.237E-3	0.767	-0.689
11.400	134.2	37.00	-6.556E-3	-4.360E-2	-3.472E-2	-0.749
11.433	134.2	37.00	-5.791E-2	-3.358E-2	0.883	-0.193
11.467	134.2	37.00	1.429E-2	-6.323E-2	1.148	-0.300
11.500	134.2	37.00	7.587E-2	-5.754E-2	0.317	0.753
11.533	134.2	37.00	-3.235E-3	-1.000E-2	-1.583	1.636
11.567	134.2	37.00	-2.005E-2	5.233E-2	-1.133	3.101
11.600	134.2	37.00	-7.419E-2	0.188	0.186	-1.286
11.633	134.2	37.01	-3.144E-2	2.821E-2	1.293	-4.171
11.667	134.2	37.00	4.482E-2	-0.186	1.185	-1.783
11.700	134.2	37.00	3.219E-2	-5.244E-2	-0.339	2.139
11.733	134.2	37.00	2.421E-2	-1.792E-2	-0.850	1.546
11.767	134.2	37.00	-2.056E-2	1.141E-2	-0.333	1.701
11.800	134.2	37.00	-1.443E-2	0.122	0.135	-0.328
11.833	134.2	37.01	9.602E-3	6.722E-3	0.714	-1.408
11.867	134.2	37.00	1.695E-2	-3.209E-2	0.242	-0.619
11.900	134.2	37.00	3.769E-2	2.345E-2	-0.307	0.664
11.933	134.2	37.00	-4.560E-3	-1.842E-2	-0.354	-2.075
11.967	134.2	37.00	-5.160E-4	-9.343E-2	1.419	-1.022
12.000	134.2	37.00	9.776E-2	-0.120	0.754	1.460
12.033	134.2	36.99	7.302E-2	2.025E-2	-1.420	0.792
12.067	134.2	37.00	-2.699E-2	-3.206E-2	-2.152	0.408
12.100	134.2	36.99	-6.060E-2	-2.354E-2	0.483	1.289
12.133	134.2	37.00	-7.579E-3	0.115	-0.643	1.424
12.167	134.2	37.00	-6.287E-2	5.692E-2	-0.242	-0.625
12.200	134.2	37.00	-8.456E-2	5.208E-2	0.457	-2.252
12.233	134.2	37.00	1.586E-2	-5.045E-2	0.749	0.932
12.267	134.2	37.00	-4.273E-2	3.120E-2	0.857	0.801
12.300	134.2	37.00	3.839E-2	0.112	0.446	0.641
12.333	134.2	37.00	5.130E-2	-6.927E-3	0.141	-2.486
12.367	134.2	37.00	-1.496E-2	-1.678E-2	-0.555	-1.288
12.400	134.2	37.00	4.740E-2	-0.103	2.697	-1.881
12.433	134.2	37.00	0.145	-0.149	-1.192	3.190
12.467	134.2	36.99	2.397E-2	8.251E-2	-3.588	2.311
12.500	134.2	37.00	-0.171	0.102	-0.699	0.538
12.533	134.2	37.00	-7.558E-3	7.521E-3	2.238	-1.387
12.567	134.2	37.00	3.210E-2	8.042E-2	-8.719E-2	-2.664E-2
12.600	134.2	37.00	-6.522E-2	-1.654E-2	-0.489	-2.423
12.633	134.2	37.00	7.498E-3	-8.689E-2	0.996	-1.183
12.667	134.2	37.00	2.534E-2	-9.472E-2	1.369	0.599
12.700	134.2	37.00	6.385E-2	-4.665E-2	-7.512E-2	2.214
12.733	134.2	37.00	6.373E-2	5.320E-2	4.664E-3	2.130
12.767	134.2	37.00	2.129E-2	0.109	-1.322	-0.295
12.800	134.2	37.00	8.258E-3	3.260E-2	-1.894	-2.654
12.833	134.2	37.00	-0.117	-8.073E-2	-0.424	-3.157
12.867	134.2	37.00	-5.113E-2	-0.174	2.627E-3	2.875
12.900	134.2	36.99	-4.941E-2	6.253E-2	1.267	2.410
12.933	134.2	37.00	-4.414E-2	0.109	1.906	0.689
12.967	134.2	37.00	0.131	-1.625E-2	1.002	-2.671
13.000	134.2	37.00	3.251E-2	9.795E-3	-2.493	0.976
13.033	134.2	37.00	-8.171E-2	-2.380E-3	-0.175	-0.949
13.067	134.2	37.00	3.277E-2	-8.570E-3	0.480	0.682
13.100	134.2	37.00	-6.950E-3	-2.697E-3	-0.211	-0.362
13.133	134.2	37.00	-4.618E-2	1.335E-2	0.267	1.061
13.167	134.2	37.00	5.565E-2	2.421E-2	1.275	-1.439
13.200	134.2	37.00	3.208E-2	-3.018E-2	-1.680	-5.243E-2
13.233	134.2	37.00	-5.806E-2	-4.649E-2	1.016E-2	7.321E-2
13.267	134.2	37.00	3.293E-3	3.358E-2	3.498	-0.256
13.300	134.2	37.00	0.206	-8.089E-2	0.370	-0.663
13.333	134.2	36.99	6.619E-2	-4.289E-2	-3.431	1.448
13.367	134.2	37.00	-0.105	6.034E-2	-2.904	1.333
13.400	134.2	37.00	-7.772E-2	2.971E-2	2.511	-2.339
13.433	134.2	37.00	2.944E-2	-8.625E-2	0.495	0.745
13.467	134.2	36.99	1.639E-2	2.532E-2	-1.649	2.290
13.500	134.2	37.00	-0.139	0.151	-1.031	-0.227
13.533	134.2	37.00	-4.945E-2	-2.874E-2	1.155	-2.544
13.567	134.2	37.00	-2.091E-2	-4.648E-2	5.898E-2	2.135
13.600	134.2	37.00	-8.194E-2	0.136	-1.370	1.510
13.633	134.2	37.01	-9.541E-2	9.268E-2	1.982	-2.079
13.667	134.2	37.00	2.152E-2	-5.802E-2	2.233	-1.649
13.700	134.2	37.00	0.105	-6.170E-3	2.724	-0.846
13.733	134.2	37.00	0.152	-7.880E-2	-0.518	6.822E-2
13.767	134.2	37.00	0.127	-6.708E-2	-1.142	0.407
13.800	134.2	37.00	2.101E-2	1.569E-2	-3.114	0.974
13.833	134.2	37.00	-4.345E-2	-3.965E-2	-0.506	-0.908
13.867	134.2	37.00	-5.191E-2	-3.559E-2	-0.552	2.232
13.900	134.2	37.00	-3.648E-2	9.087E-2	-0.125	0.381
13.933	134.2	37.00	-9.065E-2	4.949E-2	0.402	-0.246
13.967	134.2	37.00	-8.623E-3	-7.024E-3	1.091	-0.602
14.000	134.2	37.00	9.650E-3	6.972E-2	1.025	0.886
14.033	134.2	37.00	2.367E-2	2.770E-2	0.677	-1.532
14.067	134.2	37.00	8.367E-2	-2.372E-2	-0.302	-0.442
14.100	134.2	37.00	1.559E-3	-1.972E-2	-1.106	-0.621
14.133	134.2	37.00	-1.742E-2	-3.632E-2	-0.150	-1.498
14.167	134.2	37.00	1.985E-2	-0.139	0.681	-0.639
14.200	134.2	36.99	1.389E-2	-9.300E-2	-2.069	2.902
14.233	134.2	36.99	-9.538E-2	7.270E-2	-3.605	1.290
14.267	134.2	37.00	-0.256	2.264E-2	-0.489	-0.167
14.300	134.1	37.00	-0.144	-2.464E-3	3.914	-0.835
14.333	134.1	37.00	4.837E-2	2.682E-2	2.810	-0.625
14.367	134.2	37.00	3.943E-2	-7.717E-2	-0.275	-1.211
14.400	134.2	36.99	8.027E-3	-5.760E-2	-0.602	-4.025E-2
14.433	134.2	36.99	1.294E-2	-5.598E-2	0.182	0.326
14.467	134.2	36.99	1.248E-2	-6.130E-2	-3.382E-2	1.714
14.500	134.2	36.99	1.689E-2	6.406E-2	-0.223	1.519
14.533	134.2	36.99	-4.273E-3	6.993E-2	-0.834	-0.303
14.567	134.2	36.99	-3.860E-2	6.732E-3	0.739	-0.326
14.600	134.2	36.99	2.852E-2	5.896E-2	1.292	-1.664
14.633	134.2	37.00	8.065E-2	-7.228E-2	-0.215	-0.697
14.667	134.2	36.99	-1.851E-3	-6.537E-2	-2.283	2.718
14.700	134.2	36.99	-7.597E-2	0.173	0.281	2.228
14.733	134.2	37.00	9.014E-4	9.683E-2	1.231	-2.037
14.767	134.2	37.00	4.791E-2	-1.600E-2	0.564	-1.660
14.800	134.2	37.00	5.224E-3	1.412E-2	0.664	-1.616
14.833	134.2	37.00	9.383E-2	-0.109	0.480	2.972E-2
14.867	134.2	36.99	7.030E-2	-4.681E-2	-2.282	0.464
14.900	134.2	37.00	-8.813E-2	1.166E-2	-2.664	0.362
14.933	134.2	36.99	-0.115	-9.036E-2	-0.163	-0.190
14.967	134.2	36.99	-8.096E-2	1.426E-2	3.923	1.110
15.000	134.2	36.99	0.114	1.303E-2	3.851	2.100
15.033	134.2	36.99	0.241	9.754E-2	2.090	0.751
15.067	134.2	37.00	0.202	0.138	-1.622	-2.118
15.100	134.2	37.00	0.160	-8.711E-2	-0.621	-3.614
15.133	134.2	37.00	0.131	-0.124	0.208	4.283
15.167	134.2	36.99	0.193	0.196	-0.841	0.602
15.200	134.2	37.01	9.225E-2	3.783E-2	-4.273	-1.922
15.233	134.2	37.00	-0.117	-0.122	-2.822	4.184E-2
15.267	134.2	37.00	-0.116	0.166	3.166	4.181
15.300	134.2	37.01	0.112	0.140	5.108	-3.097
15.333	134.2	37.01	0.251	-4.585E-2	-0.509	-5.409
15.367	134.2	37.00	8.229E-2	-0.237	-5.204	-0.493
15.400	134.2	36.99	-0.137	-0.109	-3.470	4.613
15.433	134.2	37.00	-0.145	0.130	1.400	2.941
15.467	134.2	37.00	-3.444E-2	8.409E-2	3.162	-2.604
15.500	134.2	37.00	7.403E-2	-6.586E-2	0.622	-2.710
15.533	134.2	37.00	2.166E-2	-0.105	-2.268	0.489
15.567	134.2	37.00	-0.104	-2.606E-2	-2.150	3.443
15.600	134.2	37.00	-0.121	0.124	1.848	4.840
15.633	134.2	37.00	1.227E-2	0.303	6.103	4.317
15.667	134.2	37.02	0.293	0.419	4.912	15.35
15.700	134.2	37.03	0.381	1.214	-6.448	17.49
15.733	134.2	37.10	-0.122	1.821	-15.27	4.986
15.767	134.2	37.15	-0.723	1.426	-17.34	-29.95
15.800	134.2	37.19	-1.220	-4.469E-2	-0.967	-22.75
15.833	134.1	37.15	-0.940	-0.518	-2.107	-8.598
15.867	134.1	37.16	-1.042	-0.166	13.75	-1.369
15.900	134.0	37.14	-0.490	-0.802	19.86	-11.37
15.933	134.1	37.10	0.745	-0.943	18.62	2.180
15.967	134.1	37.08	0.585	-0.632	-3.571	7.643
16.000	134.1	37.06	0.467	-0.384	-0.777	5.539
16.033	134.1	37.05	0.550	-0.298	-1.516	0.284
16.067	134.1	37.04	0.410	-0.335	-4.331	0.466
16.100	134.1	37.03	0.196	-0.322	-5.783	2.122
16.133	134.2	37.02	6.707E-2	-0.154	-2.916	3.517
16.167	134.2	37.02	-3.315E-2	-9.057E-2	-1.128	1.150
16.200	134.2	37.02	1.032E-2	-8.121E-2	1.126	1.921
16.233	134.2	37.01	4.523E-2	2.078E-2	1.536	-0.218
16.267	134.2	37.02	0.105	-4.221E-2	0.280	-0.581
16.300	134.2	37.01	8.652E-2	-9.631E-2	-1.063	-1.297
16.333	134.2	37.01	8.659E-3	-6.175E-2	-0.609	0.598
16.367	134.2	37.01	4.610E-2	-0.100	1.468	1.679
16.400	134.2	37.00	0.118	5.578E-2	0.920	2.588
16.433	134.2	37.01	0.112	0.109	-2.400	-0.741
16.467	134.2	37.01	-3.730E-2	-1.924E-2	-2.844	-1.666
16.500	134.2	37.01	-0.113	-2.046E-2	-0.149	-0.117
16.533	134.2	37.01	-2.452E-2	5.771E-3	0.831	0.802
16.567	134.2	37.01	-4.194E-2	7.635E-3	0.420	0.225
16.600	134.2	37.01	-3.167E-2	3.855E-2	0.959	-0.378
16.633	134.2	37.01	5.082E-2	-1.861E-2	1.110	-1.453
16.667	134.2	37.01	3.756E-2	-7.058E-2	-0.635	0.250
16.700	134.2	37.01	2.719E-3	-5.614E-3	0.630	-0.175
16.733	134.2	37.01	6.798E-2	-4.670E-2	0.710	0.763
16.767	134.2	37.00	8.309E-2	-1.572E-2	-1.956	1.583
16.800	134.2	37.01	-7.751E-2	0.116	-1.738	0.432
16.833	134.2	37.01	-6.718E-2	5.112E-3	2.240	-2.995
16.867	134.2	37.01	0.107	-0.110	1.366	-0.483
16.900	134.2	37.00	4.567E-2	-2.960E-2	-1.919	2.138
16.933	134.2	37.01	-6.864E-2	6.152E-2	-2.350	2.684
16.967	134.2	37.01	-8.462E-2	0.126	1.268	-0.902
17.000	134.2	37.01	-9.398E-3	4.221E-2	1.695	-2.477
17.033	134.2	37.01	6.660E-2	-9.378E-2	1.517	-3.444
17.067	134.2	37.01	6.471E-2	-0.152	-2.700	2.181
17.100	134.2	37.00	-7.747E-2	-2.595E-3	-1.477	2.745
17.133	134.2	37.01	-0.106	0.119	2.283	-0.348
17.167	134.2	37.01	0.126	-7.258E-2	4.279	-2.285
17.200	134.2	37.00	0.189	-6.036E-2	-1.224	0.204
17.233	134.2	37.00	4.054E-2	-8.409E-3	-3.073	2.114
17.267	134.2	37.00	-5.030E-2	3.667E-2	-2.049	0.602
17.300	134.2	37.01	-6.403E-2	7.551E-2	0.485	1.498
17.333	134.2	37.01	-4.384E-2	9.463E-2		
17.367	134.2	37.01				
