,mass A,,,,,,
t,x,y,vx,vy,ax,ay,
2.300000E0,1.882280E-1,4.316000E-2,,,,
2.333333E0,1.882351E-1,4.315682E-2,1.884601E-5,-7.865777E-6,,
2.366667E0,1.882293E-1,4.315948E-2,1.720752E-4,2.607258E-4,-8.189193E-4,3.287734E-3
2.400000E0,1.882466E-1,4.317420E-2,1.446132E-4,2.744149E-4,-1.261381E-3,-4.087136E-3
2.433333E0,1.882389E-1,4.317777E-2,-8.877382E-5,-6.134207E-5,-2.049951E-3,-8.541838E-3
2.466667E0,1.882407E-1,4.317011E-2,9.560763E-5,-3.080858E-4,4.842254E-3,-2.299958E-3
2.500000E0,1.882453E-1,4.315723E-2,2.153067E-4,-2.346513E-4,-2.300934E-4,6.141299E-3
2.533333E0,1.882550E-1,4.315447E-2,1.204193E-4,1.260189E-4,-1.968072E-3,4.096467E-3
2.566667E0,1.882533E-1,4.316563E-2,1.482502E-5,1.087820E-4,-5.379956E-3,-1.158405E-5
2.600000E0,1.882560E-1,4.316172E-2,-1.605311E-4,1.225192E-5,4.829384E-4,1.563488E-3
2.633333E0,1.882426E-1,4.316645E-2,-7.756201E-5,2.648117E-4,-1.452742E-3,-4.713460E-3
2.666667E0,1.882509E-1,4.317937E-2,-8.323142E-5,-2.012462E-4,9.241111E-4,-5.659799E-3
2.700000E0,1.882371E-1,4.315303E-2,-1.885332E-4,-3.598260E-4,-4.164029E-3,4.015468E-3
2.733333E0,1.882383E-1,4.315539E-2,-2.139063E-4,2.481822E-4,1.011835E-3,7.855583E-3
2.766667E0,1.882228E-1,4.316958E-2,-2.544228E-4,1.872277E-4,3.031431E-3,-2.731739E-3
2.800000E0,1.882213E-1,4.316787E-2,6.758226E-5,-3.045780E-5,4.933161E-3,-1.925387E-3
2.833333E0,1.882273E-1,4.316755E-2,8.969234E-5,8.535924E-5,7.109578E-4,-1.664650E-3
2.866667E0,1.882273E-1,4.317356E-2,6.376236E-5,-8.009966E-5,2.103093E-4,-2.116611E-3
2.900000E0,1.882316E-1,4.316221E-2,1.342878E-4,-1.683019E-4,2.955125E-3,-2.996679E-3
2.933333E0,1.882363E-1,4.316234E-2,2.390800E-4,-1.688149E-4,-3.047898E-3,3.414426E-3
2.966667E0,1.882475E-1,4.315095E-2,5.954540E-6,-5.547458E-5,-5.579420E-3,5.948448E-3
3.000000E0,1.882367E-1,4.315864E-2,-2.524097E-4,3.211956E-4,-2.822876E-3,2.896996E-3
3.033333E0,1.882307E-1,4.317237E-2,-1.218719E-4,1.588342E-4,2.206898E-3,-2.971020E-3
3.066667E0,1.882285E-1,4.316923E-2,-9.524643E-5,2.138801E-5,3.014953E-3,-5.266589E-3
3.100000E0,1.882244E-1,4.317379E-2,3.888560E-5,-9.060850E-5,2.716389E-3,2.108326E-3
3.133333E0,1.882311E-1,4.316319E-2,1.453904E-4,3.060051E-5,1.148030E-3,-1.901379E-3
3.166667E0,1.882340E-1,4.317583E-2,7.692558E-5,-2.714456E-5,-3.209645E-3,-7.123307E-4
3.200000E0,1.882363E-1,4.316138E-2,-4.714285E-5,-2.142024E-4,1.455267E-3,1.556068E-3
3.233333E0,1.882309E-1,4.316155E-2,1.050859E-4,1.733474E-4,-3.152661E-3,4.064479E-3
3.266667E0,1.882433E-1,4.317293E-2,-9.820351E-5,1.069458E-4,-2.405113E-3,-2.686704E-3
3.300000E0,1.882244E-1,4.316868E-2,-2.697016E-4,-1.006313E-4,-2.044370E-3,-1.700529E-3
3.333333E0,1.882253E-1,4.316623E-2,-6.871815E-5,2.121404E-5,7.354674E-3,1.315890E-3
3.366667E0,1.882198E-1,4.317010E-2,1.110725E-4,2.358581E-5,1.921839E-3,1.889847E-4
3.400000E0,1.882327E-1,4.316780E-2,1.815330E-4,-1.403285E-5,-1.982471E-3,-2.705795E-3
3.433333E0,1.882319E-1,4.316916E-2,-1.074852E-4,-1.067906E-4,9.627078E-4,-1.717833E-3
3.466667E0,1.882255E-1,4.316068E-2,1.960954E-4,-1.880803E-4,2.703901E-3,2.156028E-3
3.500000E0,1.882450E-1,4.315662E-2,2.436282E-4,5.217338E-5,-4.200315E-3,3.601162E-3
3.533333E0,1.882418E-1,4.316416E-2,-2.185424E-4,1.089187E-4,-8.697645E-3,1.939229E-3
3.566667E0,1.882304E-1,4.316388E-2,-3.252003E-4,1.067365E-4,-9.171424E-4,-3.375670E-3
3.600000E0,1.882201E-1,4.317127E-2,-2.639055E-4,-3.052795E-5,7.328868E-3,-1.889783E-4
3.633333E0,1.882128E-1,4.316185E-2,1.248275E-4,-3.038694E-5,5.246656E-3,-1.275199E-3
3.666667E0,1.882284E-1,4.316925E-2,2.140055E-4,2.125572E-5,2.470097E-3,-8.442023E-4
3.700000E0,1.882271E-1,4.316327E-2,1.416495E-4,-1.799810E-4,-2.631440E-3,-3.574316E-3
3.733333E0,1.882379E-1,4.315725E-2,1.515938E-4,-1.875155E-4,-3.358204E-3,3.510609E-3
3.766667E0,1.882372E-1,4.315076E-2,-1.403626E-4,2.130674E-5,-4.284712E-3,4.333986E-3
3.800000E0,1.882285E-1,4.315867E-2,-1.582090E-4,1.732093E-4,2.486201E-3,2.165846E-3
3.833333E0,1.882266E-1,4.316231E-2,5.560393E-5,1.156901E-4,6.272753E-3,-3.138527E-3
3.866667E0,1.882322E-1,4.316638E-2,2.636699E-4,-6.673433E-6,-2.600382E-3,-5.750404E-4
3.900000E0,1.882442E-1,4.316187E-2,-4.802033E-5,1.776629E-5,-5.200298E-3,8.881069E-4
3.933333E0,1.882290E-1,4.316757E-2,-2.435906E-4,1.217325E-4,5.467082E-5,1.815651E-3
3.966667E0,1.882280E-1,4.316998E-2,6.129345E-5,9.906267E-5,5.550531E-3,-4.898207E-4
4.000000E0,1.882331E-1,4.317417E-2,1.265077E-4,1.064413E-4,-1.810088E-3,-7.718105E-4
4.033333E0,1.882364E-1,4.317708E-2,-5.800527E-5,4.444801E-5,-1.296995E-3,-1.410889E-3
4.066667E0,1.882292E-1,4.317713E-2,-2.769657E-5,2.735134E-6,-4.758793E-3,-4.804492E-6
4.100000E0,1.882345E-1,4.317726E-2,-2.419009E-4,4.471556E-5,1.670832E-3,2.071123E-3
4.133333E0,1.882131E-1,4.318011E-2,-1.310341E-4,1.439930E-4,1.430807E-3,2.095797E-3
4.166667E0,1.882258E-1,4.318686E-2,9.779896E-5,1.961667E-4,7.272173E-3,2.291163E-4
4.200000E0,1.882196E-1,4.319319E-2,1.513564E-4,1.542487E-4,-2.122533E-3,-2.009567E-3
4.233333E0,1.882359E-1,4.319714E-2,1.425828E-4,6.109242E-5,-7.550878E-4,1.123421E-3
4.266667E0,1.882291E-1,4.319727E-2,-6.567550E-5,1.910530E-4,-5.706493E-3,3.248012E-3
4.300000E0,1.882315E-1,4.320988E-2,-1.214400E-4,3.442687E-4,3.319550E-3,-4.093438E-3
4.333333E0,1.882210E-1,4.322022E-2,3.122676E-5,-6.483194E-5,7.270786E-5,-1.745082E-3
4.366667E0,1.882336E-1,4.320556E-2,5.587284E-5,5.502294E-5,5.528633E-4,-5.574248E-5
4.400000E0,1.882247E-1,4.322388E-2,-9.727139E-5,1.792931E-4,2.534323E-3,1.451666E-3
4.433333E0,1.882271E-1,4.321751E-2,2.878848E-4,-4.553818E-5,-1.264621E-3,-4.309087E-3
4.466667E0,1.882439E-1,4.322085E-2,-6.263924E-5,7.556777E-7,-3.500026E-3,5.537241E-3
4.500000E0,1.882229E-1,4.321756E-2,-1.999471E-4,2.277885E-4,-2.631829E-3,4.934468E-3
4.533333E0,1.882306E-1,4.323603E-2,-1.152816E-6,4.517951E-4,6.676867E-3,-6.983266E-4
4.566667E0,1.882229E-1,4.324768E-2,7.392421E-5,1.358606E-4,2.154287E-3,-6.684630E-3
4.600000E0,1.882355E-1,4.324509E-2,2.776651E-4,-4.491675E-5,-1.749088E-3,-1.342346E-3
4.633333E0,1.882414E-1,4.324469E-2,-7.938665E-5,7.394351E-5,-8.314721E-3,3.468405E-3
4.666667E0,1.882302E-1,4.325002E-2,-3.346055E-4,2.004506E-4,2.843589E-4,-2.340782E-4
4.700000E0,1.882191E-1,4.325805E-2,-6.316333E-5,8.049876E-5,2.872840E-3,-1.151056E-3
4.733333E0,1.882260E-1,4.325539E-2,-3.093780E-5,5.311993E-5,2.186449E-3,-1.383061E-3
4.766667E0,1.882170E-1,4.326159E-2,-5.559309E-5,6.631652E-5,1.805499E-4,-7.457460E-4
4.800000E0,1.882223E-1,4.325981E-2,8.723923E-5,-5.027996E-5,4.983738E-4,2.187789E-3
4.833333E0,1.882228E-1,4.325824E-2,-6.275008E-5,1.955373E-4,-3.177815E-3,5.196704E-3
4.866667E0,1.882181E-1,4.327284E-2,-1.368992E-4,3.741699E-4,1.963618E-3,-2.198470E-3
4.900000E0,1.882137E-1,4.328318E-2,5.348562E-5,3.530071E-5,-4.980666E-4,-4.849939E-3
4.933333E0,1.882217E-1,4.327520E-2,-7.245198E-5,-4.618523E-5,7.528083E-4,-4.731152E-4
4.966667E0,1.882089E-1,4.328011E-2,-5.907044E-5,1.044014E-4,1.750844E-4,-3.138804E-4
5.000000E0,1.882178E-1,4.328216E-2,1.009219E-4,-8.590069E-5,8.510320E-4,3.208597E-3
5.033333E0,1.882156E-1,4.327438E-2,-9.259137E-5,2.178243E-4,-4.037289E-4,5.695156E-4
5.066667E0,1.882116E-1,4.329668E-2,6.377889E-5,1.729288E-4,4.537298E-4,-4.053407E-3
5.100000E0,1.882198E-1,4.328591E-2,2.565351E-5,-2.666799E-4,-6.233884E-3,-7.925765E-3
5.133333E0,1.882133E-1,4.327890E-2,-4.107043E-4,-2.611564E-4,4.196343E-3,8.136145E-3
5.166667E0,1.881925E-1,4.326850E-2,1.631013E-4,1.824392E-4,5.163162E-3,7.834033E-3
5.200000E0,1.882242E-1,4.329106E-2,2.847218E-4,4.431160E-4,2.534765E-4,-2.443028E-3
5.233333E0,1.882114E-1,4.329804E-2,-1.555441E-4,-7.701949E-5,-1.088383E-2,-2.976516E-3
5.266667E0,1.882138E-1,4.328593E-2,-2.368700E-4,1.263668E-4,-1.609518E-4,-3.705255E-3
5.300000E0,1.881957E-1,4.330646E-2,-3.188944E-4,-4.834713E-5,2.295210E-3,7.657214E-4
5.333333E0,1.881926E-1,4.328271E-2,9.966549E-6,-1.611353E-4,2.596403E-3,-4.996553E-4
5.366667E0,1.881963E-1,4.329572E-2,-1.159563E-4,1.982815E-4,-4.580255E-3,2.349537E-3
5.400000E0,1.881848E-1,4.329593E-2,-3.716577E-4,-1.201458E-4,4.311695E-4,-7.725949E-3
5.433333E0,1.881715E-1,4.328771E-2,-1.042128E-4,-3.155458E-4,-6.803504E-3,4.405899E-3
5.466667E0,1.881779E-1,4.327489E-2,-6.213982E-4,1.023119E-4,-1.648557E-2,1.992534E-3
5.500000E0,1.881301E-1,4.329453E-2,-1.471594E-3,4.416738E-5,-2.564453E-2,-7.255309E-3
5.533333E0,1.880798E-1,4.327783E-2,-2.136704E-3,-5.934687E-4,-1.593887E-2,-4.917949E-3
5.566667E0,1.879877E-1,4.325497E-2,-2.714542E-3,-2.889768E-4,-3.935059E-3,1.142510E-2
5.600000E0,1.878988E-1,4.325857E-2,-2.341988E-3,2.715054E-4,-9.088789E-4,5.210356E-3
5.633333E0,1.878315E-1,4.327307E-2,-2.605544E-3,9.669195E-5,-3.099691E-2,1.239909E-3
5.666667E0,1.877251E-1,4.326501E-2,-4.443935E-3,1.746954E-4,-2.985127E-2,-7.220637E-3
5.700000E0,1.875353E-1,4.328471E-2,-4.972270E-3,-1.163722E-4,-3.063098E-2,1.447541E-3
5.733333E0,1.873936E-1,4.325726E-2,-5.869508E-3,-9.453822E-5,1.107139E-3,-4.432986E-3
5.766667E0,1.871440E-1,4.327841E-2,-5.717540E-3,-1.037253E-5,3.762189E-2,2.086100E-3
5.800000E0,1.870124E-1,4.325656E-2,-2.789061E-3,-2.953567E-4,7.045462E-2,-3.181584E-3
5.833333E0,1.869580E-1,4.325872E-2,-1.029285E-3,-1.594938E-5,3.513387E-2,4.445954E-3
5.866667E0,1.869438E-1,4.325550E-2,-4.380996E-4,-7.632128E-5,-5.792600E-2,1.955623E-3
5.900000E0,1.869288E-1,4.325363E-2,-4.414195E-3,1.082546E-4,-9.468693E-2,6.323525E-4
5.933333E0,1.866495E-1,4.326272E-2,-7.943658E-3,4.272793E-5,-2.387703E-2,5.754855E-3
5.966667E0,1.863992E-1,4.325648E-2,-5.589599E-3,3.290292E-4,4.470523E-2,-2.556324E-3
6.000000E0,1.862769E-1,4.328465E-2,-4.376246E-3,1.516850E-4,3.232997E-2,-3.272933E-3
6.033333E0,1.861075E-1,4.326659E-2,-4.056615E-3,-2.086399E-4,3.924364E-2,-1.147464E-2
6.066667E0,1.860065E-1,4.327074E-2,-1.574288E-3,-3.510832E-4,4.503724E-2,4.022330E-3
6.100000E0,1.860025E-1,4.324319E-2,-7.010252E-4,-2.118112E-4,-5.251106E-2,6.144901E-3
6.133333E0,1.859597E-1,4.325662E-2,-4.929218E-3,3.148126E-4,-1.459507E-1,9.276458E-3
6.166667E0,1.856739E-1,4.326418E-2,-1.103713E-2,2.851842E-4,-1.021295E-1,-2.788012E-3
6.200000E0,1.852239E-1,4.327564E-2,-1.211842E-2,1.814957E-4,-1.968142E-3,1.836948E-3
6.233333E0,1.848660E-1,4.327627E-2,-1.046094E-2,3.111781E-4,9.510220E-2,-2.478694E-3
6.266667E0,1.845265E-1,4.329638E-2,-6.433047E-3,1.829078E-4,1.222051E-1,-7.536563E-3
6.300000E0,1.844372E-1,4.328847E-2,-1.456105E-3,-3.385925E-4,9.827219E-2,-1.166353E-2
6.333333E0,1.844294E-1,4.327381E-2,-8.823403E-5,-5.480771E-4,-1.631563E-2,3.612250E-3
6.366667E0,1.844313E-1,4.325193E-2,-2.336183E-3,-1.820079E-4,-1.899599E-1,1.040383E-2
6.400000E0,1.842737E-1,4.326167E-2,-1.236487E-2,2.959775E-4,-1.827144E-1,1.639354E-2
6.433333E0,1.836070E-1,4.327166E-2,-1.681323E-2,7.761098E-4,-1.046913E-2,-3.600290E-4
6.466667E0,1.831528E-1,4.331341E-2,-1.138105E-2,5.132138E-4,1.261977E-1,-1.121855E-2
6.500000E0,1.828482E-1,4.330588E-2,-8.330128E-3,-2.479919E-4,1.117196E-1,-1.081971E-2
6.533333E0,1.825975E-1,4.329688E-2,-4.460174E-3,-1.288530E-4,1.047444E-1,-1.602364E-3
6.566667E0,1.825509E-1,4.329729E-2,-6.889525E-4,-2.709768E-4,7.113898E-2,3.167298E-3
6.600000E0,1.825516E-1,4.327882E-2,4.412646E-5,-8.564214E-5,-2.277488E-2,1.389559E-2
6.633333E0,1.825538E-1,4.329158E-2,-2.005474E-3,7.738149E-4,-2.262113E-1,8.353850E-3
6.666667E0,1.824179E-1,4.333040E-2,-1.418835E-2,5.971787E-4,-2.763729E-1,-8.741311E-3
6.700000E0,1.816079E-1,4.333139E-2,-2.318185E-2,-1.992598E-5,-3.183276E-2,-7.794106E-3
6.733333E0,1.808724E-1,4.332908E-2,-1.548739E-2,1.178012E-4,2.666266E-1,-6.733448E-3
6.766667E0,1.805754E-1,4.333924E-2,-4.339273E-3,-3.191255E-4,2.353151E-1,-6.530035E-3
6.800000E0,1.805831E-1,4.330780E-2,5.240248E-4,-5.751658E-4,8.375879E-2,1.097373E-3
6.833333E0,1.806104E-1,4.330090E-2,6.936077E-4,-7.108395E-5,6.907916E-4,8.519192E-3
6.866667E0,1.806294E-1,4.330306E-2,5.021613E-4,-1.020015E-5,-1.434456E-1,9.268707E-3
6.900000E0,1.806439E-1,4.330022E-2,-7.707613E-3,4.320197E-4,-3.353372E-1,8.398044E-3
6.933333E0,1.801155E-1,4.333186E-2,-2.313050E-2,7.383666E-4,-2.583034E-1,4.168086E-3
6.966667E0,1.791018E-1,4.334944E-2,-2.641543E-2,5.696507E-4,5.643191E-2,-1.655702E-2
7.000000E0,1.783545E-1,4.336984E-2,-1.784098E-2,-2.063104E-4,2.934883E-1,-9.888154E-3
7.033333E0,1.779124E-1,4.333569E-2,-7.005714E-3,-4.162882E-4,2.460808E-1,-1.378420E-3
7.066667E0,1.778874E-1,4.334209E-2,-3.582003E-4,1.742282E-5,1.139699E-1,3.996776E-3
7.100000E0,1.778885E-1,4.333685E-2,-1.617794E-4,-2.704285E-4,1.194597E-3,-6.911399E-3
7.133333E0,1.778766E-1,4.332406E-2,-3.859938E-4,-4.423823E-4,3.618297E-3,3.492383E-4
7.166667E0,1.778628E-1,4.330736E-2,3.465911E-5,-2.793930E-4,-1.185388E-1,3.244883E-2
7.200000E0,1.778790E-1,4.330543E-2,-7.075800E-3,1.561297E-3,-6.122415E-1,2.938659E-2
7.233333E0,1.773911E-1,4.341144E-2,-3.945961E-2,2.244339E-3,-4.207365E-1,1.228039E-2
7.266667E0,1.752483E-1,4.345506E-2,-4.403049E-2,1.809660E-3,2.269862E-1,-4.326423E-3
7.300000E0,1.744557E-1,4.353209E-2,-1.609247E-2,2.242618E-3,5.746562E-1,-7.028011E-3
7.333333E0,1.741755E-1,4.360456E-2,-6.666153E-3,1.365518E-3,2.247371E-1,-2.567741E-2
7.366667E0,1.740113E-1,4.362312E-2,-2.112371E-3,3.403941E-4,2.364256E-2,-1.205534E-2
7.400000E0,1.740347E-1,4.362726E-2,-3.880549E-3,5.541025E-4,-4.340143E-1,5.295058E-3
7.433333E0,1.737526E-1,4.366006E-2,-2.972042E-2,8.643135E-4,-3.435973E-1,3.386134E-3
7.466667E0,1.720533E-1,4.368488E-2,-3.455311E-2,6.916915E-4,1.811404E-1,-1.990438E-2
7.500000E0,1.714491E-1,4.370618E-2,-1.094085E-2,-3.231508E-4,4.789529E-1,-1.574960E-2
7.533333E0,1.713239E-1,4.366333E-2,-3.021103E-3,-7.080809E-4,1.601673E-1,-5.906318E-4
7.566667E0,1.712477E-1,4.365897E-2,-1.230971E-3,-6.902377E-5,4.065527E-2,1.048525E-2
7.600000E0,1.712418E-1,4.365873E-2,-1.212670E-4,-6.549310E-5,2.247349E-2,-7.398221E-4
7.633333E0,1.712396E-1,4.365460E-2,1.065557E-4,-1.413627E-4,-1.770926E-1,1.643230E-2
7.666667E0,1.712489E-1,4.364931E-2,-1.036433E-2,8.843053E-4,-6.661375E-1,7.862375E-3
7.700000E0,1.705486E-1,4.371356E-2,-4.407425E-2,8.388620E-4,-4.861594E-1,-6.452692E-3
7.733333E0,1.683107E-1,4.370523E-2,-5.025581E-2,-3.640958E-5,4.943184E-2,5.612715E-3
7.766667E0,1.671982E-1,4.371113E-2,-3.274933E-2,1.272942E-3,2.616804E-1,3.947679E-2
7.800000E0,1.661274E-1,4.379009E-2,-3.467928E-2,2.814407E-3,6.975883E-2,4.932335E-3
7.833333E0,1.648863E-1,4.389876E-2,-2.995688E-2,1.783390E-3,2.803430E-1,-1.706297E-2
7.866667E0,1.641303E-1,4.390899E-2,-1.468792E-2,1.080830E-3,9.787622E-2,-2.092201E-2
7.900000E0,1.639071E-1,4.397081E-2,-2.025097E-2,9.498967E-4,-1.759855E-1,9.132900E-4
7.933333E0,1.627802E-1,4.397231E-2,-3.173173E-2,6.816819E-4,-3.820256E-1,-1.317829E-2
7.966667E0,1.617916E-1,4.401626E-2,-4.149818E-2,4.994792E-4,-4.538187E-2,-7.656571E-3
8.000000E0,1.600136E-1,4.400561E-2,-4.029984E-2,-1.743689E-4,1.462402E-1,3.057643E-3
8.033333E0,1.591050E-1,4.400463E-2,-2.644749E-2,7.503351E-4,6.025195E-2,1.410232E-2
8.066667E0,1.582505E-1,4.405564E-2,-3.637898E-2,1.038125E-3,-3.286278E-1,-6.337592E-3
8.100000E0,1.566797E-1,4.407384E-2,-5.098936E-2,1.346786E-4,-1.205300E-1,-1.170009E-2
8.133333E0,1.548512E-1,4.406461E-2,-4.534318E-2,1.498600E-4,2.440718E-1,-3.960127E-3
8.166667E0,1.536568E-1,4.408383E-2,-3.199546E-2,1.170214E-4,1.992115E-1,-3.464534E-3
8.200000E0,1.527182E-1,4.407242E-2,-3.180502E-2,-2.820073E-4,-2.064552E-1,-4.479930E-3
8.233333E0,1.515365E-1,4.406503E-2,-4.586095E-2,-1.140527E-4,-4.766530E-1,1.847049E-2
8.266667E0,1.496608E-1,4.406481E-2,-6.481548E-2,8.491603E-4,-2.424022E-1,1.594240E-2
8.300000E0,1.472155E-1,4.412164E-2,-6.427264E-2,1.243805E-3,-3.585497E-2,-1.196586E-2
8.333333E0,1.453759E-1,4.414773E-2,-6.236403E-2,-7.941008E-5,-9.896739E-2,-1.856154E-2
8.366667E0,1.430579E-1,4.411635E-2,-7.363442E-2,-2.699972E-4,-1.669070E-2,-1.650553E-3
8.400000E0,1.404670E-1,4.412973E-2,-6.538417E-2,1.600598E-4,2.305795E-1,1.945523E-2
8.433333E0,1.386989E-1,4.412702E-2,-5.401231E-2,7.441673E-4,-1.574417E-2,-7.033878E-3
8.466667E0,1.368661E-1,4.417934E-2,-6.678829E-2,1.625276E-4,-4.556454E-1,-1.150718E-2
8.500000E0,1.342464E-1,4.413785E-2,-8.649391E-2,-6.306820E-4,-3.502769E-1,-5.118684E-3
8.533333E0,1.310999E-1,4.413730E-2,-9.117164E-2,1.709301E-4,-7.207746E-2,1.162560E-2
8.566667E0,1.281683E-1,4.414925E-2,-8.908676E-2,1.412917E-4,3.399801E-3,1.111518E-2
8.600000E0,1.251608E-1,4.414672E-2,-9.154254E-2,7.106825E-4,6.970203E-2,-1.904781E-3
8.633333E0,1.220654E-1,4.419663E-2,-8.567947E-2,4.235077E-4,1.541664E-1,-2.303989E-3
8.666667E0,1.194488E-1,4.417495E-2,-7.895931E-2,3.936749E-5,5.476190E-2,1.018531E-3
8.700000E0,1.168015E-1,4.419925E-2,-8.271514E-2,8.277675E-4,-6.848309E-2,4.674347E-3
8.733333E0,1.139344E-1,4.423014E-2,-8.460196E-2,3.613923E-4,2.414641E-2,-6.062949E-3
8.766667E0,1.111613E-1,4.422335E-2,-8.060220E-2,1.915533E-4,1.867310E-1,2.182978E-4
8.800000E0,1.085610E-1,4.424291E-2,-7.241383E-2,5.717490E-4,2.706736E-1,-7.371630E-3
8.833333E0,1.063338E-1,4.426146E-2,-6.201420E-2,-2.459833E-4,2.545081E-1,3.532132E-3
8.866667E0,1.044267E-1,4.422651E-2,-5.516641E-2,3.764487E-4,1.731446E-1,9.494838E-3
8.900000E0,1.026560E-1,4.428656E-2,-5.089132E-2,1.020440E-3,1.394125E-1,-6.126929E-3
8.933333E0,1.010339E-1,4.429454E-2,-4.591925E-2,-3.715174E-4,1.446345E-1,-1.578710E-2
8.966667E0,9.959471E-2,4.426179E-2,-4.108304E-2,-2.058914E-4,1.282372E-1,3.583953E-3
9.000000E0,9.829506E-2,4.428081E-2,-3.739191E-2,2.257761E-4,8.722841E-2,-1.707440E-3
9.033333E0,9.710192E-2,4.427684E-2,-3.519599E-2,-4.778879E-4,6.547737E-2,1.913133E-3
9.066667E0,9.594867E-2,4.424895E-2,-3.327316E-2,1.579393E-4,-8.829283E-3,1.162699E-2
9.100000E0,9.488371E-2,4.428737E-2,-3.504885E-2,6.977031E-4,-1.212695E-1,-3.372729E-4
9.133333E0,9.361208E-2,4.429546E-2,-4.189724E-2,-8.920286E-5,-1.954218E-1,2.806283E-3
9.166667E0,9.209056E-2,4.428143E-2,-4.832263E-2,6.954179E-4,1.512570E-1,-9.272956E-3
9.200000E0,9.039057E-2,4.434183E-2,-3.441244E-2,-7.182985E-5,4.507117E-1,-3.280568E-4
9.233333E0,8.979639E-2,4.427664E-2,-1.373749E-2,-2.656381E-4,3.806193E-1,-5.806696E-4
9.266667E0,8.947473E-2,4.432412E-2,-1.016579E-2,7.393129E-4,-1.640351E-1,1.548858E-2
9.300000E0,8.911867E-2,4.432592E-2,-2.356421E-2,2.953230E-4,-5.013200E-1,-1.665482E-2
9.333333E0,8.790379E-2,4.434380E-2,-4.585066E-2,-1.116734E-4,-4.573247E-1,-6.352675E-3
9.366667E0,8.606196E-2,4.431848E-2,-5.494351E-2,-3.992926E-4,1.344944E-1,-4.901207E-3
9.400000E0,8.424089E-2,4.431719E-2,-3.784956E-2,-2.173438E-4,5.696671E-1,5.937339E-3
9.433333E0,8.353866E-2,4.430399E-2,-1.332155E-2,-1.422067E-4,4.694782E-1,2.232452E-2
9.466667E0,8.335278E-2,4.430770E-2,-6.590707E-3,1.211747E-3,-1.234471E-1,6.739715E-3
9.500000E0,8.309928E-2,4.438477E-2,-2.102984E-2,8.010929E-4,-4.013595E-1,-1.762500E-2
9.533333E0,8.195079E-2,4.436111E-2,-3.671570E-2,-5.718542E-4,-1.276149E-1,-1.809693E-2
9.566667E0,8.065157E-2,4.434665E-2,-2.960461E-2,-1.855581E-4,2.341501E-1,9.925888E-3
9.600000E0,7.997715E-2,4.434874E-2,-1.837083E-2,1.313008E-4,1.804448E-1,1.893708E-2
9.633333E0,7.942684E-2,4.435540E-2,-1.814789E-2,9.533897E-4,-3.496167E-3,-1.128691E-3
9.666667E0,7.876729E-2,4.441230E-2,-1.939407E-2,4.422204E-4,-2.121955E-2,-1.252318E-2
9.700000E0,7.813391E-2,4.438488E-2,-1.918949E-2,-4.094739E-4,5.736787E-2,-2.614544E-2
9.733333E0,7.748799E-2,4.438500E-2,-1.614153E-2,-8.764329E-4,1.130699E-2,6.399643E-3
9.766667E0,7.705780E-2,4.432646E-2,-1.691202E-2,-4.761383E-4,-1.031107E-1,1.321951E-2
9.800000E0,7.636053E-2,4.435326E-2,-2.415946E-2,5.348293E-4,-7.898312E-2,9.892400E-3
9.833333E0,7.544717E-2,4.436211E-2,-2.313995E-2,-3.372209E-5,9.004443E-2,4.401311E-3
9.866667E0,7.481786E-2,4.435101E-2,-1.677653E-2,6.419371E-4,1.350045E-1,-6.325905E-3
9.900000E0,7.432874E-2,4.440491E-2,-1.421332E-2,8.473170E-5,4.542480E-2,6.756037E-3
9.933333E0,7.387031E-2,4.435666E-2,-1.389652E-2,2.699717E-4,4.144333E-2,-1.218165E-3
9.966667E0,7.340230E-2,4.442290E-2,-1.186763E-2,8.723597E-4,6.759689E-2,-6.820349E-5
1.000000E1,7.307913E-2,4.441482E-2,-8.867084E-3,-2.915005E-4,5.971049E-2,-1.967425E-2
1.003333E1,7.281116E-2,4.440347E-2,-7.970522E-3,-2.997416E-4,3.281632E-2,-9.267659E-3
1.006667E1,7.254777E-2,4.439483E-2,-6.918509E-3,-8.117980E-4,2.842255E-2,1.508189E-2
1.010000E1,7.234993E-2,4.434935E-2,-5.820823E-3,3.036914E-4,6.152058E-2,1.761033E-2
1.013333E1,7.215971E-2,4.441508E-2,-3.272682E-3,1.049560E-3,8.316343E-2,7.738137E-4
1.016667E1,7.213175E-2,4.441932E-2,2.473206E-4,-1.123241E-4,6.892372E-2,-2.201299E-2
1.020000E1,7.217620E-2,4.440759E-2,1.290926E-3,-3.543189E-4,1.243163E-2,-4.056588E-3
1.023333E1,7.221781E-2,4.439570E-2,9.512441E-4,-3.501685E-4,-1.057191E-2,1.731955E-3
1.026667E1,7.223961E-2,4.438425E-2,5.256454E-4,-2.500029E-4,-1.299155E-2,6.256099E-3
1.030000E1,7.225286E-2,4.437903E-2,1.291900E-4,6.156816E-5,-5.033289E-3,1.939841E-3
1.033333E1,7.224823E-2,4.438835E-2,9.802289E-5,-2.785746E-5,-1.462072E-3,1.141508E-4
1.036667E1,7.225939E-2,4.437718E-2,1.623329E-4,-8.547385E-5,-8.044345E-4,-7.423154E-4
1.040000E1,7.225905E-2,4.438265E-2,-3.517783E-5,5.373342E-5,1.173980E-3,1.350172E-3
1.043333E1,7.225705E-2,4.438076E-2,2.183350E-4,-6.200278E-5,4.187555E-3,-3.490851E-3
1.046667E1,7.227361E-2,4.437852E-2,3.483326E-4,-1.524787E-4,3.773377E-4,-2.434600E-3
1.050000E1,7.228027E-2,4.437059E-2,1.661088E-4,-2.466799E-4,-8.860806E-3,2.215315E-3
1.053333E1,7.228468E-2,4.436207E-2,-1.854220E-4,-2.769377E-5,-1.984851E-3,5.798686E-3
1.056667E1,7.226791E-2,4.436875E-2,-1.085653E-4,2.055116E-4,3.999962E-5,4.324328E-3
1.060000E1,7.227744E-2,4.437578E-2,1.423076E-5,2.272265E-4,4.719774E-3,-4.107152E-3
1.063333E1,7.226885E-2,4.438390E-2,3.083340E-5,-2.588264E-5,-1.588904E-3,-4.084085E-3
1.066667E1,7.227950E-2,4.437405E-2,6.576744E-5,-1.457560E-4,3.219497E-4,-8.509106E-4
1.070000E1,7.227324E-2,4.437418E-2,-7.714195E-5,-7.115720E-7,-1.911711E-3,3.993094E-3
1.073333E1,7.227435E-2,4.437400E-2,9.552008E-6,8.488913E-5,2.159043E-4,3.277998E-3
1.076667E1,7.227388E-2,4.437984E-2,-7.650161E-5,2.355907E-4,-5.231110E-4,6.030983E-4
1.080000E1,7.226925E-2,4.438971E-2,-5.203554E-5,1.503350E-4,5.631367E-4,-3.209461E-3
1.083333E1,7.227041E-2,4.438986E-2,-3.461997E-7,-2.452088E-5,5.073444E-3,-5.657469E-3
1.086667E1,7.226923E-2,4.438807E-2,2.264542E-4,-1.942190E-4,2.181400E-3,-2.059960E-3
1.090000E1,7.228550E-2,4.437691E-2,2.577635E-4,-2.149993E-4,1.994000E-3,-3.182636E-4
1.093333E1,7.228642E-2,4.437374E-2,2.275642E-4,-1.528605E-4,-5.410759E-3,3.608640E-3
1.096667E1,7.230067E-2,4.436672E-2,4.224293E-5,-3.334982E-5,-4.540069E-3,3.829103E-3
1.100000E1,7.228923E-2,4.437152E-2,-2.300409E-4,1.591137E-4,-5.158788E-3,3.868960E-3
1.103333E1,7.228534E-2,4.437733E-2,-2.020605E-4,1.999614E-4,-1.040779E-4,-4.405177E-4
1.106667E1,7.227576E-2,4.438485E-2,-2.787477E-4,1.462188E-4,1.247463E-3,-3.024888E-3
1.110000E1,7.226676E-2,4.438708E-2,-1.249998E-4,-1.616366E-5,7.263031E-3,-2.496774E-3
1.113333E1,7.226743E-2,4.438377E-2,2.175110E-4,-4.094434E-5,1.721409E-3,-4.308980E-4
1.116667E1,7.228126E-2,4.438435E-2,7.408923E-5,-1.217178E-5,-1.644934E-4,-1.431228E-3
1.120000E1,7.227237E-2,4.438296E-2,3.753118E-5,-1.391740E-4,-5.118343E-3,2.465757E-3
1.123333E1,7.228376E-2,4.437507E-2,-7.237548E-5,8.290428E-5,-1.310283E-3,2.478994E-3
1.126667E1,7.226754E-2,4.438849E-2,-2.459606E-4,1.652329E-4,-1.735576E-3,2.656016E-3
1.130000E1,7.226736E-2,4.438608E-2,-5.335133E-5,1.192039E-4,5.858322E-3,-3.167205E-3
1.133333E1,7.226399E-2,4.439643E-2,7.181344E-5,7.609940E-5,9.997760E-4,-2.182455E-3
1.136667E1,7.227215E-2,4.439116E-2,9.151274E-5,-1.252783E-4,3.440897E-4,-2.108454E-3
1.140000E1,7.227009E-2,4.438808E-2,1.519119E-5,-3.041021E-5,-3.338997E-3,2.341508E-3
1.143333E1,7.227316E-2,4.438913E-2,-6.472874E-5,4.226022E-5,-2.883321E-3,2.348115E-3
1.146667E1,7.226577E-2,4.439090E-2,-2.314959E-4,1.119479E-4,-1.701043E-4,-1.797053E-3
1.150000E1,7.225773E-2,4.439659E-2,-7.954172E-5,-3.310873E-5,4.316581E-3,-1.774397E-3
1.153333E1,7.226047E-2,4.438869E-2,1.011720E-4,-9.354605E-5,4.779986E-3,-2.859782E-5
1.156667E1,7.226447E-2,4.439036E-2,2.087803E-4,3.699185E-5,-8.314696E-4,3.224936E-3
1.160000E1,7.227439E-2,4.439116E-2,9.698423E-5,8.807538E-5,-1.508448E-3,-1.971603E-3
1.163333E1,7.227094E-2,4.439623E-2,2.057490E-5,-4.597671E-5,-3.288619E-3,-2.208666E-3
1.166667E1,7.227576E-2,4.438809E-2,-3.284391E-5,-1.398311E-4,9.021843E-4,-1.791537E-3
1.170000E1,7.226875E-2,4.438691E-2,-1.551508E-5,-9.834255E-5,-7.447714E-4,3.708904E-3
1.173333E1,7.227472E-2,4.438154E-2,2.109291E-5,4.512543E-5,-1.805067E-3,2.933650E-3
1.176667E1,7.227016E-2,4.438992E-2,-1.998885E-4,1.759172E-4,-2.730088E-5,6.868371E-4
1.180000E1,7.226140E-2,4.439326E-2,-1.191253E-5,4.745665E-5,3.857210E-3,-3.531166E-3
1.183333E1,7.226936E-2,4.439308E-2,1.505163E-4,-5.656345E-5,1.894266E-3,-6.233603E-4
1.186667E1,7.227143E-2,4.438949E-2,5.439985E-5,-1.442009E-5,-4.411511E-3,1.964833E-3
1.190000E1,7.227299E-2,4.439212E-2,-1.106936E-4,1.046375E-4,-6.120028E-4,-1.444239E-3
1.193333E1,7.226405E-2,4.439647E-2,-5.997530E-5,-8.572427E-5,8.827085E-4,-3.283099E-4
1.196667E1,7.226899E-2,4.438640E-2,4.483187E-5,-2.263786E-5,6.485231E-4,1.284167E-3
1.200000E1,7.226704E-2,4.439496E-2,-7.377533E-5,1.288526E-4,-2.197112E-3,1.416900E-3
1.203333E1,7.226407E-2,4.439499E-2,-9.100604E-5,-3.907276E-6,1.314814E-3,-2.825311E-3
1.206667E1,7.226097E-2,4.439470E-2,1.979842E-6,-3.841517E-5,5.028497E-3,-2.028500E-3
1.210000E1,7.226420E-2,4.439243E-2,2.497582E-4,-1.370324E-4,3.920714E-3,-5.525299E-4
1.213333E1,7.227763E-2,4.438556E-2,3.071421E-4,-1.051588E-4,-6.031968E-3,3.801495E-3
1.216667E1,7.228468E-2,4.438542E-2,-1.498686E-4,1.351710E-4,-7.281261E-3,3.670477E-3
1.220000E1,7.226763E-2,4.439457E-2,-2.983415E-4,1.786678E-4,-1.765760E-4,-2.369291E-4
1.223333E1,7.226479E-2,4.439733E-2,-5.366195E-5,7.338313E-5,4.891777E-3,-3.008647E-3
1.226667E1,7.226406E-2,4.439947E-2,2.844996E-6,-1.511946E-6,2.018928E-3,-2.781756E-4
1.230000E1,7.226498E-2,4.439723E-2,7.652947E-5,2.438400E-5,-9.915812E-5,-2.008781E-3
1.233333E1,7.226916E-2,4.440109E-2,2.148238E-5,-7.297062E-5,1.865884E-3,-2.873103E-3
1.236667E1,7.226641E-2,4.439237E-2,1.334275E-4,-2.376112E-4,-3.206270E-4,-3.905285E-4
1.240000E1,7.227805E-2,4.438525E-2,1.106969E-4,-8.367423E-5,-2.721539E-3,5.532107E-3
1.243333E1,7.227379E-2,4.438679E-2,-1.446120E-4,1.499863E-4,-3.417814E-3,-2.076680E-4
1.246667E1,7.226841E-2,4.439525E-2,-9.704695E-5,-4.384918E-5,3.342542E-3,-3.335119E-3
1.250000E1,7.226732E-2,4.438387E-2,8.252349E-5,-1.934190E-4,2.117786E-3,-9.928327E-4
1.253333E1,7.227391E-2,4.438236E-2,8.412189E-5,-2.769258E-5,-2.473344E-3,5.313890E-3
1.256667E1,7.227293E-2,4.438202E-2,-1.185871E-4,1.253493E-4,-1.676644E-3,1.184042E-3
1.260000E1,7.226601E-2,4.439071E-2,-5.820468E-5,1.091061E-4,1.846205E-3,-1.934208E-3
1.263333E1,7.226905E-2,4.438929E-2,6.382173E-5,-6.333070E-5,1.120117E-3,-1.008838E-3
1.266667E1,7.227026E-2,4.438649E-2,-6.564830E-6,3.988990E-5,-2.508917E-3,2.154056E-3
1.270000E1,7.226861E-2,4.439195E-2,-1.040247E-4,1.243001E-4,2.422617E-3,-1.603579E-3
1.273333E1,7.226333E-2,4.439478E-2,1.075175E-4,-7.342462E-5,8.760095E-4,-1.459451E-3
1.276667E1,7.227578E-2,4.438706E-2,8.008394E-5,-3.992448E-5,-1.719010E-3,-2.808883E-3
1.280000E1,7.226867E-2,4.439212E-2,-1.394830E-4,-1.414361E-4,-4.986611E-3,2.111934E-3
1.283333E1,7.226648E-2,4.437763E-2,-1.738602E-4,-6.332414E-5,2.958815E-3,1.672898E-3
1.286667E1,7.225708E-2,4.438789E-2,-2.101550E-5,1.418014E-4,2.137707E-3,4.256199E-3
1.290000E1,7.226508E-2,4.438708E-2,8.139178E-5,1.018651E-4,3.609599E-3,-8.834486E-4
1.293333E1,7.226250E-2,4.439469E-2,1.101956E-4,1.533878E-4,-9.379060E-4,-1.554109E-3
1.296667E1,7.227243E-2,4.439731E-2,1.204313E-4,-2.615077E-5,3.065095E-3,-5.546450E-3
1.300000E1,7.227053E-2,4.439294E-2,2.003599E-4,-2.225649E-4,-3.461169E-3,-7.845597E-4
1.303333E1,7.228578E-2,4.438247E-2,4.712695E-5,-1.177141E-4,-5.658922E-3,5.188090E-3
1.306667E1,7.227367E-2,4.438509E-2,-3.349575E-4,1.782964E-4,-5.995913E-4,9.720822E-4
1.310000E1,7.226345E-2,4.439436E-2,2.632224E-5,-1.122672E-5,2.594198E-3,6.242322E-4
1.313333E1,7.227543E-2,4.438435E-2,-1.716085E-5,7.016586E-5,-1.434309E-4,-6.324274E-4
1.316667E1,7.226231E-2,4.439903E-2,-1.702546E-4,1.371221E-4,6.780955E-4,-3.289616E-3
1.320000E1,7.226408E-2,4.439349E-2,1.340579E-4,-2.734907E-4,2.956765E-3,-1.634660E-3
1.323333E1,7.227125E-2,4.438080E-2,4.271649E-5,-1.177719E-5,3.772287E-4,3.842835E-3
1.326667E1,7.226693E-2,4.439270E-2,6.989911E-5,1.350755E-4,-1.601493E-3,1.512834E-3
1.330000E1,7.227591E-2,4.438981E-2,4.905113E-5,-3.450303E-5,-4.096157E-3,-1.547861E-3
1.333333E1,7.227020E-2,4.439040E-2,-2.792224E-4,7.096889E-5,-7.859039E-4,-9.947381E-4
1.336667E1,7.225729E-2,4.439454E-2,-5.075100E-5,-6.597869E-5,5.516727E-3,-2.431341E-3
1.340000E1,7.226681E-2,4.438600E-2,2.107801E-4,-1.658839E-4,2.266294E-3,2.530009E-3
1.343333E1,7.227134E-2,4.438348E-2,4.402158E-5,1.266771E-4,-3.870264E-3,4.453428E-3
1.346667E1,7.226975E-2,4.439445E-2,-6.093665E-5,1.951080E-4,-2.901034E-3,-9.100718E-4
1.350000E1,7.226728E-2,4.439649E-2,-1.317332E-4,6.596505E-6,2.487280E-3,-4.554739E-3
1.353333E1,7.226096E-2,4.439489E-2,5.528420E-5,-9.784772E-5,1.216005E-3,-8.507729E-4
1.356667E1,7.227097E-2,4.438996E-2,6.157961E-5,-6.799137E-5,-7.714505E-4,2.180566E-3
1.360000E1,7.226507E-2,4.439036E-2,-1.089486E-4,6.923961E-5,-1.998052E-3,8.413228E-4
1.363333E1,7.226370E-2,4.439458E-2,-2.100605E-5,9.813652E-6,3.405135E-3,6.173069E-4
1.366667E1,7.226367E-2,4.439101E-2,9.968816E-5,4.680834E-5,5.611548E-4,5.460121E-5
1.370000E1,7.227035E-2,4.439770E-2,6.207122E-5,8.993691E-5,1.467772E-4,-3.538852E-3
1.373333E1,7.226781E-2,4.439701E-2,3.909845E-5,-2.149986E-4,-4.916482E-4,-3.541925E-3
1.376667E1,7.227296E-2,4.438337E-2,9.105707E-5,-2.137692E-4,4.516058E-4,1.164956E-3
1.380000E1,7.227388E-2,4.438275E-2,3.375610E-5,-4.933428E-5,-3.949343E-3,6.849620E-3
1.383333E1,7.227521E-2,4.438008E-2,-1.362857E-4,1.703009E-4,-3.603166E-3,3.331292E-3
1.386667E1,7.226479E-2,4.439411E-2,-2.644851E-4,2.702997E-4,4.395638E-4,3.589069E-4
1.390000E1,7.225757E-2,4.439810E-2,-8.668772E-5,1.159279E-4,5.709004E-3,-5.643125E-3
1.393333E1,7.225901E-2,4.440184E-2,1.334821E-4,-6.075927E-5,1.659162E-3,-1.333605E-3
1.396667E1,7.226647E-2,4.439405E-2,5.523976E-5,-4.833257E-5,2.332486E-4,-2.768660E-3
1.400000E1,7.226270E-2,4.439861E-2,6.282406E-5,-1.295842E-4,-7.425119E-5,6.703705E-4
1.403333E1,7.227066E-2,4.438541E-2,1.389648E-4,-1.425337E-4,-2.002181E-3,4.503311E-5
1.406667E1,7.227196E-2,4.438911E-2,-1.039558E-4,-1.259516E-7,-2.259930E-3,3.726620E-3
1.410000E1,7.226373E-2,4.438540E-2,-6.433879E-5,1.922504E-5,1.622143E-3,1.196565E-4
1.413333E1,7.226767E-2,4.439039E-2,8.195201E-5,7.215696E-5,1.177643E-3,-1.148596E-3
1.416667E1,7.226919E-2,4.439021E-2,-1.378037E-5,-8.661338E-5,-5.848215E-4,-1.006587E-3
1.420000E1,7.226675E-2,4.438462E-2,1.810862E-5,-2.710881E-5,-1.496623E-3,3.119283E-3
1.423333E1,7.227040E-2,4.438840E-2,-5.541008E-5,1.656453E-4,-1.983285E-3,3.150404E-3
1.426667E1,7.226306E-2,4.439566E-2,-1.800157E-4,1.827414E-4,-2.432156E-3,-1.252672E-3
1.430000E1,7.225840E-2,4.440059E-2,-1.771560E-4,7.504418E-5,5.098240E-3,-3.508595E-3
1.433333E1,7.225125E-2,4.440067E-2,9.868169E-5,-5.824670E-5,6.569637E-3,-5.207029E-3
1.436667E1,7.226498E-2,4.439670E-2,3.626917E-4,-2.590246E-4,-2.959221E-4,1.346874E-3
1.440000E1,7.227543E-2,4.438340E-2,5.680574E-5,-4.974260E-5,-6.628317E-3,4.525857E-3
1.443333E1,7.226877E-2,4.439339E-2,-1.522893E-4,1.796883E-4,1.170795E-3,-4.766430E-4
1.446667E1,7.226527E-2,4.439538E-2,1.488837E-4,-1.375359E-4,6.281151E-4,-4.351783E-3
1.450000E1,7.227869E-2,4.438422E-2,1.115563E-5,-1.727887E-4,-2.842400E-3,4.528971E-3
1.453333E1,7.226602E-2,4.438386E-2,-2.125918E-4,2.076506E-4,-2.363790E-3,3.935797E-3
1.456667E1,7.226452E-2,4.439806E-2,-4.293695E-5,1.660226E-4,5.931099E-3,-2.797394E-3
1.460000E1,7.226316E-2,4.439493E-2,1.344212E-4,-8.556786E-5,3.826435E-4,-3.176969E-3
1.463333E1,7.227348E-2,4.439236E-2,6.703077E-5,-1.505869E-5,-3.213934E-3,7.698741E-4
1.466667E1,7.226762E-2,4.439392E-2,-1.744003E-4,-9.645893E-6,-1.437060E-4,-8.668584E-4
1.470000E1,7.226185E-2,4.439171E-2,5.927446E-5,-9.393167E-5,2.868404E-3,-1.360364E-3
1.473333E1,7.227158E-2,4.438766E-2,1.091341E-4,-1.028371E-4,-1.127805E-3,2.483487E-3
1.476667E1,7.226913E-2,4.438486E-2,-9.779521E-5,6.032233E-5,-3.289745E-3,1.589474E-3
1.480000E1,7.226506E-2,4.439168E-2,-9.495133E-5,6.207799E-5,8.647190E-4,9.233881E-4
1.483333E1,7.226280E-2,4.438900E-2,-3.374769E-5,4.286866E-5,2.915598E-3,-2.883988E-3
1.486667E1,7.226281E-2,4.439454E-2,9.212148E-5,-4.444132E-5,3.587866E-3,3.749877E-4
1.490000E1,7.226894E-2,4.438603E-2,2.214828E-4,-4.062535E-5,1.371901E-3,-2.961785E-4
1.493333E1,7.227757E-2,4.439183E-2,1.908914E-4,4.555788E-5,-4.853944E-3,2.014696E-3
1.496667E1,7.228167E-2,4.438907E-2,-9.570194E-5,1.271392E-5,-5.004293E-3,-6.709812E-4
1.500000E1,7.227119E-2,4.439268E-2,-2.102843E-4,5.417999E-5,-1.466021E-3,2.150358E-4
1.503333E1,7.226765E-2,4.439268E-2,-1.292524E-4,-1.771969E-6,1.350636E-3,9.278030E-4
1.506667E1,7.226258E-2,4.439256E-2,-1.429486E-4,1.073555E-4,5.842406E-3,-3.067874E-3
1.510000E1,7.225812E-2,4.439984E-2,2.161580E-4,-1.252212E-4,3.820911E-3,-2.371131E-3
1.513333E1,7.227699E-2,4.438421E-2,2.548878E-4,-2.027589E-4,5.895585E-4,-1.518328E-3
1.516667E1,7.227511E-2,4.438632E-2,9.496383E-5,-8.076079E-5,-5.797961E-3,4.544079E-3
1.520000E1,7.228332E-2,4.437883E-2,-7.703521E-6,-9.718203E-6,-4.482355E-3,4.067467E-3
1.523333E1,7.227460E-2,4.438567E-2,-2.934636E-4,2.640600E-4,-4.468847E-3,3.224857E-3
1.526667E1,7.226375E-2,4.439643E-2,-2.843095E-4,2.077357E-4,5.541111E-3,-5.038256E-3
1.530000E1,7.225564E-2,4.439952E-2,5.026821E-5,-8.733767E-5,5.529193E-3,-3.889565E-3
1.533333E1,7.226710E-2,4.439061E-2,1.850153E-4,-1.091929E-4,-1.629217E-4,5.186736E-4
1.536667E1,7.226798E-2,4.439224E-2,-3.865057E-5,2.202800E-5,-1.235360E-3,1.201759E-3
1.540000E1,7.226453E-2,4.439208E-2,8.053471E-5,-5.258951E-5,-1.449733E-3,7.701565E-4
1.543333E1,7.227335E-2,4.438874E-2,-3.120781E-5,4.314433E-5,-1.556738E-3,9.755587E-4
1.546667E1,7.226245E-2,4.439495E-2,-1.581568E-4,7.599447E-5,1.269649E-4,-1.276466E-3
1.550000E1,7.226280E-2,4.439380E-2,6.060578E-5,-8.656749E-5,2.813572E-3,-1.295619E-3
1.553333E1,7.226649E-2,4.438918E-2,3.094222E-5,-2.561298E-5,2.141228E-3,-1.012778E-3
1.556667E1,7.226486E-2,4.439210E-2,1.457050E-4,-8.913927E-5,-1.747220E-3,2.838648E-3
1.560000E1,7.227620E-2,4.438324E-2,2.620823E-5,5.170475E-5,-1.211069E-3,9.073006E-4
1.563333E1,7.226661E-2,4.439554E-2,-8.187624E-5,1.224787E-4,-4.552656E-4,-7.685077E-4
1.566667E1,7.227074E-2,4.439141E-2,1.025444E-4,-1.164300E-4,1.782119E-3,-2.600365E-3
1.570000E1,7.227345E-2,4.438778E-2,1.139770E-5,-2.535852E-5,-2.230237E-3,2.985678E-3
1.573333E1,7.227150E-2,4.438971E-2,-6.244312E-5,9.941951E-5,-3.598077E-3,2.751895E-3
1.576667E1,7.226929E-2,4.439441E-2,-2.005202E-4,1.558728E-4,1.728528E-3,-5.768087E-3
1.580000E1,7.225813E-2,4.440011E-2,-2.862075E-5,-2.295296E-4,3.760367E-3,-3.782752E-3
1.583333E1,7.226738E-2,4.437911E-2,1.717927E-4,-2.650115E-4,1.132777E-3,5.336470E-3
1.586667E1,7.226959E-2,4.438244E-2,-1.529351E-5,2.642473E-4,-4.450988E-3,8.619981E-3
1.590000E1,7.226636E-2,4.439672E-2,-1.286399E-4,3.199673E-4,-8.087659E-4,-1.151228E-3
1.593333E1,7.226101E-2,4.440377E-2,-7.835302E-5,1.428057E-4,5.418195E-3,-4.389091E-3
1.596667E1,7.226113E-2,4.440624E-2,2.284464E-4,2.964277E-5,1.281925E-2,-1.955071E-3
1.600000E1,7.227624E-2,4.440575E-2,7.818113E-4,6.472633E-6,3.056313E-3,4.342725E-3
1.603333E1,7.231325E-2,4.440668E-2,5.710390E-4,2.936706E-4,-1.118948E-2,2.481903E-3
1.606667E1,7.231431E-2,4.442532E-2,-1.406022E-4,2.841471E-4,-1.590452E-2,-5.039529E-3
1.610000E1,7.230388E-2,4.442562E-2,-4.428516E-4,-1.379604E-4,-1.637845E-2,-4.167434E-3
1.613333E1,7.228479E-2,4.441613E-2,-1.161010E-3,-3.234844E-5,3.356904E-3,-7.937427E-4
1.616667E1,7.222648E-2,4.442346E-2,-5.411133E-4,-5.806087E-5,2.018096E-2,-4.997456E-3
1.620000E1,7.224871E-2,4.441226E-2,6.202421E-4,-4.629241E-4,1.539568E-2,-4.041065E-3
1.623333E1,7.226783E-2,4.439260E-2,3.336166E-4,-3.571639E-4,-5.503115E-3,3.813315E-3
1.626667E1,7.227095E-2,4.438845E-2,1.792659E-4,-1.242264E-4,-4.199923E-3,4.991546E-3
1.630000E1,7.227978E-2,4.438432E-2,1.314069E-4,-6.577595E-5,-3.302805E-3,2.375042E-3
1.633333E1,7.227971E-2,4.438406E-2,-8.011303E-5,4.332858E-5,-5.184034E-3,3.745982E-3
1.636667E1,7.227444E-2,4.438721E-2,-2.100398E-4,1.782811E-4,-1.718950E-3,2.452089E-3
1.640000E1,7.226571E-2,4.439595E-2,-2.063038E-4,2.283019E-4,4.698129E-4,-1.104738E-3
1.643333E1,7.226069E-2,4.440243E-2,-1.548473E-4,9.691363E-5,3.314883E-3,-4.089736E-3
1.646667E1,7.225539E-2,4.440241E-2,-1.499407E-5,-5.903578E-5,2.579557E-3,-4.710564E-3
1.650000E1,7.225969E-2,4.439849E-2,6.761191E-5,-2.070742E-4,2.379897E-3,-6.886743E-4
1.653333E1,7.225990E-2,4.438860E-2,9.315116E-5,-1.440227E-4,-8.805965E-4,2.111010E-3
1.656667E1,7.226590E-2,4.438889E-2,5.969547E-5,-7.591947E-6,4.117631E-3,1.038784E-3
1.660000E1,7.226388E-2,4.438810E-2,2.731668E-4,-9.155166E-5,5.701458E-5,-1.416019E-3
1.663333E1,7.228411E-2,4.438279E-2,2.299365E-4,-1.240483E-4,-8.734890E-3,4.581564E-3
1.666667E1,7.227920E-2,4.437983E-2,-4.248988E-4,1.933132E-4,-1.171284E-4,-3.744022E-4
1.670000E1,7.225578E-2,4.439567E-2,8.421670E-5,-4.814593E-6,3.010107E-3,-7.097158E-4
1.673333E1,7.228482E-2,4.437950E-2,1.441359E-4,-8.822459E-5,-5.450636E-4,1.031413E-3
1.676667E1,7.226539E-2,4.438979E-2,-3.110642E-4,2.537838E-4,-2.663601E-3,4.085087E-3
1.680000E1,7.226408E-2,4.439642E-2,1.246446E-4,1.226437E-4,2.801634E-3,-2.370836E-3
1.683333E1,7.227370E-2,4.439797E-2,-6.566658E-5,7.734343E-5,-3.248806E-3,-5.007861E-3
1.686667E1,7.225970E-2,4.440158E-2,-2.419936E-4,-1.539900E-4,4.010884E-4,-6.015310E-4
1.690000E1,7.225757E-2,4.438770E-2,4.669127E-5,-8.890411E-5,7.100122E-3,4.956134E-4
1.693333E1,7.226282E-2,4.439565E-2,2.275616E-4,3.862194E-5,1.759917E-3,1.247096E-3
1.696667E1,7.227274E-2,4.439028E-2,1.844069E-4,-1.160950E-4,-4.060659E-3,-1.224710E-3
1.700000E1,7.227511E-2,4.438791E-2,-6.594129E-5,-1.023980E-5,-4.792808E-3,6.959861E-4
1.703333E1,7.226834E-2,4.438959E-2,-1.637166E-4,-4.514792E-5,-4.212309E-3,2.046243E-3
1.706667E1,7.226420E-2,4.438490E-2,-2.920040E-4,6.132239E-5,3.750621E-3,5.670545E-4
1.710000E1,7.224888E-2,4.439368E-2,-2.872938E-5,8.896740E-5,3.553422E-3,2.197993E-3
1.713333E1,7.226228E-2,4.439083E-2,1.307153E-4,1.023240E-4,3.409252E-3,-3.925022E-3
1.716667E1,7.225759E-2,4.440050E-2,3.442965E-5,-4.609924E-5,-9.673466E-4,-1.609871E-3
1.720000E1,7.226458E-2,4.438776E-2,1.618579E-4,-1.596897E-4,5.791413E-4,-7.313536E-4
1.723333E1,7.226838E-2,4.438986E-2,4.435583E-5,2.254780E-5,-1.297898E-3,4.454575E-3
1.726667E1,7.226753E-2,4.438926E-2,5.125322E-5,7.996994E-5,1.936333E-3,-1.363071E-3
1.730000E1,7.227180E-2,4.439519E-2,1.956513E-4,-8.063040E-6,2.257435E-3,6.473807E-4
1.733333E1,7.228058E-2,4.438873E-2,2.167933E-4,2.481568E-5,-3.477626E-3,-2.056130E-3
1.736667E1,7.228625E-2,4.439684E-2,-3.049559E-5,-1.864648E-5,-4.599670E-3,-9.740201E-4
1.740000E1,7.227854E-2,4.438748E-2,-1.518799E-4,-1.630907E-4,-5.576266E-3,2.900533E-3
1.743333E1,7.227612E-2,4.438597E-2,-3.161109E-4,2.094177E-4,2.110489E-3,2.199518E-3
1.746667E1,7.225747E-2,4.440144E-2,-1.505505E-4,9.260228E-5,3.939664E-3,-3.468181E-3
1.750000E1,7.226609E-2,4.439215E-2,1.182655E-4,-1.786883E-4,4.428201E-3,-3.527327E-3
1.753333E1,7.226535E-2,4.438953E-2,3.760665E-5,-6.300830E-5,-1.588103E-3,3.964942E-3
1.756667E1,7.226860E-2,4.438794E-2,5.545135E-5,6.028974E-5,-6.831270E-4,1.070179E-3
1.760000E1,7.226905E-2,4.439355E-2,-2.314529E-5,5.337801E-5,-1.124935E-3,-2.288937E-4
1.763333E1,7.226705E-2,4.439150E-2,-2.856531E-5,-1.047745E-5,2.122695E-5,8.873002E-4
1.766667E1,7.226715E-2,4.439285E-2,-6.221604E-6,1.306245E-4,2.310618E-3,-1.292344E-3
1.770000E1,7.226664E-2,4.440021E-2,1.017072E-4,-4.080053E-5,-3.087415E-3,-9.475558E-4
1.773333E1,7.227393E-2,4.439013E-2,-1.278428E-4,-5.542574E-5,-2.695255E-3,-8.261236E-4
1.776667E1,7.225811E-2,4.439652E-2,-2.287690E-4,3.447250E-5,3.669342E-3,2.030672E-4
1.780000E1,7.225867E-2,4.439243E-2,2.089920E-4,-1.220946E-4,5.473739E-3,-1.804377E-4
1.783333E1,7.227205E-2,4.438838E-2,1.866231E-4,2.417786E-5,-4.588468E-3,3.175176E-3
1.786667E1,7.227112E-2,4.439404E-2,-1.659437E-4,1.360293E-4,-3.732812E-3,5.525051E-4
1.790000E1,7.226098E-2,4.439745E-2,-1.001326E-4,3.942772E-5,4.352804E-3,-3.735906E-3
1.793333E1,7.226444E-2,4.439667E-2,1.898837E-4,-1.132197E-4,2.738922E-3,-1.031893E-3
1.796667E1,7.227364E-2,4.438990E-2,1.027321E-4,-6.576857E-5,-4.947266E-3,3.365103E-3
1.800000E1,7.227129E-2,4.439229E-2,-1.853768E-4,1.518060E-4,-8.198005E-3,6.262129E-3
1.803333E1,7.226128E-2,4.440002E-2,-4.328693E-4,3.395815E-4,5.326097E-3,-3.068730E-3
1.806667E1,7.224243E-2,4.441493E-2,5.895035E-5,2.662533E-5,7.797257E-3,-6.558947E-3
1.810000E1,7.226521E-2,4.440179E-2,3.342423E-4,-2.533304E-4,1.756542E-3,-3.470646E-3
1.813333E1,7.226471E-2,4.439804E-2,-1.321030E-5,-1.055003E-4,,
1.816667E1,7.226433E-2,4.439476E-2,,,,
