	mass A						
t	x	y	vx	vy	ax	ay	
0.000	236.0	37.44				
0.033	236.0	37.43	-6.465E-2	-1.007E-2		
0.067	236.0	37.44	1.177E-2	0.118	4.104	0.343
0.100	236.0	37.44	0.295	-2.806E-2	0.790	-0.284
0.133	236.0	37.43	7.941E-2	6.641E-2	-2.658	-2.682
0.167	236.0	37.44	1.035E-2	-0.102	-2.158	-3.303
0.200	236.0	37.43	4.819E-2	-0.293	-1.416	-2.289
0.233	236.0	37.42	-0.148	-0.164	-1.244	5.339
0.267	236.0	37.42	-4.675E-2	1.150E-2	2.827	2.933
0.300	236.0	37.42	8.990E-2	0.102	0.782	0.225
0.333	236.0	37.42	-5.769E-3	-2.538E-2	-2.876	-1.960
0.367	236.0	37.42	-0.121	-2.617E-2	-1.194	3.035
0.400	236.0	37.42	-8.985E-2	0.165	2.101	-0.709
0.433	236.0	37.43	3.156E-2	1.479E-2	1.386	-2.853
0.467	236.0	37.42	2.165E-2	-0.159	0.107	-1.235
0.500	236.0	37.42	2.232E-3	1.322E-2	0.464	5.136
0.533	236.0	37.42	7.460E-2	0.156	2.192	1.589
0.567	236.0	37.43	0.140	0.162	-0.198	2.241
0.600	236.0	37.43	8.565E-2	0.234	-1.051	-2.520
0.633	236.0	37.45	2.911E-2	0.104	-2.951	-1.451
0.667	236.0	37.44	-6.478E-2	-4.875E-3	-0.630	-1.046
0.700	236.0	37.45	-7.628E-2	0.143	2.732	1.686
0.733	236.0	37.45	0.157	6.754E-2	4.631	-1.196
0.767	236.0	37.45	0.248	6.120E-2	-4.090	-2.012
0.800	236.0	37.45	-8.988E-2	-4.142E-2	-6.475	-1.834
0.833	236.0	37.45	-0.290	-0.105	-5.123	0.569
0.867	236.0	37.45	-0.329	1.947E-2	-0.933	8.271
0.900	236.0	37.45	-0.424	0.412	-0.259	4.748
0.933	236.0	37.47	-0.312	0.458	4.161	-3.644
0.967	235.9	37.48	-0.157	6.086E-2	3.745	-8.658
1.000	235.9	37.48	-4.003E-2	-0.107	4.971	-2.479
1.033	235.9	37.47	0.138	-0.108	3.735	1.432
1.067	236.0	37.47	0.262	-4.414E-5	-1.751	2.329
1.100	236.0	37.47	1.379E-2	5.815E-2	-2.408	0.865
1.133	236.0	37.48	1.937E-2	4.942E-2	-0.775	2.924
1.167	236.0	37.48	7.330E-2	0.225	5.962	0.209
1.200	236.0	37.49	0.289	0.153	3.820	-4.912
1.233	236.0	37.49	0.482	-0.189	2.369	-5.258
1.267	236.0	37.48	0.338	-0.197	-4.261	7.702
1.300	236.0	37.47	0.251	0.300	-2.312	8.185
1.333	236.0	37.50	0.142	0.490	-1.699	4.375
1.367	236.0	37.51	0.159	0.441	-3.417	-3.424
1.400	236.0	37.53	-5.573E-2	0.380	-2.003	-3.171
1.433	236.0	37.53	-6.700E-2	0.135	1.292	-4.634
1.467	236.0	37.54	0.123	0.107	4.784	-2.167
1.500	236.0	37.54	0.204	-3.064E-3	-0.882	-0.228
1.533	236.0	37.54	0.120	5.098E-2	-4.315	-0.144
1.567	236.0	37.54	-0.139	5.873E-2	-22.33	1.241
1.600	236.0	37.54	-1.221	5.706E-2	-38.60	5.057
1.633	235.9	37.55	-2.893	0.419	-88.45	-0.956
1.667	235.8	37.57	-6.714	0.117	-94.28	-8.607
1.700	235.5	37.55	-9.970	-0.350	11.55	-7.683
1.733	235.2	37.54	-6.091	-0.298	93.25	7.795
1.767	235.1	37.53	-2.540	9.753E-2	8.558	4.361
1.800	235.0	37.55	-5.806	0.162	-124.8	-3.589
1.833	234.7	37.55	-11.24	-0.285	-182.3	-6.368
1.867	234.2	37.53	-17.74	-0.260	-83.58	-2.302
1.900	233.5	37.53	-18.07	-0.356	87.31	7.042
1.933	233.0	37.51	-10.86	3.980E-2	127.5	1.356
1.967	232.8	37.53	-8.817	3.182E-2	26.22	-8.879
2.000	232.4	37.51	-10.12	-0.791	-7.532	-0.180
2.033	232.1	37.48	-9.114	-7.713E-2	-23.55	9.610
2.067	231.8	37.51	-11.13	0.225	-93.18	5.177
2.100	231.4	37.49	-15.92	-7.967E-2	-121.3	-6.933
2.133	230.8	37.50	-19.23	-2.731E-2	-44.40	3.413
2.167	230.1	37.49	-19.14	-6.674E-3	56.76	-2.560
2.200	229.5	37.50	-15.24	-4.023E-2	113.5	-7.518
2.233	229.1	37.49	-11.25	-0.598	74.69	-8.395
2.267	228.8	37.46	-10.17	-0.656	-81.00	5.850
2.300	228.4	37.44	-16.16	-0.160	-157.4	1.527
2.333	227.7	37.45	-22.16	-0.416	-25.68	-3.534
2.367	226.9	37.42	-17.84	-0.645	23.74	-4.592
2.400	226.5	37.41	-18.43	-0.520	5.608	0.418
2.433	225.7	37.38	-20.16	-0.722	96.28	3.880
2.467	225.1	37.36	-11.03	-0.293	171.3	5.476
2.500	225.0	37.36	-7.381	-0.188	-166.9	-4.001
2.533	224.6	37.35	-21.72	-0.688	-330.7	1.955
2.567	223.5	37.32	-32.89	-0.162	-52.48	10.42
2.600	222.5	37.33	-24.15	0.270	257.3	-0.895
2.633	221.9	37.33	-14.15	-0.349	236.5	-12.47
2.667	221.5	37.31	-9.086	-0.632	13.56	3.243
2.700	221.3	37.29	-12.09	-0.126	-110.2	10.75
2.733	220.7	37.30	-18.28	0.214	-195.3	1.335
2.767	220.1	37.31	-23.82	-9.771E-2	-198.3	-6.935
2.800	219.1	37.30	-32.29	-0.297	-158.3	-14.45
2.833	217.9	37.29	-34.85	-0.934	74.96	-3.733
2.867	216.8	37.23	-27.40	-0.840	43.31	0.628
2.900	216.1	37.23	-29.12	-0.525	-288.9	3.564
2.933	214.9	37.20	-48.31	-0.847	-366.6	-11.18
2.967	212.9	37.17	-56.04	-1.123	98.13	4.746
3.000	211.1	37.12	-40.91	-0.762	467.1	-4.549
3.033	210.1	37.12	-22.90	-1.016	232.3	2.605
3.067	209.6	37.06	-24.25	-1.110	-222.2	6.840
3.100	208.5	37.05	-39.65	-0.164	-258.5	9.856
3.133	206.9	37.05	-43.24	-0.515	35.93	-12.37
3.167	205.6	37.02	-35.44	-1.081	215.6	-6.275
3.200	204.6	36.97	-28.88	-0.969	-28.10	9.831
3.233	203.7	36.95	-35.58	-0.364	-196.4	17.89
3.267	202.2	36.95	-45.18	0.234	-157.3	-13.79
3.300	200.7	36.97	-44.71	-1.028	3.950	-19.73
3.333	199.2	36.88	-44.76	-1.688	55.06	-5.213
3.367	197.7	36.85	-41.72	-0.891	0.769	20.37
3.400	196.5	36.82	-42.98	-0.542	-52.54	-5.544
3.433	194.9	36.82	-47.15	-0.998	-206.5	2.695
3.467	193.3	36.75	-54.74	-0.830	-107.2	-0.982
3.500	191.2	36.76	-57.48	-0.527	92.00	7.050
3.533	189.5	36.72	-46.67	-0.796	158.6	-10.73
3.567	188.1	36.71	-45.53	-0.910	-31.93	-6.239
3.600	186.4	36.66	-50.66	-1.459	-106.5	-8.077
3.633	184.7	36.61	-52.18	-1.356	45.53	10.84
3.667	183.0	36.57	-48.33	-0.800	7.744	12.30
3.700	181.5	36.56	-49.48	-0.387	-49.80	0.684
3.733	179.7	36.54	-54.06	-0.805	-26.61	-15.51
3.767	177.9	36.51	-50.50	-1.456	107.7	-0.264
3.800	176.3	36.45	-46.53	-0.981	154.9	3.608
3.833	174.8	36.44	-40.72	-0.847	184.5	5.505
3.867	173.6	36.39	-33.60	-0.992	122.1	4.713
3.900	172.6	36.37	-32.20	-0.313	-65.72	-5.838
3.933	171.4	36.37	-38.13	-1.252	-88.56	-6.235
3.967	170.0	36.29	-39.64	-1.226	74.32	4.834
4.000	168.8	36.29	-32.28	-0.408	169.5	13.11
4.033	167.9	36.26	-27.58	-0.615	63.53	-19.14
4.067	167.0	36.25	-28.39	-1.475	-70.75	0.473
4.100	166.0	36.16	-32.30	-1.066	-60.23	16.45
4.133	164.8	36.17	-33.27	0.168	69.58	7.552
4.167	163.8	36.18	-27.36	-0.692	186.7	-6.392
4.200	163.0	36.13	-20.30	-0.569	2.935	-11.19
4.233	162.4	36.14	-25.73	-0.919	-143.7	1.248
4.267	161.3	36.07	-32.86	-1.097	-60.41	1.620
4.300	160.2	36.06	-28.65	-0.312	101.4	11.12
4.333	159.4	36.05	-25.45	-0.568	45.66	-8.702
4.367	158.5	36.03	-25.88	-0.828	-16.74	0.653
4.400	157.6	35.99	-26.75	-0.652	-3.470	-2.251
4.433	156.7	35.98	-26.19	-0.749	-7.630	3.798
4.467	155.9	35.94	-26.80	-0.689	9.593	-4.132
4.500	154.9	35.94	-26.33	-0.701	76.51	10.43
4.533	154.1	35.89	-21.41	-0.376	164.6	8.260
4.567	153.5	35.91	-15.20	0.238	21.26	-1.335
4.600	153.1	35.91	-18.59	-0.605	-186.6	-7.648
4.633	152.3	35.87	-29.36	-0.479	-135.2	-4.216
4.667	151.2	35.88	-28.59	-0.517	105.2	-15.77
4.700	150.4	35.84	-20.72	-1.751	142.8	4.807
4.733	149.8	35.76	-18.82	-0.501	38.58	30.50
4.767	149.1	35.80	-18.96	0.918	8.023	5.067
4.800	148.5	35.82	-17.94	-0.386	13.56	-15.44
4.833	147.9	35.78	-18.07	-0.455	34.73	3.747
4.867	147.3	35.79	-16.07	0.270	60.89	-0.164
4.900	146.8	35.80	-13.36	-0.539	49.00	-7.407
4.933	146.4	35.76	-13.02	-0.492	15.38	3.216
4.967	146.0	35.76	-12.49	2.040E-3	24.27	6.776
5.000	145.6	35.76	-11.31	-0.203	59.26	6.568
5.033	145.2	35.75	-8.734	0.389	65.68	-2.544
5.067	145.0	35.78	-6.488	-5.919E-2	30.62	5.944
5.100	144.8	35.75	-6.814	0.219	32.57	9.814
5.133	144.5	35.80	-4.884	1.169	77.31	4.580
5.167	144.5	35.82	-1.043	0.306	80.73	-16.56
5.200	144.5	35.82	0.484	-4.763E-2	24.68	-3.601
5.233	144.5	35.82	0.501	0.170	0.120	3.781
5.267	144.5	35.83	0.395	0.208	-1.882	1.450
5.300	144.5	35.84	0.434	0.239	-3.131	-1.204
5.333	144.5	35.85	0.188	0.169	-4.455	-4.546
5.367	144.5	35.85	7.531E-2	-9.275E-2	-0.516	-0.941
5.400	144.5	35.84	0.201	4.912E-2	0.979	1.886
5.433	144.6	35.85	0.153	0.153	-1.702	-4.127
5.467	144.6	35.85	5.734E-2	-0.275	-2.500	-4.187
5.500	144.6	35.83	3.492E-3	-0.222	1.684	1.652
5.533	144.6	35.83	0.132	-2.184E-2	0.744	1.913
5.567	144.6	35.83	0.135	-0.167	-0.906	1.636
5.600	144.6	35.82	-7.353E-3	5.795E-2	-1.372	5.495
5.633	144.6	35.83	7.011E-2	0.282	0.420	0.405
5.667	144.6	35.84	4.052E-2	6.506E-2	-0.170	-4.892
5.700	144.6	35.84	2.201E-2	-9.554E-2	0.593	-1.353
5.733	144.6	35.84	0.104	-2.429E-3	2.560	1.421
5.767	144.6	35.84	0.183	2.251E-2	-0.774	2.251
5.800	144.6	35.84	8.646E-2	0.106	-3.223	1.809
5.833	144.6	35.84	-8.067E-2	0.193	-2.346	1.576
5.867	144.6	35.85	-5.786E-2	0.177	0.612	0.646
5.900	144.6	35.86	-2.606E-2	0.244	0.473	8.919E-2
5.933	144.6	35.87	-3.328E-2	0.202	-1.818	-1.408
5.967	144.6	35.87	-0.133	0.121	0.117	-1.531
6.000	144.6	35.87	-7.559E-2	0.113	2.579	-1.980
6.033	144.6	35.88	9.536E-2	1.113E-3	0.306	-2.862
6.067	144.6	35.87	-4.997E-2	-0.106	-0.996	1.877
6.100	144.6	35.87	-4.319E-2	0.109	0.962	2.175
6.133	144.6	35.88	8.997E-2	0.130	3.467	-2.541
6.167	144.6	35.88	0.142	-0.138	-0.491	-3.825
6.200	144.6	35.87	0.105	-0.129	-1.403	1.761
6.233	144.6	35.87	-1.826E-3	5.125E-3	-1.540	4.041
6.267	144.6	35.87	2.331E-2	0.134	-3.020E-2	1.001
6.300	144.6	35.88	3.478E-4	0.101	1.155	-2.517
6.333	144.6	35.88	7.526E-2	-6.693E-2	0.543	-2.987
6.367	144.6	35.88	8.489E-2	-0.103	-0.416	-0.763
6.400	144.6	35.87	2.962E-3	-9.946E-2	-2.354	1.400
6.433	144.6	35.87	-4.531E-2	-3.154E-2	-0.891	1.556
6.467	144.6	35.87	-8.022E-2	3.539E-2	-6.847E-2	2.659
6.500	144.6	35.87	-3.553E-2	0.113	2.835	-0.692
6.533	144.6	35.88	9.372E-2	4.441E-2	0.378	-3.307
6.567	144.6	35.87	4.256E-2	-0.164	-2.935	-1.335
6.600	144.6	35.87	-0.159	-5.386E-2	-1.510	1.715
6.633	144.6	35.87	-6.472E-2	1.169E-2	3.832	3.726E-2
6.667	144.6	35.87	0.131	-9.419E-2	3.731	-2.546
6.700	144.6	35.86	0.184	-0.147	-0.865	0.322
6.733	144.6	35.86	7.571E-2	-9.150E-2	-3.119	2.512
6.767	144.6	35.86	-4.729E-2	4.323E-2	-2.036	3.272
6.800	144.6	35.86	-5.487E-2	0.123	0.196	1.122
6.833	144.6	35.87	-2.779E-2	0.125	-0.699	-0.795
6.867	144.6	35.87	-9.012E-2	6.118E-2	-0.566	-2.616
6.900	144.6	35.87	-9.745E-2	-4.426E-2	1.604	-0.696
6.933	144.6	35.87	3.645E-2	-1.544E-2	2.351	0.163
6.967	144.6	35.87	7.362E-2	1.567E-2	0.555	-0.421
7.000	144.6	35.87	5.347E-2	-7.488E-2	-0.165	-0.497
7.033	144.6	35.86	6.929E-2	-2.373E-2	9.539E-2	0.872
7.067	144.6	35.87	6.165E-2	1.196E-2	-1.647	0.977
7.100	144.6	35.86	-3.321E-2	1.515E-2	-0.520	-1.237
7.133	144.6	35.87	-9.661E-3	-4.049E-2	1.040	-0.723
7.167	144.6	35.86	8.022E-2	-7.454E-2	-0.612	0.427
7.200	144.6	35.86	-5.316E-2	1.496E-2	-2.159	0.683
7.233	144.6	35.86	-0.105	-2.045E-2	-0.627	-0.266
7.267	144.6	35.86	-5.657E-2	-3.248E-2	1.752	0.628
7.300	144.6	35.86	-1.153E-2	4.208E-2	0.576	2.134
7.333	144.6	35.86	8.704E-3	0.103	-0.164	-0.584
7.367	144.6	35.87	-4.264E-2	2.730E-2	-6.303E-2	-0.840
7.400	144.6	35.87	9.003E-4	-2.955E-3	-0.533	0.657
7.433	144.6	35.87	-4.782E-2	0.108	0.224	-0.708
7.467	144.6	35.87	-3.631E-2	-3.104E-2	1.968	-1.604
7.500	144.6	35.87	0.123	-6.841E-2	1.152	0.135
7.533	144.6	35.87	5.451E-2	4.075E-2	-2.038	2.355
7.567	144.6	35.87	-5.377E-2	5.963E-2	-0.802	-0.785
7.600	144.6	35.87	1.144E-2	1.377E-2	1.135	-0.831
7.633	144.6	35.87	4.129E-2	-3.056E-2	-0.269	-0.616
7.667	144.6	35.87	-1.819E-2	-2.587E-3	-0.218	0.659
7.700	144.6	35.87	1.277E-2	2.284E-3	9.668E-2	-0.115
7.733	144.6	35.87	1.873E-2	-1.274E-3	-0.234	1.417
7.767	144.6	35.87	-2.921E-2	7.515E-2	0.491	2.405
7.800	144.6	35.87	5.172E-2	0.187	0.160	0.270
7.833	144.6	35.88	1.625E-2	9.884E-2	3.380E-2	-4.023
7.867	144.6	35.88	-1.748E-4	-9.966E-2	-8.303E-2	-3.644
7.900	144.6	35.87	5.706E-2	-0.161	1.032	-0.263
7.933	144.6	35.87	4.297E-2	-9.841E-2	-1.155	2.123
7.967	144.6	35.87	-2.959E-4	-2.243E-2	-0.894	2.323
8.000	144.6	35.87	-4.079E-2	6.042E-2	-0.837	0.665
8.033	144.6	35.87	-3.775E-2	3.449E-2	1.562	-0.909
8.067	144.6	35.87	4.044E-2	-2.368E-2	-0.257	7.439E-2
8.100	144.6	35.87	-3.782E-3	4.082E-2	-2.645	2.047
8.133	144.6	35.87	-0.185	0.126	-0.604	-0.755
8.167	144.6	35.88	-5.852E-2	9.102E-3	4.451	-2.982
8.200	144.6	35.87	0.157	-0.119	2.332	-1.118
8.233	144.6	35.87	0.103	-4.923E-2	-3.075	1.874
8.267	144.6	35.87	-7.455E-2	1.846E-2	-0.515	1.293
8.300	144.6	35.87	3.669E-2	3.217E-2	9.909E-2	-0.241
8.333	144.6	35.87	2.296E-2	5.308E-3	-0.165	-1.202
8.367	144.6	35.87	-7.156E-2	-5.228E-2	-6.881E-2	0.978
8.400	144.6	35.87	7.028E-2	4.789E-2	3.234	0.467
8.433	144.6	35.88	0.137	3.951E-2	-0.611	-1.695
8.467	144.6	35.87	4.826E-2	-0.120	-3.523	-2.181
8.500	144.6	35.87	-0.127	-9.859E-2	-1.115	1.167
8.533	144.6	35.87	-4.644E-2	-3.019E-2	0.815	1.947
8.567	144.6	35.87	-9.319E-3	2.773E-2	-1.063	0.758
8.600	144.6	35.87	-0.160	3.024E-2	-6.982E-2	2.027
8.633	144.6	35.87	-3.738E-2	0.131	2.087	0.130
8.667	144.6	35.88	4.720E-2	0.103	0.867	-1.434
8.700	144.6	35.87	-2.965E-2	-3.187E-2	-1.530	-3.022
8.733	144.6	35.87	-3.760E-2	-6.134E-2	0.360	1.143
8.767	144.6	35.87	-1.702E-2	8.270E-3	-0.830	1.057
8.800	144.6	35.88	-6.732E-2	6.161E-2	8.758E-2	-0.533
8.833	144.6	35.87	-5.575E-2	-5.745E-2	0.825	-2.045
8.867	144.6	35.87	3.041E-2	-8.257E-2	3.351	-0.211
8.900	144.6	35.87	0.133	-5.741E-2	0.519	1.653
8.933	144.6	35.87	0.119	1.413E-2	-1.056	-0.156
8.967	144.6	35.87	6.372E-3	-3.102E-2	-1.657	0.419
9.000	144.6	35.87	3.102E-2	-1.950E-2	-0.245	0.510
9.033	144.6	35.87	-4.681E-3	6.257E-2	0.724	1.083
9.067	144.6	35.87	5.217E-2	2.086E-2	-0.953	-0.219
9.100	144.6	35.87	-1.078E-2	5.176E-2	-0.917	-0.657
9.133	144.6	35.87	-8.228E-2	-3.963E-3	-0.855	-0.986
9.167	144.6	35.87	-1.543E-2	-4.712E-2	2.147	0.591
9.200	144.6	35.87	3.115E-2	5.027E-2	-0.684	1.222
9.233	144.6	35.87	-2.024E-2	5.307E-2	-0.720	0.269
9.267	144.6	35.87	-7.162E-2	3.841E-2	0.974	-2.230
9.300	144.6	35.88	7.168E-2	-5.683E-2	2.172	-1.897
9.333	144.6	35.87	9.163E-2	-0.140	-1.009	1.192
9.367	144.6	35.87	-1.374E-2	3.891E-2	-1.435	1.549
9.400	144.6	35.87	-1.821E-2	1.361E-2	1.519	-1.424
9.433	144.6	35.87	9.874E-2	-0.120	0.600	-1.122
9.467	144.6	35.86	5.137E-2	-4.276E-2	-2.351	2.657
9.500	144.6	35.86	-9.671E-2	6.445E-2	-3.041	3.157
9.533	144.6	35.87	-0.142	0.165	1.174	0.388
9.567	144.6	35.88	-3.498E-2	0.114	2.910	-2.044
9.600	144.6	35.88	8.813E-2	-6.180E-3	2.370	-3.242
9.633	144.6	35.88	0.105	-8.301E-2	-0.815	-1.154
9.667	144.6	35.87	4.745E-2	-0.104	-3.845E-2	-2.176
9.700	144.6	35.87	6.695E-2	-0.190	-1.653	-0.904
9.733	144.6	35.86	-3.767E-3	-0.220	-2.521	2.047
9.767	144.6	35.85	-0.161	-2.256E-2	-0.944	5.305
9.800	144.6	35.86	-5.669E-2	0.140	1.739	1.898
9.833	144.6	35.86	-9.366E-3	0.119	2.160	-0.700
9.867	144.6	35.86	4.310E-2	5.821E-2	-1.752	-1.457
9.900	144.6	35.87	-5.910E-2	4.483E-2	-1.277	0.292
9.933	144.6	35.87	-0.135	5.737E-2	-0.420	-0.370
9.967	144.6	35.87	-1.797E-2	4.740E-2	3.160	0.230
10.000	144.6	35.87	4.225E-2	4.164E-2	1.444	2.604
10.033	144.6	35.87	0.104	0.226	1.590	2.035
10.067	144.6	35.89	0.128	0.226	-0.328	-2.767
10.100	144.6	35.89	0.103	-1.274E-3	-3.513	-2.561
10.133	144.6	35.89	-0.108	2.841E-2	-1.786	-0.683
10.167	144.6	35.89	-7.498E-2	2.195E-2	-0.805	-6.531E-2
10.200	144.6	35.89	-6.422E-2	-4.169E-2	-0.488	-1.786
10.233	144.6	35.89	-0.189	-4.773E-2	-0.604	1.220
10.267	144.6	35.88	-7.637E-2	-8.009E-3	0.766	2.124
10.300	144.6	35.89	-0.111	0.134	2.618	-0.597
10.333	144.6	35.89	2.585E-2	-2.944E-2	3.740	-5.120
10.367	144.6	35.89	0.226	-0.260	-0.799	-3.207
10.400	144.6	35.88	-3.959E-2	-0.237	-5.313	0.698
10.433	144.6	35.87	-0.198	-0.187	-0.511	0.942
10.467	144.6	35.86	-3.451E-2	-0.189	3.715	2.192
10.500	144.6	35.86	6.570E-2	-5.317E-2	2.420	5.373
10.533	144.6	35.86	0.110	0.186	2.078	5.222
10.567	144.6	35.87	0.206	0.309	-2.031	-0.427
10.600	144.6	35.88	2.056E-2	0.165	-4.582	-3.271
10.633	144.6	35.88	-0.183	4.250E-2	-1.877	-2.280
10.667	144.6	35.88	-6.919E-2	4.676E-2	3.686	-0.842
10.700	144.6	35.88	6.908E-2	-1.934E-2	1.553	-1.932
10.733	144.6	35.88	5.333E-2	-8.626E-2	0.422	-0.780
10.767	144.6	35.88	5.391E-2	-7.799E-2	-0.942	0.547
10.800	144.6	35.88	3.846E-2	-3.708E-2	-1.100	3.404
10.833	144.6	35.88	-5.808E-2	0.124	-2.504	3.790
10.867	144.6	35.88	-0.108	0.261	0.696	1.529
10.900	144.6	35.89	-4.200E-2	0.204	3.234	-4.545
10.933	144.6	35.90	0.138	-2.377E-2	1.104	-6.573
10.967	144.6	35.89	5.493E-2	-0.273	-0.620	-2.790
11.000	144.6	35.88	2.784E-2	-0.217	-0.974	2.111
11.033	144.6	35.88	5.872E-2	-9.142E-2	0.714	-0.738
11.067	144.6	35.87	2.430E-2	-0.256	-0.817	-0.637
11.100	144.6	35.86	3.903E-2	-0.215	0.211	3.085
11.133	144.6	35.86	1.599E-2	3.096E-2	9.416E-2	3.495
11.167	144.6	35.86	5.359E-2	4.981E-3	1.304	-1.240
11.200	144.6	35.86	0.102	-7.050E-2	-1.229	3.137E-2
11.233	144.6	35.86	-3.701E-3	-1.829E-3	-3.022	1.872
11.267	144.6	35.86	-0.142	8.166E-2	-1.564	0.885
11.300	144.6	35.86	-9.676E-2	4.855E-2	0.721	0.382
11.333	144.6	35.86	-7.531E-2	8.863E-2	1.143	1.927
11.367	144.6	35.87	-4.361E-2	0.196	1.254	0.259
11.400	144.6	35.88	2.720E-2	0.122	0.253	-2.223
11.433	144.6	35.88	-2.281E-2	1.113E-2	2.510	-5.019
11.467	144.6	35.88	0.143	-0.171	-0.252	-0.775
11.500	144.6	35.87	7.623E-2	-0.125	-2.969	-2.587E-2
11.533	144.6	35.87	-0.178	-5.839E-2	-3.333	2.418
11.567	144.6	35.86	-9.817E-2	-6.422E-2	2.634	1.340
11.600	144.6	35.86	-4.205E-3	9.723E-2	3.353	2.342
11.633	144.6	35.87	0.125	7.564E-2	0.462	-1.844
11.667	144.6	35.87	5.993E-2	-2.440E-2	0.619	-1.337
11.700	144.6	35.87	9.130E-2	-3.833E-2	-1.415	0.382
11.733	144.6	35.87	6.266E-2	2.691E-2	-1.051	0.864
11.767	144.6	35.87	-6.955E-2	1.570E-2	-4.380	0.288
11.800	144.6	35.87	-0.159	3.450E-2	0.719	-2.984E-2
11.833	144.6	35.87	-0.106	3.257E-2	2.935	-0.249
11.867	144.6	35.87	0.117	3.966E-4	1.707	-0.606
11.900	144.6	35.87	-5.285E-5	6.959E-4	-1.412	-0.511
11.933	144.6	35.87	-3.033E-2	-3.276E-2	0.305	0.115
11.967	144.6	35.87	6.749E-2	-6.001E-3	0.883	0.371
12.000	144.6	35.87	2.036E-2	1.566E-2	-0.525	-2.663E-2
12.033	144.6	35.87	1.409E-2	-2.349E-2	-0.794	-0.383
12.067	144.6	35.87	-6.379E-3	-1.034E-2	8.715E-2	0.577
12.100	144.6	35.87	-1.067E-2	2.038E-2	8.446E-2	-0.150
12.133	144.6	35.87	2.625E-2	-1.393E-2	0.447	-0.777
12.167	144.6	35.87	6.194E-3	-4.722E-2	-1.733	2.446
12.200	144.6	35.87	-7.560E-2	0.134	4.297E-2	-0.579
12.233	144.6	35.88	-3.141E-2	4.144E-3	0.601	-2.358
12.267	144.6	35.87	2.169E-2	-0.153	0.161	-1.513
12.300	144.6	35.87	-5.770E-2	-1.263E-2	-1.196	2.556
12.333	144.6	35.87	-5.209E-2	-5.449E-3	1.932	-0.205
12.367	144.6	35.87	6.186E-2	-1.991E-2	0.905	2.818
12.400	144.6	35.86	5.082E-2	0.147	-0.979	1.086E-2
12.433	144.6	35.88	-5.093E-2	7.611E-2	-9.770E-2	-2.680
12.467	144.6	35.87	4.990E-2	-0.140	0.895	-1.914
12.500	144.6	35.87	4.689E-2	-1.281E-2	-0.292	1.970
12.533	144.6	35.87	-1.427E-2	1.574E-2	0.213	-5.307E-2
12.567	144.6	35.87	7.588E-2	-4.260E-2	0.650	-0.749
12.600	144.6	35.87	5.214E-2	-3.043E-2	-0.433	-0.335
12.633	144.6	35.87	1.022E-2	-5.358E-2	-1.592	0.875
12.667	144.6	35.86	-2.126E-2	4.799E-4	-2.535	2.248
12.700	144.6	35.87	-0.173	0.125	-0.181	1.607
12.733	144.6	35.87	-7.244E-2	0.109	2.606	-1.741
12.767	144.6	35.87	6.999E-2	4.228E-4	1.311	-1.947
12.800	144.6	35.87	-1.555E-2	-3.603E-2	-1.829	-0.142
12.833	144.6	35.87	-5.988E-2	5.523E-3	0.704	-6.420E-2
12.867	144.6	35.87	2.655E-2	-3.238E-2	2.360	0.590
12.900	144.6	35.87	0.120	1.361E-2	6.042E-2	-0.507
12.933	144.6	35.87	3.461E-2	-1.259E-2	-2.116	-0.579
12.967	144.6	35.87	-5.067E-2	-8.259E-2	-1.507	0.568
13.000	144.6	35.87	-4.872E-2	4.800E-2	-0.266	1.925
13.033	144.6	35.87	-6.976E-2	6.755E-2	2.147	0.711
13.067	144.6	35.87	6.961E-2	6.142E-2	2.839	-2.113
13.100	144.6	35.87	0.172	-3.069E-2	-2.036	-0.452
13.133	144.6	35.87	-7.433E-2	-3.598E-2	-3.417	0.255
13.167	144.6	35.87	-0.125	5.259E-2	-4.320E-2	1.315
13.200	144.6	35.87	-3.977E-3	1.662E-2	1.204	-0.598
13.233	144.6	35.87	-6.713E-2	2.386E-2	0.980	-1.995
13.267	144.6	35.87	3.392E-2	-0.102	1.725	-1.680
13.300	144.6	35.87	0.103	-0.135	-0.459	1.626
13.333	144.6	35.86	-2.798E-2	3.690E-2	-1.815	4.502
13.367	144.6	35.87	-3.315E-2	0.169	0.497	-0.280
13.400	144.6	35.88	2.894E-2	4.531E-2	-2.001E-2	-2.206
13.433	144.6	35.87	-3.119E-2	-4.612E-2	0.215	0.814
13.467	144.6	35.87	8.262E-3	0.134	6.215E-2	0.579
13.500	144.6	35.88	2.535E-2	3.659E-2	-2.314	-2.265
13.533	144.6	35.88	-0.171	-9.586E-2	-1.789	-2.176
13.567	144.6	35.87	-0.133	-5.899E-2	1.578	1.179
13.600	144.6	35.87	-6.081E-3	-3.998E-2	2.338	-0.267
13.633	144.6	35.87	-6.091E-3	-5.217E-2	3.080	-1.012
13.667	144.6	35.87	0.183	-0.127	-9.013E-3	-0.186
13.700	144.6	35.86	7.842E-2	-7.219E-2	-3.617	2.239
13.733	144.6	35.86	-0.165	3.994E-2	-4.175	3.459
13.767	144.6	35.87	-0.150	0.149	0.855	0.192
13.800	144.6	35.87	-0.123	8.636E-2	3.101	-2.927
13.833	144.6	35.87	5.227E-2	-8.837E-2	4.852	-1.360
13.867	144.6	35.87	0.227	-1.394E-2	1.412	1.533
13.900	144.6	35.87	0.155	5.920E-2	-3.667	0.800
13.933	144.6	35.87	-4.347E-2	1.113E-2	-3.168	-1.176
13.967	144.6	35.87	-7.272E-2	-1.185E-2	-0.580	0.403
14.000	144.6	35.87	-4.890E-2	2.562E-2	1.820	0.889
14.033	144.6	35.87	1.694E-2	6.776E-2	3.432	1.456
14.067	144.6	35.87	0.201	0.104	2.200	-1.760
14.100	144.6	35.88	0.188	-1.017E-2	-2.984	-1.573
14.133	144.6	35.87	-2.232E-2	-6.967E-2	-4.062	-1.481
14.167	144.6	35.88	-0.105	-4.455E-2	-0.503	1.226
14.200	144.6	35.87	-3.706E-2	-3.759E-2	2.546	-1.082
14.233	144.6	35.87	6.278E-2	-6.471E-2	0.306	2.056
14.267	144.6	35.87	1.125E-2	2.584E-2	-1.423	1.120
14.300	144.6	35.87	-7.643E-2	0.102	-0.413	2.542E-2
14.333	144.6	35.87	-4.636E-4	-3.617E-2	1.411	-2.513
14.367	144.6	35.87	3.150E-2	-5.001E-2	0.309	-0.826
14.400	144.6	35.87	7.952E-3	-8.551E-2	-2.024	1.248
14.433	144.6	35.87	-8.874E-2	6.160E-3	-1.144	2.404
14.467	144.6	35.87	-0.105	0.117		
14.500	144.6	35.87				
