,mass A,,,,,,
t,x,y,vx,vy,ax,ay,
1.333333E0,2.619327E-1,4.504056E-2,,,,
1.366667E0,2.619353E-1,4.502791E-2,1.515965E-6,-1.471899E-4,,
1.400000E0,2.619328E-1,4.503075E-2,6.263073E-5,1.579102E-4,-4.731001E-3,1.291432E-2
1.433333E0,2.619395E-1,4.503844E-2,-2.054198E-4,6.425630E-4,9.725933E-4,5.123083E-3
1.466667E0,2.619191E-1,4.507358E-2,-8.369919E-5,6.626657E-4,3.322918E-3,-1.052374E-2
1.500000E0,2.619339E-1,4.508261E-2,2.523419E-4,-1.671798E-4,-3.975747E-3,-1.243225E-2
1.533333E0,2.619359E-1,4.506244E-2,-4.115221E-4,-2.816137E-4,-8.132543E-3,7.380023E-3
1.566667E0,2.619064E-1,4.506384E-2,-4.580841E-4,4.251697E-4,5.584174E-3,6.348528E-3
1.600000E0,2.619054E-1,4.509078E-2,1.269681E-4,2.802606E-4,1.074236E-2,-7.645620E-3
1.633333E0,2.619149E-1,4.508252E-2,2.483327E-4,-2.848228E-4,-1.353756E-3,-8.342731E-3
1.666667E0,2.619219E-1,4.507179E-2,2.890182E-5,-2.249424E-4,-4.887484E-4,-1.578976E-3
1.700000E0,2.619168E-1,4.506753E-2,1.292041E-4,-3.284458E-4,7.082718E-3,3.095434E-3
1.733333E0,2.619305E-1,4.504990E-2,5.828298E-4,-1.446110E-4,1.269443E-3,3.060647E-3
1.766667E0,2.619557E-1,4.505789E-2,2.892983E-4,4.224495E-5,-1.018948E-2,-2.288427E-4
1.800000E0,2.619498E-1,4.505271E-2,-2.443659E-4,-2.566852E-4,-5.062100E-3,-1.074232E-2
1.833333E0,2.619394E-1,4.504078E-2,-4.001380E-5,-6.351307E-4,5.990786E-3,-2.239617E-3
1.866667E0,2.619471E-1,4.501037E-2,2.412956E-4,-5.258122E-4,-1.532799E-4,7.443162E-3
1.900000E0,2.619555E-1,4.500572E-2,-4.449941E-5,-7.804305E-6,-5.529836E-3,1.128715E-2
1.933333E0,2.619442E-1,4.500985E-2,-2.286314E-4,1.984670E-4,-4.390238E-3,2.098432E-3
1.966667E0,2.619402E-1,4.501895E-2,-2.453094E-4,1.518778E-4,4.249265E-3,-3.528733E-3
2.000000E0,2.619278E-1,4.501998E-2,-4.438383E-5,-6.794396E-5,4.603796E-3,3.798887E-4
2.033333E0,2.619373E-1,4.501442E-2,1.873344E-4,1.246953E-4,4.262173E-3,-4.752330E-4
2.066667E0,2.619403E-1,4.502829E-2,1.560130E-4,4.999646E-5,-1.761087E-3,-4.191759E-3
2.100000E0,2.619477E-1,4.501776E-2,1.171736E-4,-3.028357E-4,-6.365025E-3,-2.423088E-3
2.133333E0,2.619481E-1,4.500810E-2,-2.672690E-4,-8.475467E-5,-1.381051E-3,7.016758E-3
2.166667E0,2.619299E-1,4.501211E-2,-1.036201E-4,2.089200E-4,7.851503E-3,8.062190E-4
2.200000E0,2.619412E-1,4.502203E-2,4.127921E-4,6.667235E-6,-5.362293E-3,-4.738200E-3
2.233333E0,2.619574E-1,4.501255E-2,-3.802712E-4,-2.129938E-4,-9.706633E-3,-1.586513E-3
2.266667E0,2.619159E-1,4.500783E-2,-5.861091E-4,-5.019101E-5,1.062692E-2,3.916238E-3
2.300000E0,2.619183E-1,4.500920E-2,5.693945E-4,6.116644E-5,9.603553E-3,3.983628E-3
2.333333E0,2.619538E-1,4.501191E-2,2.220880E-4,1.921530E-4,-5.792861E-3,-1.480898E-3
2.366667E0,2.619331E-1,4.502201E-2,-1.901654E-4,3.030831E-5,-8.291580E-3,-3.758599E-3
2.400000E0,2.619412E-1,4.501393E-2,-4.607122E-5,-1.635486E-4,1.902237E-3,-5.568949E-4
2.433333E0,2.619301E-1,4.501111E-2,-2.226708E-4,3.734426E-5,9.597476E-4,4.304851E-3
2.466667E0,2.619263E-1,4.501642E-2,6.508348E-5,1.484926E-4,7.359809E-3,6.785651E-4
2.500000E0,2.619344E-1,4.502101E-2,2.953591E-4,7.157648E-5,-2.563245E-3,-5.948692E-4
2.533333E0,2.619460E-1,4.502119E-2,-5.800906E-5,8.068460E-5,-2.599578E-3,-2.675019E-3
2.566667E0,2.619305E-1,4.502639E-2,-5.939710E-5,-4.680487E-5,-9.195392E-3,-1.209590E-4
2.600000E0,2.619420E-1,4.501807E-2,-3.919868E-4,-2.777747E-5,2.100207E-3,-3.582383E-5
2.633333E0,2.619044E-1,4.502454E-2,-3.056000E-4,6.202523E-5,8.291168E-3,2.606781E-4
2.666667E0,2.619217E-1,4.502220E-2,5.035731E-4,-7.858972E-5,5.550627E-3,-8.792938E-4
2.700000E0,2.619380E-1,4.501930E-2,1.086468E-5,6.444092E-6,-5.693070E-3,1.498052E-3
2.733333E0,2.619224E-1,4.502263E-2,-6.755498E-5,5.560256E-5,-3.027730E-3,4.162373E-4
2.766667E0,2.619335E-1,4.502301E-2,3.406956E-5,8.497927E-6,1.471574E-3,5.454512E-4
2.800000E0,2.619247E-1,4.502320E-2,-1.307233E-4,8.609491E-5,2.830974E-3,1.371789E-3
2.833333E0,2.619247E-1,4.502874E-2,2.658234E-4,1.286431E-4,3.593093E-3,-1.849954E-3
2.866667E0,2.619424E-1,4.503178E-2,2.105334E-4,-4.066911E-5,-3.331068E-3,-4.524123E-3
2.900000E0,2.619388E-1,4.502603E-2,-8.779353E-5,-2.010702E-4,-2.037185E-3,2.233492E-3
2.933333E0,2.619365E-1,4.501837E-2,1.018388E-4,7.522346E-5,-2.020076E-3,2.792570E-3
2.966667E0,2.619456E-1,4.503105E-2,-1.209563E-4,1.143710E-4,-2.626405E-3,-2.524323E-3
3.000000E0,2.619285E-1,4.502600E-2,-2.474407E-4,-2.049962E-4,4.110368E-3,-3.896279E-3
3.033333E0,2.619291E-1,4.501738E-2,2.516455E-4,-1.396281E-4,5.276250E-3,4.750747E-3
3.066667E0,2.619452E-1,4.501669E-2,1.770533E-4,1.315309E-4,-4.046682E-3,6.760354E-3
3.100000E0,2.619409E-1,4.502615E-2,-1.384198E-4,3.309052E-4,-5.003799E-3,-5.716396E-4
3.133333E0,2.619360E-1,4.503875E-2,-1.185627E-4,1.216931E-4,4.981015E-3,-7.907549E-3
3.166667E0,2.619330E-1,4.503426E-2,1.657957E-4,-2.584824E-4,1.819123E-3,-1.494913E-3
3.200000E0,2.619471E-1,4.502152E-2,1.160758E-4,-2.748402E-5,-4.421358E-3,3.347952E-3
3.233333E0,2.619407E-1,4.503243E-2,-2.454998E-4,1.142878E-4,-2.794530E-3,2.674211E-3
3.266667E0,2.619307E-1,4.502914E-2,-7.434333E-5,2.192448E-5,2.459620E-3,-3.298692E-3
3.300000E0,2.619358E-1,4.503389E-2,1.096113E-5,-1.773039E-5,3.293195E-3,-1.623767E-3
3.333333E0,2.619314E-1,4.502795E-2,4.742884E-5,-1.530281E-4,-4.992851E-3,4.994198E-4
3.366667E0,2.619389E-1,4.502369E-2,-1.917238E-4,2.398646E-5,-1.520070E-3,4.540253E-3
3.400000E0,2.619186E-1,4.502955E-2,-2.493830E-4,1.877433E-4,5.824642E-3,1.527876E-3
3.433333E0,2.619223E-1,4.503621E-2,3.273584E-4,1.190677E-4,3.162380E-3,-6.351724E-5
3.466667E0,2.619405E-1,4.503749E-2,4.414844E-5,1.437452E-4,-6.257525E-3,-1.018764E-3
3.500000E0,2.619252E-1,4.504579E-2,-2.883281E-4,1.122714E-4,-2.656373E-3,-9.366376E-4
3.533333E0,2.619213E-1,4.504497E-2,-2.638069E-5,2.073946E-5,3.543259E-3,2.267334E-5
3.566667E0,2.619235E-1,4.504717E-2,-3.509027E-5,1.361966E-4,2.350114E-3,4.225173E-3
3.600000E0,2.619189E-1,4.505405E-2,5.980675E-5,3.023339E-4,4.933155E-3,-2.644446E-3
3.633333E0,2.619275E-1,4.506733E-2,3.510282E-4,2.987987E-5,-2.132652E-3,1.172660E-3
3.666667E0,2.619423E-1,4.505605E-2,-1.733830E-5,1.865694E-4,-5.292475E-3,-1.610240E-3
3.700000E0,2.619263E-1,4.507977E-2,-1.891424E-4,1.984636E-4,-1.005423E-3,2.875230E-3
3.733333E0,2.619297E-1,4.506928E-2,6.955286E-5,9.772387E-5,5.785829E-3,-4.295494E-3
3.766667E0,2.619309E-1,4.508628E-2,1.321711E-4,1.540906E-4,-3.258636E-3,-1.908747E-3
3.800000E0,2.619385E-1,4.507955E-2,-7.303200E-5,-1.916338E-4,-1.676234E-3,-4.052637E-3
3.833333E0,2.619261E-1,4.507351E-2,-1.157130E-4,-7.716134E-5,1.032070E-3,4.599012E-3
3.866667E0,2.619308E-1,4.507441E-2,1.159354E-4,1.287262E-4,2.803875E-3,7.630495E-3
3.900000E0,2.619338E-1,4.508209E-2,3.490723E-5,4.188103E-4,-1.431676E-3,-7.242164E-4
3.933333E0,2.619331E-1,4.510233E-2,4.845986E-6,1.806629E-4,-1.296087E-3,-5.795027E-3
3.966667E0,2.619341E-1,4.509413E-2,-2.815350E-5,-1.324893E-4,1.670517E-3,-3.721548E-3
4.000000E0,2.619313E-1,4.509349E-2,7.324873E-5,2.025280E-5,-1.297910E-3,5.448095E-3
4.033333E0,2.619390E-1,4.509548E-2,-2.411972E-5,2.050070E-4,8.158698E-4,4.006638E-3
4.066667E0,2.619296E-1,4.510716E-2,-7.588264E-6,3.266597E-4,-1.336877E-3,-3.687886E-3
4.100000E0,2.619385E-1,4.511726E-2,3.459093E-5,-2.197965E-5,-4.489014E-3,-2.691438E-3
4.133333E0,2.619319E-1,4.510570E-2,-3.850529E-4,7.199475E-6,-5.598779E-3,-3.890638E-3
4.166667E0,2.619128E-1,4.511774E-2,-3.862209E-4,-7.188430E-5,-6.180053E-3,4.021690E-3
4.200000E0,2.619062E-1,4.510090E-2,-6.519236E-4,2.520696E-5,2.727930E-3,2.209037E-3
4.233333E0,2.618694E-1,4.511942E-2,-4.535755E-4,3.221129E-4,-1.021200E-2,1.159085E-3
4.266667E0,2.618760E-1,4.512238E-2,-9.219660E-4,-2.386348E-5,-4.606017E-2,-6.421670E-3
4.300000E0,2.618079E-1,4.511783E-2,-3.700272E-3,-1.087889E-4,-9.650071E-2,-1.496297E-3
4.333333E0,2.616293E-1,4.511513E-2,-7.380474E-3,-9.730572E-5,-9.572039E-2,3.753438E-3
4.366667E0,2.613159E-1,4.511134E-2,-1.029476E-2,1.020615E-4,-6.691156E-2,7.251553E-3
4.400000E0,2.609430E-1,4.512193E-2,-1.172999E-2,4.334853E-4,2.734886E-2,-4.293665E-3
4.433333E0,2.605339E-1,4.514024E-2,-8.970684E-3,-9.047415E-5,7.130064E-2,-7.104419E-3
4.466667E0,2.603449E-1,4.511590E-2,-5.919862E-3,-3.008470E-4,-1.462698E-2,2.072223E-3
4.500000E0,2.601392E-1,4.512018E-2,-9.949438E-3,2.451269E-4,-1.728447E-1,5.212443E-3
4.533333E0,2.596816E-1,4.513224E-2,-1.789175E-2,6.147770E-5,-8.773425E-2,-1.184343E-3
4.566667E0,2.589464E-1,4.512428E-2,-1.714915E-2,2.595008E-5,8.494415E-2,1.084963E-2
4.600000E0,2.585383E-1,4.513397E-2,-1.048349E-2,8.266990E-4,1.509872E-1,-3.799027E-5
4.633333E0,2.582475E-1,4.517940E-2,-7.461914E-3,2.917821E-4,4.062546E-2,-1.286512E-2
4.666667E0,2.580409E-1,4.515342E-2,-7.482535E-3,-4.592729E-4,-4.911953E-2,-4.711606E-3
4.700000E0,2.577487E-1,4.514878E-2,-1.096867E-2,1.769174E-4,-9.735055E-2,6.694507E-3
4.733333E0,2.573096E-1,4.516522E-2,-1.426293E-2,8.935612E-5,-4.606411E-2,4.945824E-4
4.766667E0,2.567978E-1,4.515473E-2,-1.420126E-2,3.871268E-6,7.863395E-2,-1.011483E-3
4.800000E0,2.563629E-1,4.516547E-2,-9.099600E-3,1.895073E-4,1.218087E-1,4.965698E-3
4.833333E0,2.561912E-1,4.516737E-2,-5.121274E-3,2.272006E-4,1.826987E-2,-1.252768E-2
4.866667E0,2.560215E-1,4.518062E-2,-8.019170E-3,-4.560908E-4,-1.396622E-1,-1.264883E-4
4.900000E0,2.556566E-1,4.513696E-2,-1.473187E-2,-2.070066E-4,-9.532940E-2,5.777383E-3
4.933333E0,2.550393E-1,4.516682E-2,-1.547277E-2,4.322940E-4,-1.404961E-2,9.256852E-3
4.966667E0,2.546251E-1,4.516578E-2,-1.402916E-2,1.012559E-4,7.238313E-2,-1.395595E-3
5.000000E0,2.541041E-1,4.517357E-2,-1.205088E-2,4.170858E-4,1.001583E-1,-7.435645E-3
5.033333E0,2.538217E-1,4.519359E-2,-6.396991E-3,-2.407766E-4,1.301332E-2,-8.293733E-3
5.066667E0,2.536776E-1,4.515752E-2,-1.025443E-2,-4.873600E-4,-1.071146E-1,-2.110238E-3
5.100000E0,2.531380E-1,4.516110E-2,-1.561141E-2,-6.652087E-5,-6.949622E-2,2.036282E-2
5.133333E0,2.526368E-1,4.515308E-2,-1.402080E-2,6.135377E-4,1.519802E-2,8.272492E-3
5.166667E0,2.522033E-1,4.520200E-2,-1.421713E-2,8.430038E-4,-1.798667E-2,-1.071970E-2
5.200000E0,2.516890E-1,4.520928E-2,-1.567591E-2,-3.240077E-4,-1.725063E-3,-1.150830E-2
5.233333E0,2.511583E-1,4.518040E-2,-1.444126E-2,-9.959011E-5,1.324233E-1,5.847273E-3
5.266667E0,2.507263E-1,4.520265E-2,-7.210390E-3,4.005682E-4,1.940600E-1,1.364514E-2
5.300000E0,2.506776E-1,4.520710E-2,-2.464886E-4,5.629707E-4,-2.306876E-2,2.311268E-2
5.333333E0,2.507098E-1,4.524018E-2,-7.948723E-3,1.963415E-3,-3.872377E-1,1.738650E-2
5.366667E0,2.501477E-1,4.533800E-2,-2.729382E-2,2.062798E-3,-3.350564E-1,5.431315E-3
5.400000E0,2.488903E-1,4.537770E-2,-3.270776E-2,1.844318E-3,1.294594E-1,-1.702268E-2
5.433333E0,2.479671E-1,4.546095E-2,-1.723490E-2,1.396492E-3,3.767177E-1,-2.713513E-2
5.466667E0,2.477413E-1,4.547080E-2,-5.503246E-3,-2.891612E-4,2.420782E-1,-2.276743E-2
5.500000E0,2.476003E-1,4.544168E-2,-2.477167E-3,-2.238377E-4,3.419234E-2,1.182139E-2
5.533333E0,2.475761E-1,4.545587E-2,-2.632163E-3,7.253117E-4,-1.007495E-1,7.375402E-3
5.566667E0,2.474248E-1,4.549003E-2,-9.308250E-3,3.560770E-4,-2.684467E-1,-1.959381E-3
5.600000E0,2.469556E-1,4.547961E-2,-2.067557E-2,2.767142E-4,-1.550206E-1,-5.404152E-3
5.633333E0,2.460464E-1,4.550848E-2,-2.165076E-2,3.354536E-4,1.368207E-2,4.419957E-3
5.666667E0,2.455122E-1,4.550198E-2,-1.706540E-2,2.692959E-4,1.460831E-1,-7.349754E-3
5.700000E0,2.449087E-1,4.552643E-2,-1.364862E-2,1.388882E-4,1.647846E-1,3.891698E-4
5.733333E0,2.446023E-1,4.551123E-2,-5.225206E-3,-5.376670E-6,1.727008E-1,5.683333E-3
5.766667E0,2.445604E-1,4.552607E-2,-1.590460E-3,6.956576E-4,-7.899398E-2,1.571445E-3
5.800000E0,2.444962E-1,4.555761E-2,-9.999761E-3,2.115665E-4,-3.047172E-1,-6.554721E-3
5.833333E0,2.438937E-1,4.554018E-2,-2.340371E-2,-5.402214E-5,-1.791317E-1,-5.922227E-3
5.866667E0,2.429360E-1,4.555401E-2,-2.311301E-2,1.006300E-4,1.141207E-1,2.188991E-3
5.900000E0,2.423529E-1,4.554688E-2,-1.393742E-2,-8.353168E-5,1.410193E-1,-1.303171E-3
5.933333E0,2.420068E-1,4.554844E-2,-1.310834E-2,8.973153E-5,1.015070E-1,-2.761464E-3
5.966667E0,2.414790E-1,4.555287E-2,-9.380182E-3,-2.231053E-4,1.433771E-1,-9.484710E-3
6.000000E0,2.413815E-1,4.553357E-2,-1.516595E-3,-6.414734E-4,1.427359E-1,-5.246722E-3
6.033333E0,2.413779E-1,4.551010E-2,-3.502041E-4,-5.604179E-4,2.570387E-2,5.596864E-3
6.066667E0,2.413581E-1,4.549621E-2,-1.377246E-4,-2.432081E-4,-1.024806E-1,2.020962E-2
6.100000E0,2.413687E-1,4.549389E-2,-6.101477E-3,7.053000E-4,-4.438124E-1,2.203753E-2
6.133333E0,2.409514E-1,4.554323E-2,-2.923542E-2,1.429745E-3,-4.965992E-1,3.936890E-2
6.166667E0,2.394196E-1,4.558920E-2,-4.342810E-2,2.976611E-3,6.269632E-2,7.040681E-3
6.200000E0,2.380562E-1,4.574167E-2,-2.431614E-2,2.639093E-3,5.442354E-1,-2.765687E-2
6.233333E0,2.377986E-1,4.576514E-2,-3.387049E-3,3.958935E-4,3.888260E-1,-3.671860E-2
6.266667E0,2.378304E-1,4.576806E-2,5.359425E-4,3.429753E-4,6.091052E-2,3.968500E-5
6.300000E0,2.378343E-1,4.578801E-2,-4.300336E-5,5.259484E-4,-1.614313E-2,-2.099174E-3
6.333333E0,2.378275E-1,4.580312E-2,-4.861450E-4,1.842701E-4,3.674675E-3,-5.798117E-3
6.366667E0,2.378019E-1,4.580029E-2,3.018667E-5,5.313912E-5,-3.045578E-1,8.348753E-3
6.400000E0,2.378295E-1,4.580667E-2,-1.785269E-2,7.403009E-4,-6.201547E-1,1.105754E-2
6.433333E0,2.366117E-1,4.584965E-2,-4.548627E-2,9.727227E-4,-1.680838E-1,-6.708438E-3
6.466667E0,2.347971E-1,4.587151E-2,-3.213360E-2,1.906256E-4,5.180256E-1,-1.902357E-2
6.500000E0,2.344695E-1,4.586236E-2,-4.115753E-3,-3.696842E-4,5.206274E-1,-6.752196E-3
6.533333E0,2.345227E-1,4.584687E-2,1.092893E-3,-2.507086E-4,8.475176E-2,2.251097E-3
6.566667E0,2.345423E-1,4.584564E-2,5.758580E-4,-1.314263E-4,-3.246920E-2,6.522737E-3
6.600000E0,2.345611E-1,4.583811E-2,-8.074189E-4,8.248158E-5,-3.379279E-1,1.010705E-2
6.633333E0,2.344885E-1,4.585114E-2,-1.982196E-2,6.124082E-4,-5.999200E-1,2.438901E-3
6.666667E0,2.332396E-1,4.587893E-2,-4.462466E-2,3.354573E-4,-1.905162E-1,-5.378606E-3
6.700000E0,2.315135E-1,4.587350E-2,-3.451485E-2,4.947422E-5,4.622193E-1,-1.525868E-2
6.733333E0,2.309387E-1,4.588223E-2,-9.027520E-3,-4.484418E-4,4.717738E-1,-5.435215E-3
6.766667E0,2.309117E-1,4.584361E-2,-2.885391E-3,-6.227284E-4,1.300747E-1,-9.574699E-4
6.800000E0,2.307463E-1,4.584072E-2,-2.478079E-3,-2.362891E-4,2.731666E-2,4.644227E-3
6.833333E0,2.307465E-1,4.582786E-2,-5.001033E-5,-4.266006E-4,4.278494E-2,-6.799909E-4
6.866667E0,2.307430E-1,4.581228E-2,-1.016503E-5,-2.963256E-4,2.417044E-3,8.301494E-3
6.900000E0,2.307458E-1,4.580810E-2,1.387808E-4,1.431610E-4,2.918112E-3,4.802147E-3
6.933333E0,2.307522E-1,4.582182E-2,1.867342E-4,1.180351E-4,3.312041E-4,-3.905079E-3
6.966667E0,2.307583E-1,4.581597E-2,1.554017E-4,-2.314336E-4,-6.702772E-3,-3.688898E-3
7.000000E0,2.307626E-1,4.580639E-2,-2.172278E-4,-1.250866E-4,-3.072228E-4,2.503132E-3
7.033333E0,2.307438E-1,4.580763E-2,-3.586747E-5,-4.308120E-6,3.767241E-3,1.188324E-3
7.066667E0,2.307602E-1,4.580611E-2,2.665559E-4,-7.648792E-5,2.009185E-3,-9.229691E-5
7.100000E0,2.307615E-1,4.580253E-2,-3.148131E-5,-2.506177E-5,-5.470342E-3,-8.047971E-4
7.133333E0,2.307581E-1,4.580443E-2,-8.874968E-5,-8.235168E-5,-1.627529E-3,-3.694272E-4
7.166667E0,2.307556E-1,4.579704E-2,-1.188524E-4,-1.163394E-4,1.670859E-3,-2.429210E-5
7.200000E0,2.307502E-1,4.579668E-2,-1.390238E-5,-3.103487E-5,1.491213E-3,3.768252E-3
7.233333E0,2.307547E-1,4.579497E-2,4.322949E-5,9.339374E-5,3.508777E-3,-9.823795E-4
7.266667E0,2.307530E-1,4.580290E-2,1.442477E-4,-1.604444E-5,-1.501268E-3,3.493953E-4
7.300000E0,2.307643E-1,4.579390E-2,5.269321E-5,-1.323986E-5,-1.594428E-3,1.280223E-3
7.333333E0,2.307566E-1,4.580202E-2,-9.157549E-5,1.870525E-4,-4.161210E-4,1.820256E-3
7.366667E0,2.307582E-1,4.580637E-2,9.910006E-5,6.467061E-5,2.046505E-5,-5.078974E-3
7.400000E0,2.307632E-1,4.580633E-2,-6.572449E-5,-1.421408E-4,-1.146697E-2,-3.536505E-3
7.433333E0,2.307538E-1,4.579690E-2,-6.768760E-4,-2.121113E-4,-4.967044E-3,4.766192E-3
7.466667E0,2.307180E-1,4.579219E-2,-5.539750E-4,1.713877E-4,2.651743E-3,1.108970E-2
7.500000E0,2.307169E-1,4.580832E-2,-2.622342E-4,5.910365E-4,7.182346E-3,4.388355E-3
7.533333E0,2.307006E-1,4.583160E-2,-2.490912E-4,4.809505E-4,-3.995176E-3,5.876696E-3
7.566667E0,2.307003E-1,4.584039E-2,-3.746283E-4,8.252253E-4,2.832831E-3,1.377879E-2
7.600000E0,2.306756E-1,4.588661E-2,-2.672691E-4,1.565469E-3,-7.754248E-3,4.501607E-2
7.633333E0,2.306825E-1,4.594475E-2,-5.898534E-4,3.540529E-3,-3.363497E-2,2.741039E-2
7.666667E0,2.306363E-1,4.612265E-2,-2.627707E-3,4.062572E-3,-4.659593E-2,-9.890303E-4
7.700000E0,2.305073E-1,4.621559E-2,-3.928478E-3,2.845693E-3,3.721594E-3,-2.243936E-2
7.733333E0,2.303744E-1,4.631236E-2,-2.440471E-3,2.782312E-3,4.581182E-2,-1.446460E-2
7.766667E0,2.303446E-1,4.640108E-2,-4.822618E-4,1.941532E-3,3.432779E-2,-3.071900E-2
7.800000E0,2.303422E-1,4.644179E-2,-2.327723E-4,6.303732E-4,1.191036E-2,-2.607382E-2
7.833333E0,2.303291E-1,4.644310E-2,1.320099E-4,1.249768E-4,1.203628E-2,-1.025014E-2
7.866667E0,2.303510E-1,4.645013E-2,7.322345E-4,7.533283E-5,5.827637E-3,-1.172106E-3
7.900000E0,2.303779E-1,4.644812E-2,5.091771E-4,-1.110231E-5,-5.406591E-3,1.645317E-3
7.933333E0,2.303850E-1,4.644939E-2,2.680996E-4,1.957984E-4,-3.886018E-3,1.188791E-3
7.966667E0,2.303958E-1,4.646118E-2,3.107044E-4,1.372055E-4,-3.733839E-3,-1.880371E-4
8.000000E0,2.304057E-1,4.645853E-2,4.338304E-5,7.657145E-5,-1.087256E-2,-1.640899E-3
8.033333E0,2.303987E-1,4.646628E-2,-4.502794E-4,1.194274E-4,8.854879E-4,-5.823543E-3
8.066667E0,2.303756E-1,4.646649E-2,-2.504337E-5,-3.196483E-4,1.169696E-2,-5.457346E-3
8.100000E0,2.303970E-1,4.644497E-2,5.647413E-4,-3.619426E-4,3.160684E-3,1.516504E-3
8.133333E0,2.304133E-1,4.644236E-2,1.215243E-4,-8.930795E-5,-7.910477E-3,3.882225E-3
8.166667E0,2.304051E-1,4.643902E-2,-8.050615E-5,-1.410398E-4,-3.815813E-3,1.313668E-3
8.200000E0,2.304079E-1,4.643296E-2,-1.827707E-5,-3.298290E-5,-3.003326E-4,1.839119E-3
8.233333E0,2.304039E-1,4.643682E-2,-1.496988E-4,4.057614E-5,1.362904E-3,1.282155E-3
8.266667E0,2.303979E-1,4.643567E-2,4.718801E-5,4.254938E-6,8.296011E-3,-2.779573E-3
8.300000E0,2.304070E-1,4.643710E-2,4.467163E-4,-1.021717E-4,-5.782635E-3,5.184434E-3
8.333333E0,2.304277E-1,4.642886E-2,-2.028493E-4,2.340730E-4,-7.025382E-3,3.771640E-3
8.366667E0,2.303935E-1,4.645271E-2,-3.751635E-4,3.585702E-4,-5.558553E-3,-1.938504E-3
8.400000E0,2.304027E-1,4.645276E-2,-2.011895E-4,-5.748738E-5,1.105726E-2,-7.364813E-3
8.433333E0,2.303801E-1,4.644887E-2,3.092168E-5,-1.005917E-4,7.746632E-3,-2.096560E-3
8.466667E0,2.304048E-1,4.644605E-2,6.056747E-4,-1.717911E-4,5.594390E-3,1.717319E-3
8.500000E0,2.304205E-1,4.643742E-2,2.896603E-4,-4.401005E-5,-9.311858E-3,3.439943E-3
8.533333E0,2.304241E-1,4.644312E-2,-2.792343E-5,1.363581E-4,-5.316042E-3,-5.165325E-4
8.566667E0,2.304186E-1,4.644651E-2,-8.882761E-5,-9.144286E-5,-3.948778E-3,-2.120400E-3
8.600000E0,2.304182E-1,4.643702E-2,-2.203354E-4,-8.393059E-5,2.497015E-3,2.286421E-3
8.633333E0,2.304039E-1,4.644092E-2,-4.685568E-5,1.422866E-4,4.351926E-3,9.909513E-4
8.666667E0,2.304150E-1,4.644651E-2,2.239541E-4,-1.337138E-5,1.004181E-3,-1.488403E-3
8.700000E0,2.304188E-1,4.644003E-2,-4.330074E-5,-3.511960E-5,-6.165539E-3,-3.978078E-4
8.733333E0,2.304122E-1,4.644417E-2,-2.143075E-4,4.313176E-5,-9.896446E-4,1.364126E-3
8.766667E0,2.304046E-1,4.644290E-2,-1.079283E-4,3.871509E-6,7.350759E-3,-2.136229E-4
8.800000E0,2.304050E-1,4.644443E-2,2.745746E-4,5.162322E-5,2.115712E-4,2.597920E-3
8.833333E0,2.304229E-1,4.644634E-2,3.557697E-5,1.583399E-4,-4.167716E-3,-2.507519E-3
8.866667E0,2.304073E-1,4.645498E-2,-2.192045E-4,-4.421344E-5,2.395288E-3,-6.659720E-3
8.900000E0,2.304082E-1,4.644339E-2,2.985738E-4,-3.818557E-4,3.804552E-3,6.353814E-4
8.933333E0,2.304272E-1,4.642953E-2,1.383451E-4,-2.425868E-5,-3.840711E-3,6.893810E-3
8.966667E0,2.304175E-1,4.644178E-2,-1.411995E-4,2.161909E-4,-7.393544E-3,1.644816E-3
9.000000E0,2.304178E-1,4.644394E-2,-2.169854E-4,-3.993977E-6,-7.270944E-5,-4.997936E-3
9.033333E0,2.304030E-1,4.644151E-2,-2.592933E-4,-1.097649E-4,4.200582E-3,-1.015427E-4
9.066667E0,2.304005E-1,4.643662E-2,1.207470E-4,-2.839322E-5,4.816259E-3,5.003401E-3
9.100000E0,2.304111E-1,4.643962E-2,1.189768E-4,2.412619E-4,-4.546877E-5,3.540583E-3
9.133333E0,2.304085E-1,4.645270E-2,1.988787E-5,2.538066E-4,-5.567386E-3,-4.991348E-3
9.166667E0,2.304124E-1,4.645654E-2,-1.571251E-4,-1.192935E-4,1.529128E-5,-5.425198E-3
9.200000E0,2.303980E-1,4.644475E-2,-1.163889E-4,-1.798199E-4,7.161409E-4,4.831022E-5
9.233333E0,2.304046E-1,4.644455E-2,4.218666E-5,-2.958201E-5,-3.572136E-4,2.431142E-3
9.266667E0,2.304008E-1,4.644278E-2,-2.154755E-4,-4.977770E-5,2.766061E-3,1.042125E-3
9.300000E0,2.303903E-1,4.644123E-2,1.529583E-4,3.288522E-5,9.601357E-3,-2.717647E-4
9.333333E0,2.304110E-1,4.644497E-2,5.794025E-4,-2.597577E-5,-4.722544E-3,5.665956E-3
9.366667E0,2.304289E-1,4.643950E-2,-1.441002E-4,2.943140E-4,-8.364486E-3,-3.970164E-3
9.400000E0,2.304014E-1,4.646459E-2,-2.487005E-4,-2.833844E-5,-6.946515E-2,3.950705E-3
9.433333E0,2.304123E-1,4.643761E-2,-3.908359E-3,1.342153E-4,-6.074331E-1,3.917809E-2
9.466667E0,2.301408E-1,4.647354E-2,-3.780000E-2,2.728884E-3,-7.258550E-1,6.213888E-2
9.500000E0,2.278923E-1,4.661954E-2,-6.107802E-2,4.584484E-3,-1.174864E-1,-6.062875E-3
9.533333E0,2.260690E-1,4.677917E-2,-4.146427E-2,2.477515E-3,4.318197E-1,-4.056572E-2
9.566667E0,2.251280E-1,4.678470E-2,-2.927077E-2,1.062367E-3,3.613406E-1,-3.411578E-2
9.600000E0,2.241176E-1,4.685000E-2,-2.090708E-2,9.356374E-4,2.666199E-1,-1.425446E-2
9.633333E0,2.237342E-1,4.684708E-2,-9.015077E-3,-2.807175E-4,2.565866E-1,-2.051455E-2
9.666667E0,2.235166E-1,4.683128E-2,-4.696390E-3,-3.576481E-4,8.020915E-2,2.937352E-3
9.700000E0,2.234211E-1,4.682324E-2,-3.420006E-3,-5.123376E-5,-3.237674E-1,8.612878E-3
9.733333E0,2.232886E-1,4.682787E-2,-2.386084E-2,2.398387E-4,-7.329050E-1,1.194067E-2
9.766667E0,2.218304E-1,4.683923E-2,-5.611520E-2,6.957727E-4,-6.407819E-1,4.984291E-3
9.800000E0,2.195476E-1,4.687425E-2,-6.742456E-2,7.080887E-4,-6.987015E-2,1.920121E-2
9.833333E0,2.173354E-1,4.688643E-2,-5.966086E-2,1.644502E-3,2.622910E-1,2.776578E-2
9.866667E0,2.155702E-1,4.698389E-2,-4.877251E-2,2.967308E-3,2.743168E-1,4.486574E-3
9.900000E0,2.140839E-1,4.708425E-2,-4.156662E-2,1.928073E-3,2.940309E-1,-1.746277E-2
9.933333E0,2.127991E-1,4.711242E-2,-3.011019E-2,1.407174E-3,4.528522E-1,-2.405714E-2
9.966667E0,2.120766E-1,4.717806E-2,-1.093254E-2,8.057626E-4,4.377323E-1,-2.183811E-2
1.000000E1,2.120702E-1,4.716614E-2,7.953213E-4,-4.484437E-4,1.049126E-1,-1.187455E-2
1.003333E1,2.121296E-1,4.714817E-2,-4.319831E-3,6.770561E-5,-1.074050E-1,-1.672950E-3
1.006667E1,2.117822E-1,4.717066E-2,-8.520350E-3,-2.425827E-4,-8.498632E-3,-3.001011E-3
1.010000E1,2.115616E-1,4.713200E-2,-3.865462E-3,-5.659473E-4,1.167187E-1,1.236552E-3
1.013333E1,2.115246E-1,4.713293E-2,-3.344364E-4,1.264611E-4,-7.183498E-2,5.018077E-3
1.016667E1,2.115393E-1,4.714043E-2,-7.667644E-3,-2.239335E-4,-5.685994E-1,-2.786659E-3
1.020000E1,2.110134E-1,4.711800E-2,-3.755753E-2,-2.605839E-4,-8.804046E-1,5.215337E-3
1.023333E1,2.090354E-1,4.712305E-2,-6.991472E-2,2.864592E-4,-5.016756E-1,7.695576E-3
1.026667E1,2.063524E-1,4.713709E-2,-7.211039E-2,2.556815E-4,1.129834E-1,8.921743E-3
1.030000E1,2.042281E-1,4.714010E-2,-5.913341E-2,7.241485E-4,1.574590E-1,-4.410898E-3
1.033333E1,2.024102E-1,4.718537E-2,-6.062741E-2,3.153583E-4,1.089076E-1,-1.335277E-2
1.036667E1,2.001863E-1,4.716112E-2,-5.582534E-2,-5.761376E-4,8.353504E-2,-1.734957E-2
1.040000E1,1.986885E-1,4.714696E-2,-5.030863E-2,-6.210736E-4,-1.244393E-1,8.412005E-3
1.043333E1,1.968324E-1,4.711972E-2,-6.577185E-2,-1.835317E-4,-4.461231E-1,5.647290E-3
1.046667E1,1.943037E-1,4.713473E-2,-8.137654E-2,2.521696E-5,-1.819456E-1,1.087802E-2
1.050000E1,1.914072E-1,4.712140E-2,-7.914362E-2,2.385287E-4,5.639249E-2,-6.151945E-4
1.053333E1,1.890274E-1,4.715063E-2,-7.421224E-2,3.084775E-4,1.623021E-2,1.952790E-3
1.056667E1,1.864598E-1,4.714197E-2,-7.960590E-2,6.826897E-5,-1.353287E-2,-2.074761E-2
1.060000E1,1.837204E-1,4.715518E-2,-7.628945E-2,-7.377315E-4,-2.457003E-2,-1.742103E-2
1.063333E1,1.813738E-1,4.709278E-2,-7.809314E-2,-1.515026E-3,-2.817088E-1,-1.635162E-2
1.066667E1,1.785142E-1,4.705418E-2,-9.657032E-2,-1.513155E-3,-2.198267E-1,-2.119323E-2
1.070000E1,1.749358E-1,4.699191E-2,-9.630709E-2,-2.928783E-3,9.093950E-2,-1.425286E-2
1.073333E1,1.720937E-1,4.685892E-2,-8.574317E-2,-2.874900E-3,7.269917E-2,2.727427E-2
1.076667E1,1.692196E-1,4.680025E-2,-9.230669E-2,-7.805140E-4,-6.662890E-2,3.519891E-2
1.080000E1,1.659399E-1,4.680689E-2,-9.267123E-2,-3.317076E-4,4.331293E-2,1.031660E-2
1.083333E1,1.630415E-1,4.677813E-2,-8.692100E-2,-4.442320E-4,1.162123E-1,-1.962251E-3
1.086667E1,1.601452E-1,4.677728E-2,-8.587617E-2,-2.369147E-4,9.752747E-2,8.191046E-3
1.090000E1,1.573164E-1,4.676234E-2,-8.072550E-2,-7.201991E-5,1.825663E-1,5.996019E-3
1.093333E1,1.547635E-1,4.677247E-2,-7.315754E-2,3.008994E-4,1.668231E-1,1.251518E-3
1.096667E1,1.524392E-1,4.678240E-2,-6.927910E-2,-6.013674E-7,1.644472E-1,-3.431608E-2
1.100000E1,1.501449E-1,4.677243E-2,-6.334061E-2,-1.850036E-3,1.293571E-1,-3.375270E-2
1.103333E1,1.482165E-1,4.665906E-2,-5.898819E-2,-2.745062E-3,8.633021E-2,-5.750587E-2
1.106667E1,1.462123E-1,4.658943E-2,-5.887355E-2,-4.876505E-3,3.284074E-1,2.181147E-2
1.110000E1,1.442916E-1,4.633396E-2,-3.920491E-2,-2.866488E-3,5.119920E-1,5.061740E-2
1.113333E1,1.435987E-1,4.639833E-2,-1.979922E-2,4.749467E-4,1.574883E-1,4.850515E-2
1.116667E1,1.429717E-1,4.636563E-2,-2.952337E-2,-7.650732E-4,-2.972927E-1,-2.231104E-2
1.120000E1,1.416305E-1,4.634733E-2,-4.249809E-2,-7.184880E-4,-1.505394E-1,-4.741074E-3
1.123333E1,1.401385E-1,4.631773E-2,-3.943540E-2,-1.126386E-3,3.943901E-2,4.978299E-3
1.126667E1,1.390014E-1,4.627223E-2,-3.753557E-2,-5.472861E-4,5.234795E-2,1.057319E-2
1.130000E1,1.376361E-1,4.628124E-2,-3.809376E-2,-1.008679E-4,3.915681E-2,1.020126E-2
1.133333E1,1.364618E-1,4.626551E-2,-3.381853E-2,-1.377521E-4,9.265520E-2,8.002095E-3
1.136667E1,1.353815E-1,4.627206E-2,-3.198416E-2,5.330186E-4,4.868765E-2,5.391522E-3
1.140000E1,1.343296E-1,4.630104E-2,-3.076595E-2,3.450411E-4,3.910127E-2,-5.522055E-3
1.143333E1,1.333305E-1,4.629506E-2,-2.930661E-2,-5.137779E-5,-6.947635E-3,-1.758471E-2
1.146667E1,1.323758E-1,4.629762E-2,-3.083819E-2,-6.166664E-4,-5.516807E-2,3.168329E-3
1.150000E1,1.312746E-1,4.625395E-2,-3.362357E-2,-2.132700E-4,3.253222E-2,3.919824E-3
1.153333E1,1.301342E-1,4.628340E-2,-2.923435E-2,1.603996E-4,3.367590E-2,1.674062E-2
1.156667E1,1.293256E-1,4.626464E-2,-2.917067E-2,4.016913E-4,-6.093744E-2,-8.700348E-3
1.160000E1,1.281895E-1,4.631018E-2,-3.524567E-2,1.351000E-4,-2.205126E-2,-1.684139E-2
1.163333E1,1.269759E-1,4.627365E-2,-3.103785E-2,-1.196240E-3,1.528598E-1,-2.373682E-3
1.166667E1,1.261203E-1,4.623043E-2,-2.364408E-2,-5.351828E-5,2.281831E-1,2.378245E-2
1.170000E1,1.253997E-1,4.627008E-2,-1.671506E-2,8.125841E-4,4.883268E-2,1.550141E-3
1.173333E1,1.250060E-1,4.628460E-2,-1.834311E-2,-1.515563E-4,-1.881656E-1,-2.034800E-2
1.176667E1,1.241768E-1,4.625998E-2,-3.095780E-2,-6.679896E-4,-1.567611E-1,6.194895E-3
1.180000E1,1.229421E-1,4.624007E-2,-3.052843E-2,2.452032E-4,1.410725E-1,6.062794E-3
1.183333E1,1.221416E-1,4.627632E-2,-1.947296E-2,1.068791E-4,2.067302E-1,5.222770E-4
1.186667E1,1.216439E-1,4.624719E-2,-1.619705E-2,-2.146984E-4,2.072135E-2,-5.196641E-4
1.190000E1,1.210617E-1,4.626201E-2,-1.889838E-2,4.061444E-4,-5.150668E-2,6.918896E-3
1.193333E1,1.203840E-1,4.627427E-2,-1.991810E-2,1.697463E-4,2.404915E-2,-2.523222E-3
1.196667E1,1.197339E-1,4.627333E-2,-1.728887E-2,1.599149E-4,3.894329E-2,1.209030E-3
1.200000E1,1.192314E-1,4.628493E-2,-1.653844E-2,3.343989E-4,-2.084178E-2,-6.933270E-4
1.203333E1,1.186313E-1,4.629562E-2,-1.923740E-2,1.125870E-4,-1.119062E-2,-5.760034E-3
1.206667E1,1.179490E-1,4.629244E-2,-1.780795E-2,-1.056252E-4,6.700381E-2,3.096382E-3
1.210000E1,1.174441E-1,4.628858E-2,-1.399739E-2,2.881253E-4,1.035516E-1,3.938077E-3
1.213333E1,1.170158E-1,4.631165E-2,-1.119361E-2,3.260552E-4,7.661292E-2,-4.962672E-3
1.216667E1,1.166979E-1,4.631032E-2,-8.700241E-3,-1.843582E-4,5.366821E-2,-9.463314E-3
1.220000E1,1.164358E-1,4.629936E-2,-7.644346E-3,-2.981838E-4,3.710145E-2,1.372211E-2
1.223333E1,1.161883E-1,4.629044E-2,-6.426662E-3,6.313980E-4,6.517936E-2,1.641664E-2
1.226667E1,1.160073E-1,4.634145E-2,-3.342702E-3,1.108945E-3,8.902672E-2,-9.405962E-3
1.230000E1,1.159654E-1,4.636437E-2,-1.909711E-4,-1.280011E-4,5.945847E-2,-1.475981E-2
1.233333E1,1.159946E-1,4.633292E-2,6.591081E-4,-1.597994E-4,1.318582E-2,1.259093E-3
1.236667E1,1.160093E-1,4.635371E-2,4.698418E-4,3.373017E-4,-4.807654E-3,7.225143E-3
1.240000E1,1.160259E-1,4.635540E-2,3.923883E-4,1.183621E-4,-3.071580E-3,-5.241194E-3
1.243333E1,1.160355E-1,4.636160E-2,2.382128E-4,6.540086E-5,-3.618435E-3,-6.533831E-4
1.246667E1,1.160418E-1,4.635976E-2,1.566786E-4,1.993203E-5,-2.431216E-3,-1.654291E-3
1.250000E1,1.160460E-1,4.636293E-2,8.025906E-5,6.482185E-6,-1.428574E-3,-3.894280E-4
1.253333E1,1.160472E-1,4.636019E-2,5.126820E-5,-4.709115E-5,9.133651E-4,5.872838E-4
1.256667E1,1.160494E-1,4.635979E-2,1.411202E-4,5.826029E-5,1.280315E-3,5.969514E-4
1.260000E1,1.160566E-1,4.636408E-2,1.632977E-4,2.288685E-5,-3.528403E-3,2.186604E-4
1.263333E1,1.160603E-1,4.636132E-2,-9.095901E-5,1.817292E-5,-2.472251E-3,1.446395E-3
1.266667E1,1.160505E-1,4.636529E-2,-8.178956E-5,1.577455E-4,4.230203E-3,7.712551E-4
1.270000E1,1.160548E-1,4.637184E-2,2.612602E-4,8.246349E-5,1.847539E-3,-1.303623E-3
1.273333E1,1.160679E-1,4.637079E-2,9.205105E-5,2.475911E-5,-5.532613E-3,-1.083497E-3
1.276667E1,1.160609E-1,4.637349E-2,-2.121476E-4,4.734895E-5,-3.246073E-3,3.727788E-3
1.280000E1,1.160538E-1,4.637394E-2,-9.873048E-5,2.254188E-4,4.479903E-3,-8.260082E-4
1.283333E1,1.160544E-1,4.638851E-2,1.073159E-4,1.049946E-4,5.569261E-3,-5.077038E-3
1.286667E1,1.160609E-1,4.638094E-2,2.710305E-4,-2.367833E-4,-1.400986E-3,-3.363756E-3
1.290000E1,1.160724E-1,4.637273E-2,6.256164E-5,-9.607186E-5,-4.694020E-3,4.828564E-3
1.293333E1,1.160651E-1,4.637454E-2,-1.439917E-4,1.200860E-4,-5.922998E-4,4.833000E-3
1.296667E1,1.160628E-1,4.638073E-2,6.593847E-5,2.187289E-4,-4.550467E-4,6.355478E-4
1.300000E1,1.160695E-1,4.638912E-2,-1.034987E-4,1.736053E-4,-1.262939E-3,-5.653736E-4
1.303333E1,1.160559E-1,4.639231E-2,-1.594890E-4,1.467413E-4,-9.545182E-5,-1.960434E-3
1.306667E1,1.160589E-1,4.639890E-2,1.469415E-5,8.482211E-5,3.568791E-3,-4.006909E-3
1.310000E1,1.160569E-1,4.639796E-2,1.202123E-5,-1.435301E-4,-7.500629E-4,-4.363983E-3
1.313333E1,1.160597E-1,4.638934E-2,6.273282E-6,-2.273846E-4,3.968606E-3,-4.210694E-4
1.316667E1,1.160573E-1,4.638280E-2,2.053165E-4,-1.523787E-4,-1.882550E-3,5.127752E-3
1.320000E1,1.160734E-1,4.637918E-2,3.418625E-5,9.352339E-5,-3.511149E-3,8.493311E-4
1.323333E1,1.160596E-1,4.638904E-2,-2.227940E-4,-1.672504E-6,-4.754602E-3,2.684785E-3
1.326667E1,1.160585E-1,4.637907E-2,-1.483622E-4,1.013760E-4,6.063157E-3,9.444677E-4
1.330000E1,1.160497E-1,4.639580E-2,7.330268E-5,2.537055E-4,3.639583E-3,-1.514246E-3
1.333333E1,1.160634E-1,4.639598E-2,2.323666E-4,-1.110743E-4,6.404251E-4,-6.934661E-3
1.336667E1,1.160652E-1,4.638839E-2,2.177292E-5,-2.090870E-4,-7.005186E-3,3.645712E-3
1.340000E1,1.160648E-1,4.638204E-2,-1.926782E-4,1.108565E-4,-2.406810E-3,5.722437E-3
1.343333E1,1.160524E-1,4.639578E-2,-2.094409E-4,2.754293E-4,3.393615E-3,1.134397E-3
1.346667E1,1.160509E-1,4.640040E-2,8.771789E-5,1.086086E-4,3.804621E-3,-6.172587E-3
1.350000E1,1.160582E-1,4.640302E-2,7.863952E-5,-9.962761E-5,3.650333E-5,-9.591472E-3
1.353333E1,1.160561E-1,4.639376E-2,1.916389E-5,-5.400228E-4,-2.665814E-3,-7.779073E-5
1.356667E1,1.160595E-1,4.636702E-2,-3.592077E-5,-2.352342E-4,8.005775E-5,9.917859E-3
1.360000E1,1.160537E-1,4.637808E-2,-4.465395E-5,3.219821E-4,-1.546019E-3,8.120416E-3
1.363333E1,1.160565E-1,4.638849E-2,-6.198392E-5,2.336018E-4,9.654730E-4,-3.392224E-3
1.366667E1,1.160496E-1,4.639365E-2,-6.112097E-5,8.476714E-5,-3.727438E-5,-4.541832E-3
1.370000E1,1.160524E-1,4.639414E-2,9.059488E-6,-6.642051E-5,1.838173E-3,-3.204496E-4
1.373333E1,1.160502E-1,4.638922E-2,7.978292E-6,2.556256E-5,1.711860E-3,9.799578E-4
1.376667E1,1.160530E-1,4.639584E-2,1.465049E-4,7.724692E-5,2.062468E-3,-3.450105E-3
1.380000E1,1.160600E-1,4.639437E-2,1.599653E-4,-2.363546E-4,4.207798E-4,-1.120347E-3
1.383333E1,1.160636E-1,4.638008E-2,1.461042E-4,-8.424637E-5,-2.013223E-3,4.161026E-3
1.386667E1,1.160697E-1,4.638876E-2,6.054298E-5,1.785658E-4,-5.503739E-4,2.613569E-3
1.390000E1,1.160677E-1,4.639199E-2,5.320279E-5,2.742405E-5,-3.913140E-3,-2.759891E-3
1.393333E1,1.160732E-1,4.639058E-2,-1.105973E-4,-1.721096E-5,-3.649001E-3,-2.774310E-4
1.396667E1,1.160603E-1,4.639084E-2,-2.986818E-4,2.370614E-5,8.958723E-4,1.648315E-3
1.400000E1,1.160533E-1,4.639217E-2,-1.335412E-5,8.693373E-5,6.006966E-3,-2.196791E-3
1.403333E1,1.160594E-1,4.639664E-2,1.494044E-4,-8.081918E-5,6.721753E-4,-1.108698E-3
1.406667E1,1.160633E-1,4.638678E-2,9.555496E-6,-8.523758E-5,-1.274473E-3,1.076695E-3
1.410000E1,1.160600E-1,4.639096E-2,2.143628E-5,8.727607E-5,1.108935E-3,1.127638E-3
1.413333E1,1.160647E-1,4.639260E-2,1.338076E-4,-3.848994E-5,-7.307244E-4,-1.763571E-3
1.416667E1,1.160690E-1,4.638839E-2,-2.456790E-5,-5.945064E-5,-4.729100E-3,2.156037E-3
1.420000E1,1.160631E-1,4.638863E-2,-2.178657E-4,1.206503E-4,-1.656341E-3,9.893050E-4
1.423333E1,1.160544E-1,4.639643E-2,-1.420276E-4,5.493788E-5,3.233778E-3,-2.946656E-3
1.426667E1,1.160536E-1,4.639229E-2,2.953013E-5,-1.407732E-4,4.142829E-3,-1.665960E-3
1.430000E1,1.160564E-1,4.638705E-2,1.266574E-4,-5.056341E-5,8.478829E-5,1.383235E-3
1.433333E1,1.160621E-1,4.638892E-2,5.601976E-5,-6.659314E-6,-2.790284E-3,1.229174E-3
1.436667E1,1.160601E-1,4.638660E-2,-9.297163E-5,-1.033474E-5,1.033192E-3,3.821858E-4
1.440000E1,1.160559E-1,4.638823E-2,9.865606E-5,4.527029E-5,9.272674E-4,2.391424E-3
1.443333E1,1.160667E-1,4.638962E-2,7.456602E-5,1.273321E-4,-5.236340E-4,-2.686915E-3
1.446667E1,1.160608E-1,4.639672E-2,-5.738133E-5,-6.860262E-5,-2.645522E-3,-1.045148E-3
1.450000E1,1.160629E-1,4.638505E-2,-2.023771E-5,-7.446604E-5,-8.507927E-4,7.391419E-4
1.453333E1,1.160595E-1,4.639176E-2,-1.479575E-4,1.124134E-4,2.313959E-3,7.383986E-4
1.456667E1,1.160530E-1,4.639254E-2,9.182996E-5,-7.585250E-5,-1.230755E-3,-3.459668E-4
1.460000E1,1.160656E-1,4.638670E-2,-7.694448E-5,4.255877E-5,-2.762737E-4,8.853308E-4
1.463333E1,1.160479E-1,4.639538E-2,-1.514803E-4,8.467069E-5,9.017211E-4,-7.093734E-4
1.466667E1,1.160555E-1,4.639235E-2,1.655823E-4,-8.664428E-5,5.454189E-3,-2.679294E-3
1.470000E1,1.160589E-1,4.638960E-2,1.352857E-4,-6.945604E-5,4.233798E-4,-7.401196E-4
1.473333E1,1.160645E-1,4.638772E-2,2.065262E-4,-1.233892E-4,,
1.476667E1,1.160727E-1,4.638138E-2,,,,
