	mass A						
t	x	y	vx	vy	ax	ay	
0.000	244.6	36.62				
0.033	244.6	36.60	-3.726E-3	-0.246		
0.067	244.6	36.61	-0.136	0.189	2.033	8.022
0.100	244.6	36.62	4.086E-2	0.284	2.400	-0.587
0.133	244.6	36.63	0.167	0.140	1.174	-4.198
0.167	244.6	36.63	9.864E-3	-1.811E-2	-2.874	-1.752
0.200	244.6	36.62	2.005E-2	1.596E-2	0.364	-0.779
0.233	244.6	36.63	1.506E-2	-2.459E-2	-0.578	0.715
0.267	244.6	36.62	-1.504E-4	-1.577E-3	-1.587	1.259
0.300	244.6	36.63	-9.866E-2	0.120	-2.033	0.404
0.333	244.6	36.63	-0.147	1.186E-2	1.197	-2.091
0.367	244.6	36.63	-2.482E-2	-4.605E-2	2.029	-1.898
0.400	244.6	36.63	2.848E-2	-8.406E-2	-1.347	0.904
0.433	244.6	36.62	-0.134	-2.712E-2	0.568	1.089
0.467	244.6	36.63	1.087E-2	4.175E-2	2.793	0.283
0.500	244.6	36.62	0.152	-3.841E-2	2.213	-2.714
0.533	244.6	36.62	8.759E-2	-0.129	-0.474	-2.057
0.567	244.6	36.62	0.145	-0.191	-0.519	-0.830
0.600	244.6	36.61	6.580E-2	-0.176	-4.521	1.462
0.633	244.6	36.60	-0.167	-9.985E-2	-2.345	2.851
0.667	244.6	36.60	-0.140	2.237E-2	3.208	3.381
0.700	244.6	36.61	0.102	0.127	5.621	1.647
0.733	244.6	36.61	0.227	0.141	-0.649	-1.061
0.767	244.7	36.62	8.815E-2	4.937E-2	-4.287	-1.648
0.800	244.6	36.62	-0.116	1.470E-2	-4.629	-1.138
0.833	244.6	36.62	-0.191	-4.015E-3	0.330	-2.280
0.867	244.6	36.61	-0.125	-0.141	3.403	-0.215
0.900	244.6	36.61	6.882E-2	-6.251E-2	3.669	2.326
0.933	244.6	36.61	0.125	8.005E-2	-0.721	4.207
0.967	244.6	36.61	1.879E-2	0.169	1.932	2.198
1.000	244.6	36.62	0.192	0.267	2.655	4.250
1.033	244.7	36.63	0.305	0.407	1.671	-3.620E-3
1.067	244.7	36.65	0.215	0.346	-1.438	3.464E-2
1.100	244.7	36.65	0.251	0.299	0.767	1.695
1.133	244.7	36.67	0.248	0.532	0.964	-1.766
1.167	244.7	36.69	0.317	0.226	-0.269	-3.196
1.200	244.7	36.68	0.257	0.163	-1.549	-1.768
1.233	244.7	36.70	0.172	0.274	-4.792	-0.200
1.267	244.7	36.70	-9.969E-3	5.520E-2	-4.798	0.306
1.300	244.7	36.70	-0.211	0.278	-26.25	1.668
1.333	244.7	36.72	-1.539	0.278	-49.23	-3.708
1.367	244.6	36.72	-3.750	-6.350E-2	-76.57	-5.905
1.400	244.4	36.72	-6.444	-0.112	-103.5	-3.510
1.433	244.2	36.71	-10.69	-0.247	-109.3	0.800
1.467	243.7	36.70	-14.03	-0.154	-42.70	4.191
1.500	243.2	36.70	-13.64	0.132	11.23	2.459
1.533	242.8	36.71	-12.73	-2.588E-3	-6.313	-5.520
1.567	242.4	36.70	-14.20	-0.265	-4.909	-2.008
1.600	241.9	36.69	-13.55	-0.175	36.26	2.345
1.633	241.5	36.69	-11.22	-2.762E-2	41.23	1.660
1.667	241.1	36.69	-10.85	-0.105	-12.67	-1.573
1.700	240.8	36.69	-12.08	-0.132	-88.02	0.473
1.733	240.3	36.68	-16.48	-7.854E-2	-139.8	0.782
1.767	239.7	36.68	-21.93	-5.850E-2	-52.82	7.202
1.800	238.9	36.68	-20.58	0.324	182.6	-4.210
1.833	238.3	36.70	-9.587	-9.530E-2	251.1	-4.164
1.867	238.2	36.67	-2.135	-0.337	64.24	-1.501
1.900	238.1	36.68	-5.917	0.115	-222.2	2.917
1.933	237.8	36.68	-16.91	-0.239	-114.8	-5.310
1.967	237.0	36.66	-16.30	-0.300	5.115	5.072
2.000	236.7	36.66	-12.62	0.132	-272.7	-3.079
2.033	236.2	36.67	-34.35	-0.338	-459.0	-11.64
2.067	234.5	36.64	-48.12	-0.924	63.71	-4.688
2.100	233.0	36.61	-28.80	-0.528	491.6	8.397
2.133	232.5	36.60	-11.62	-0.320	283.0	2.247
2.167	232.2	36.59	-11.53	-0.407	-108.9	0.315
2.200	231.8	36.57	-18.70	-0.335	-210.9	0.952
2.233	230.9	36.57	-26.69	-0.282	-85.11	2.727
2.267	230.0	36.55	-24.79	-0.219	131.1	2.206
2.300	229.3	36.55	-16.96	-7.873E-2	131.6	3.708
2.333	228.9	36.55	-15.28	-7.068E-3	-92.87	2.639
2.367	228.3	36.55	-23.38	0.115	-233.4	1.602
2.400	227.3	36.56	-31.95	0.107	-105.3	-9.219
2.433	226.1	36.56	-30.75	-0.447	132.6	-16.47
2.467	225.2	36.53	-22.38	-1.106	186.1	-1.618
2.500	224.7	36.48	-17.54	-0.619	-2.759	9.977
2.533	224.1	36.49	-22.48	-0.203	-80.40	0.167
2.567	223.2	36.47	-24.76	-0.722	-32.91	-1.261
2.600	222.4	36.44	-23.01	-0.423	-36.12	2.377
2.633	221.6	36.44	-27.38	-0.288	-82.84	-8.064
2.667	220.6	36.42	-29.51	-1.121	104.9	-6.023
2.700	219.7	36.37	-20.65	-0.828	-41.92	10.44
2.733	219.2	36.36	-28.14	-0.177	-391.5	15.90
2.767	217.8	36.36	-51.06	8.891E-2	-360.6	-11.21
2.800	215.8	36.37	-53.07	-0.687	66.58	-14.88
2.833	214.2	36.31	-44.28	-1.310	363.1	1.045
2.867	212.9	36.28	-30.38	-0.407	308.2	12.05
2.900	212.2	36.28	-20.86	-0.376	-34.35	-0.490
2.933	211.5	36.26	-33.07	-0.652	-256.3	-5.958
2.967	210.0	36.24	-41.23	-0.645	-141.2	2.209
3.000	208.7	36.21	-39.97	-0.598	96.83	11.14
3.033	207.3	36.20	-36.29	0.103	152.2	9.016
3.067	206.3	36.22	-28.54	0.180	-27.41	-17.03
3.100	205.4	36.21	-36.57	-1.104	-286.0	-20.14
3.133	203.9	36.15	-50.57	-1.423	-187.4	5.382
3.167	202.1	36.12	-49.16	-0.521	169.0	7.957
3.200	200.6	36.11	-38.34	-0.777	142.7	-4.654
3.233	199.5	36.07	-37.79	-1.102	-107.3	-2.871
3.267	198.1	36.04	-47.37	-0.797	-234.4	6.534
3.300	196.4	36.01	-53.48	-0.716	-146.4	3.442
3.333	194.5	35.99	-56.95	-0.561	47.35	8.994
3.367	192.6	35.98	-51.42	-0.149	167.7	-6.480
3.400	191.1	35.98	-43.70	-0.775	95.16	-2.360
3.433	189.6	35.92	-45.47	-0.764	-84.05	-3.411
3.467	188.0	35.93	-49.88	-0.491	-77.20	2.748
3.500	186.3	35.89	-50.90	-0.950	-33.93	-6.824
3.533	184.7	35.87	-51.45	-0.772	-45.57	5.458
3.567	182.9	35.84	-54.25	-0.660	6.643	11.76
3.600	181.0	35.82	-51.77	-2.169E-3	162.1	4.151
3.633	179.4	35.84	-42.84	-0.173	209.3	-13.67
3.667	178.2	35.81	-37.05	-1.129	96.56	-17.08
3.700	177.0	35.76	-36.82	-1.317	13.48	15.24
3.733	175.7	35.72	-36.54	-0.186	94.57	9.995
3.767	174.5	35.75	-30.89	-0.223	42.00	-9.242
3.800	173.7	35.71	-31.68	-1.255	3.840	-6.911
3.833	172.4	35.67	-33.47	-0.612	17.28	10.07
3.867	171.4	35.67	-28.76	-0.360	80.75	5.825
3.900	170.5	35.64	-28.32	-0.454	-4.382	-20.40
3.933	169.5	35.64	-29.24	-1.415	-21.65	-6.663
3.967	168.6	35.55	-29.82	-1.458	-0.742	9.153
4.000	167.6	35.54	-29.33	-0.288	25.57	17.21
4.033	166.6	35.53	-28.04	-0.463	24.77	2.321
4.067	165.7	35.51	-27.53	-0.231	74.52	-11.64
4.100	164.8	35.51	-23.79	-0.947	8.152	-1.217
4.133	164.1	35.45	-25.08	-0.855	-95.11	14.90
4.167	163.1	35.46	-31.96	0.521	-36.07	7.453
4.200	162.0	35.48	-28.01	-0.331	103.4	-21.40
4.233	161.2	35.44	-23.14	-1.243	61.09	-8.858
4.267	160.4	35.40	-24.80	-0.789	-38.96	9.159
4.300	159.6	35.38	-25.88	-0.541	-26.32	6.611
4.333	158.7	35.36	-26.40	-0.447	-11.46	1.091
4.367	157.8	35.35	-26.74	-0.386	9.676	17.60
4.400	156.9	35.34	-25.82	0.520	67.82	-1.496
4.433	156.1	35.39	-22.35	3.965E-2	70.46	0.811
4.467	155.4	35.34	-20.41	-0.186	103.4	-6.813
4.500	154.7	35.38	-16.64	0.282	113.0	4.219
4.533	154.3	35.36	-11.61	-0.346	-35.35	-16.52
4.567	154.0	35.35	-18.40	-0.589	-194.1	1.349
4.600	153.1	35.32	-26.63	-0.481	-31.78	4.748
4.633	152.2	35.32	-20.67	-4.455E-2	176.6	6.517
4.667	151.7	35.32	-12.93	-0.150	128.2	-1.755
4.700	151.3	35.31	-12.72	-0.150	-10.89	-1.524
4.733	150.9	35.31	-13.93	-0.236	-38.74	6.973
4.767	150.4	35.29	-15.22	0.211	-3.189	5.256
4.800	149.9	35.32	-14.52	0.340	53.37	-14.42
4.833	149.4	35.32	-11.35	-0.835	72.54	-15.73
4.867	149.1	35.26	-9.455	-0.960	50.27	16.23
4.900	148.8	35.25	-8.303	0.432	57.64	9.684
4.933	148.5	35.29	-5.634	-1.970E-2	48.28	2.951
4.967	148.4	35.25	-4.610	2.598E-3	44.89	3.576
5.000	148.2	35.29	-3.380	0.802	39.52	9.546
5.033	148.2	35.31	-1.326	0.346	39.98	-9.145
5.067	148.2	35.32	-1.000	0.254	16.41	-0.841
5.100	148.1	35.32	-0.254	0.265	15.28	-1.162
5.133	148.1	35.33	0.149	0.224	5.554	-1.335
5.167	148.1	35.34	1.341E-2	0.129	-1.759	-4.541
5.200	148.1	35.34	3.573E-2	-3.007E-2	1.685	-0.298
5.233	148.1	35.34	0.134	2.079E-2	0.660	-0.379
5.267	148.1	35.34	0.101	6.404E-2	-1.239	-0.206
5.300	148.1	35.34	1.820E-2	-8.582E-2	-1.819	0.712
5.333	148.1	35.34	-3.172E-3	0.125	0.801	3.223
5.367	148.1	35.35	5.250E-2	0.188	0.813	0.855
5.400	148.1	35.35	8.453E-2	0.121	-0.918	-2.178
5.433	148.2	35.36	-2.532E-2	8.178E-2	-0.135	-2.261
5.467	148.1	35.36	4.600E-2	-5.148E-2	-4.186E-2	-0.446
5.500	148.2	35.35	3.857E-2	2.939E-2	-0.143	1.780
5.533	148.2	35.36	-3.241E-2	0.119	-1.098	1.515
5.567	148.2	35.36	9.081E-3	9.582E-2	0.638	-1.903
5.600	148.2	35.36	-8.988E-3	1.841E-2	0.174	-1.573
5.633	148.2	35.36	2.399E-2	-4.493E-2	-0.608	-0.421
5.667	148.2	35.36	-3.272E-2	1.116E-2	-1.119	-2.622E-2
5.700	148.1	35.36	-8.138E-2	-3.572E-2	0.871	0.310
5.733	148.1	35.36	3.382E-2	-4.951E-3	2.785	0.764
5.767	148.2	35.36	0.123	5.843E-2	2.266	1.595
5.800	148.2	35.36	0.169	7.022E-2	-1.991	0.340
5.833	148.2	35.37	2.697E-2	0.102	-1.780	-0.656
5.867	148.2	35.37	-2.617E-2	2.409E-2	-0.692	-1.354
5.900	148.2	35.37	5.109E-2	-8.040E-3	-0.243	-0.874
5.933	148.2	35.37	-6.620E-2	-1.185E-2	9.589E-2	-0.227
5.967	148.2	35.37	2.388E-2	-3.824E-2	1.880	-0.338
6.000	148.2	35.37	0.121	-2.779E-2	0.102	0.636
6.033	148.2	35.37	6.887E-4	3.147E-4	-3.803	1.712
6.067	148.2	35.37	-0.132	8.467E-2	-0.358	-0.116
6.100	148.2	35.37	-5.522E-2	2.314E-2	2.957	-1.811
6.133	148.2	35.37	0.114	-8.133E-2	2.754	-0.746
6.167	148.2	35.37	0.117	-1.226E-2	-1.739	1.221
6.200	148.2	35.37	2.605E-3	1.632E-2	-2.127	0.996
6.233	148.2	35.37	-5.440E-2	3.368E-2	-0.949	0.248
6.267	148.2	35.37	-3.418E-2	5.159E-2	1.080	-1.719
6.300	148.2	35.37	1.177E-4	-7.844E-2	0.924	-1.091
6.333	148.2	35.36	4.535E-2	-6.520E-2	0.287	0.391
6.367	148.2	35.37	1.384E-2	4.112E-3	-0.349	1.375
6.400	148.2	35.36	1.227E-2	-1.010E-2	-0.580	0.998
6.433	148.2	35.37	-8.047E-3	8.034E-2	-0.948	0.851
6.467	148.2	35.37	-6.515E-2	6.678E-2	0.164	-1.505
6.500	148.2	35.37	-4.912E-3	-4.143E-2	1.621	-1.294
6.533	148.2	35.37	6.596E-2	-2.883E-2	0.859	1.356
6.567	148.2	35.37	4.408E-2	6.407E-2	-1.350	0.556
6.600	148.2	35.37	-2.259E-2	2.364E-2	-0.701	-1.289
6.633	148.2	35.37	-2.035E-2	-5.140E-2	0.536	-1.479
6.667	148.2	35.37	3.329E-2	-5.989E-2	1.067	0.320
6.700	148.2	35.37	4.408E-2	-3.973E-2	-1.095	0.436
6.733	148.2	35.37	-2.738E-2	-1.737E-2	-0.641	1.728
6.767	148.2	35.36	-3.225E-2	5.518E-2	1.242	-0.693
6.800	148.2	35.37	8.157E-2	-1.565E-2	1.127	-1.298
6.833	148.2	35.36	5.388E-2	-9.809E-2	-1.322	0.756
6.867	148.2	35.36	-2.978E-2	6.483E-2	-1.170	1.764
6.900	148.2	35.37	-2.198E-2	4.989E-2	0.591	-0.385
6.933	148.2	35.37	1.621E-2	-1.018E-2	1.079	-0.610
6.967	148.2	35.37	4.856E-2	3.685E-2	-0.680	0.191
7.000	148.2	35.37	-1.487E-2	1.963E-3	-1.218	0.396
7.033	148.2	35.37	-6.278E-2	4.155E-2	-0.496	0.763
7.067	148.2	35.37	-2.749E-2	8.467E-2	0.844	0.102
7.100	148.2	35.37	-1.224E-2	3.083E-2	0.861	-1.183
7.133	148.2	35.37	2.903E-2	5.372E-3	0.337	-0.486
7.167	148.2	35.37	2.176E-2	2.711E-5	4.536E-2	-0.702
7.200	148.2	35.37	1.372E-2	-3.578E-2	-0.699	-0.118
7.233	148.2	35.37	-5.050E-3	-2.452E-2	0.707	-1.253
7.267	148.2	35.37	3.162E-2	-8.555E-2	-0.638	1.055
7.300	148.2	35.37	-5.954E-4	-1.684E-2	1.086	0.579
7.333	148.2	35.37	3.722E-2	3.642E-2	-0.710	1.665
7.367	148.2	35.37	3.468E-2	1.871E-2	-1.655	-0.460
7.400	148.2	35.37	-0.137	6.231E-2	-0.706	-8.742E-2
7.433	148.2	35.37	-1.455E-2	-1.730E-2	3.291	-1.510
7.467	148.2	35.37	0.124	-3.468E-2	0.450	-8.590E-2
7.500	148.2	35.37	1.165E-2	-2.211E-2	-2.965	0.198
7.533	148.2	35.37	-0.105	-1.708E-2	-1.605	1.961
7.567	148.2	35.37	-8.410E-2	8.873E-2	2.277	-0.547
7.600	148.2	35.37	4.044E-2	7.481E-3	2.362	-1.791
7.633	148.2	35.37	0.103	-0.113	0.705	-1.833
7.667	148.2	35.37	6.332E-2	-6.251E-2	-1.805	2.426
7.700	148.2	35.36	-3.717E-3	1.692E-2	-1.382	0.814
7.733	148.2	35.37	-4.902E-2	3.648E-2	-0.600	0.692
7.767	148.2	35.37	-2.965E-2	1.555E-2	0.411	-0.865
7.800	148.2	35.37	-2.445E-2	1.730E-2	0.424	-0.985
7.833	148.2	35.37	-2.923E-3	-7.229E-2	0.155	-0.821
7.867	148.2	35.36	-6.606E-3	-4.499E-2	0.622	0.833
7.900	148.2	35.37	2.271E-2	4.351E-3	-0.155	0.494
7.933	148.2	35.37	9.633E-3	-1.960E-2	0.207	0.101
7.967	148.2	35.36	2.963E-3	1.645E-3	-2.313	0.880
8.000	148.2	35.37	-9.678E-2	5.091E-2	0.220	2.352
8.033	148.2	35.37	-6.259E-2	0.144	-0.508	0.107
8.067	148.2	35.37	-3.096E-2	9.841E-2	2.180	-3.728
8.100	148.2	35.37	-1.508E-2	-0.137	0.303	-3.341
8.133	148.2	35.37	7.430E-2	-0.150	1.662	1.742
8.167	148.2	35.36	3.896E-2	1.153E-2	-1.718	5.157
8.200	148.2	35.37	-7.182E-4	0.184	-0.334	-0.197
8.233	148.2	35.38	-2.559E-2	5.280E-2	0.409	-2.879
8.267	148.2	35.37	5.578E-2	-0.102	-6.457E-3	-2.417
8.300	148.2	35.37	-1.791E-2	-4.720E-2	-0.944	2.358
8.333	148.2	35.37	-4.416E-2	2.187E-2	0.191	0.608
8.367	148.2	35.37	2.504E-2	3.630E-2	1.159	-1.320
8.400	148.2	35.37	2.627E-2	-9.595E-2	1.842	0.679
8.433	148.2	35.36	0.130	5.058E-2	-2.394	2.548
8.467	148.2	35.37	-5.920E-2	0.151	-2.097	-0.249
8.500	148.2	35.37	-0.141	-1.219E-2	0.220	-3.224
8.533	148.2	35.37	6.167E-2	-7.030E-2	5.254	-2.472
8.567	148.2	35.37	0.159	-0.152	-0.178	0.116
8.600	148.2	35.36	0.107	-0.109	-1.780	0.409
8.633	148.2	35.36	-2.645E-2	-6.126E-2	-3.474	3.448
8.667	148.2	35.36	-8.118E-2	4.932E-2	0.656	2.147
8.700	148.2	35.37	-3.047E-2	0.162	-0.357	1.156
8.733	148.2	35.37	-3.436E-2	7.492E-2	-0.870	-1.928
8.767	148.2	35.37	-0.151	4.803E-2	0.930	-1.748
8.800	148.2	35.37	3.126E-2	-3.867E-2	2.651	-1.620
8.833	148.2	35.37	8.353E-2	-7.819E-2	0.445	-4.265E-2
8.867	148.2	35.37	3.670E-3	-2.918E-2	-2.251	0.580
8.900	148.2	35.37	-3.417E-2	-3.185E-2	1.338	-0.296
8.933	148.2	35.36	4.916E-2	-6.028E-2	1.046	1.451
8.967	148.2	35.36	0.101	5.247E-2	0.763	2.117
9.000	148.2	35.37	4.540E-2	0.120	-1.868	0.823
9.033	148.2	35.37	1.254E-2	7.751E-2	-0.790	-3.030
9.067	148.2	35.37	-3.755E-2	-5.501E-2	-0.460	-2.592
9.100	148.2	35.37	-2.421E-3	-0.142	-1.281	0.459
9.133	148.2	35.36	-0.107	-3.563E-3	-0.481	2.623
9.167	148.2	35.37	-8.826E-2	5.567E-2	2.475	0.543
9.200	148.2	35.37	0.105	1.329E-2	1.035	-1.600
9.233	148.2	35.37	1.651E-3	-4.405E-2	-1.080	-0.586
9.267	148.2	35.36	-3.938E-2	-4.319E-2	-1.601E-2	0.549
9.300	148.2	35.36	6.132E-2	1.068E-2	1.041	0.119
9.333	148.2	35.36	1.110E-2	-3.203E-2	-0.554	-1.678
9.367	148.2	35.36	1.413E-2	-0.113	0.275	0.889
9.400	148.2	35.36	4.353E-2	5.052E-3	-1.452	2.647
9.433	148.2	35.36	-7.222E-2	0.115	-0.405	-0.458
9.467	148.2	35.37	-3.630E-2	-4.023E-2	-1.154	1.252E-2
9.500	148.2	35.36	-6.537E-2	5.683E-2	1.399	-0.624
9.533	148.2	35.37	-4.341E-2	3.115E-2	0.932	-0.302
9.567	148.2	35.36	8.869E-2	-8.141E-2	1.856	-0.338
9.600	148.2	35.36	3.121E-2	7.573E-2	-1.925	1.717
9.633	148.2	35.37	-1.873E-2	3.300E-2	-2.183	-1.440
9.667	148.2	35.37	-0.126	-4.391E-2	-0.748	0.112
9.700	148.2	35.36	-8.612E-2	3.670E-2	3.304	-9.737E-2
9.733	148.2	35.37	0.110	-6.442E-3	2.811	-1.408
9.767	148.2	35.36	0.132	-0.110	-1.118	-0.951
9.800	148.2	35.36	1.632E-3	-4.906E-2	-2.466	3.254
9.833	148.2	35.36	-3.318E-2	9.734E-2	-0.519	2.891
9.867	148.2	35.37	-2.423E-2	0.175	0.800	-0.602
9.900	148.2	35.37	1.358E-2	4.559E-2	-0.872	-4.231
9.933	148.2	35.37	-5.631E-2	-0.120	1.585	-2.315
9.967	148.2	35.36	5.231E-2	-0.124	0.735	1.600
10.000	148.2	35.36	9.463E-2	5.986E-3	-1.905	3.039
10.033	148.2	35.36	-0.146	8.572E-2	-0.709	0.696
10.067	148.2	35.37	2.001E-2	5.394E-2	2.636	-0.565
10.100	148.2	35.37	0.124	2.952E-2	0.651	-1.955
10.133	148.2	35.37	-6.080E-3	-4.907E-2	-4.352	9.084E-2
10.167	148.2	35.36	-0.131	-1.552E-2	-0.913	0.615
10.200	148.2	35.37	-0.121	5.390E-2	1.896	0.314
10.233	148.2	35.37	4.620E-2	-2.963E-2	3.588	-1.775
10.267	148.2	35.37	0.106	-5.898E-2	-0.602	0.435
10.300	148.2	35.36	2.381E-2	-9.570E-3	-1.349	1.050
10.333	148.2	35.37	-2.662E-2	3.227E-2	-0.756	0.406
10.367	148.2	35.37	8.206E-3	5.009E-3	0.785	0.615
10.400	148.2	35.37	8.096E-3	6.362E-2	-0.602	0.191
10.433	148.2	35.37	-1.591E-2	4.998E-2	0.204	-1.241
10.467	148.2	35.37	-3.027E-3	-4.942E-2	-1.223	-1.124
10.500	148.2	35.37	-5.777E-2	-2.462E-2	-0.407	0.653
10.533	148.2	35.37	-8.362E-2	1.010E-2	0.519	0.842
10.567	148.2	35.37	1.639E-2	2.045E-2	3.509	-0.426
10.600	148.2	35.37	0.127	-5.492E-3	-0.932	-0.261
10.633	148.2	35.37	1.131E-2	-1.696E-2	-2.447	0.541
10.667	148.2	35.37	-0.123	4.252E-2	-0.405	-0.159
10.700	148.2	35.37	2.786E-2	-1.299E-2	2.139	0.587
10.733	148.2	35.37	3.714E-2	3.574E-2	0.575	5.520E-2
10.767	148.2	35.37	3.089E-2	5.562E-2	-0.192	-0.459
10.800	148.2	35.37	5.334E-2	-4.646E-2	-2.091E-2	-3.944
10.833	148.2	35.37	1.349E-2	-0.170	-2.398	-0.382
10.867	148.2	35.36	-9.028E-2	-0.135	0.239	3.593
10.900	148.2	35.36	-2.071E-2	0.123	1.273	4.051
10.933	148.2	35.37	6.691E-2	0.147	0.901	-1.199
10.967	148.2	35.37	-7.262E-3	1.973E-2	-2.372	-2.679
11.000	148.2	35.37	-6.944E-2	-3.935E-2	-0.231	-1.816
11.033	148.2	35.37	-5.385E-2	-8.591E-2	2.654	-0.728
11.067	148.2	35.36	0.126	-0.105	1.104	2.996
11.100	148.2	35.36	5.968E-2	0.103	-1.699	2.248
11.133	148.2	35.37	-5.527E-2	0.116	-1.726	-0.860
11.167	148.2	35.37	-1.601E-2	-3.110E-2	0.841	-3.700
11.200	148.2	35.37	-1.154E-2	-8.986E-2	0.324	-1.098
11.233	148.2	35.36	1.048E-2	-0.135	0.388	0.762
11.267	148.2	35.36	1.449E-2	-2.834E-2	-0.374	3.551
11.300	148.2	35.36	-1.273E-2	0.109	-0.936	2.273
11.333	148.2	35.37	-5.230E-2	0.137	0.684	-2.016
11.367	148.2	35.37	1.960E-2	-2.737E-2	1.469	-2.337
11.400	148.2	35.36	7.696E-2	-6.331E-2	-0.606	1.982
11.433	148.2	35.37	-3.059E-2	0.134	-1.991	1.462
11.467	148.2	35.37	-7.807E-2	7.490E-2	1.811	-4.799
11.500	148.2	35.37	9.025E-2	-0.228	1.204	-4.071
11.533	148.2	35.36	6.117E-2	-0.232	-7.242E-2	2.421
11.567	148.2	35.36	2.500E-3	-1.969E-2	-1.321	5.083
11.600	148.2	35.36	3.833E-2	0.103	-1.672	4.310
11.633	148.2	35.36	-0.131	0.255	-1.191	-0.839
11.667	148.2	35.37	-7.969E-2	0.107	1.357	-4.652
11.700	148.2	35.37	2.222E-2	-0.143	1.800	-3.187
11.733	148.2	35.36	1.929E-3	-7.743E-2	-4.238E-2	0.133
11.767	148.2	35.36	3.298E-2	-0.104	0.491	0.600
11.800	148.2	35.36	3.290E-2	-8.721E-2	0.173	2.658
11.833	148.2	35.36	4.073E-2	0.104	-0.220	1.908
11.867	148.2	35.36	2.632E-2	6.663E-2	-0.621	-0.619
11.900	148.2	35.36	-8.927E-3	6.765E-3	-0.191	-1.245
11.933	148.2	35.37	1.099E-2	2.542E-2	0.742	0.633
11.967	148.2	35.36	4.850E-2	2.163E-2	-1.580	-0.446
12.000	148.2	35.37	-7.651E-2	1.961E-2	-2.244	9.589E-2
12.033	148.2	35.37	-0.150	6.029E-3	1.571	-1.066
12.067	148.2	35.37	4.575E-2	-2.817E-2	3.291	-0.525
12.100	148.2	35.36	0.109	-5.612E-2	1.233	-1.183
12.133	148.2	35.36	8.252E-2	-7.963E-2	-2.709	2.831
12.167	148.2	35.36	-2.687E-2	7.972E-2	-1.197	1.888
12.200	148.2	35.37	-6.367E-2	0.139	0.641	0.280
12.233	148.2	35.37	6.850E-2	1.695E-2	0.265	-3.558
12.267	148.2	35.37	-4.009E-2	-5.025E-2	-2.081	2.094
12.300	148.2	35.36	-0.115	8.766E-2	0.248	-1.018
12.333	148.2	35.38	-8.155E-4	1.078E-2	1.164	-2.221
12.367	148.2	35.37	-1.497E-2	-0.201	1.710	-3.728
12.400	148.2	35.36	5.945E-2	-0.154	-0.448	4.075
12.433	148.2	35.36	3.564E-2	7.465E-3	-1.052	2.874
12.467	148.2	35.36	-9.053E-2	0.124	-1.677	1.526
12.500	148.2	35.36	-3.663E-2	4.476E-2	3.034	-1.388
12.533	148.2	35.37	8.785E-2	5.522E-2	1.752	-0.906
12.567	148.2	35.37	0.126	-1.494E-2	-1.513E-2	-1.103
12.600	148.2	35.36	4.541E-2	-3.734E-2	-3.982	1.583
12.633	148.2	35.36	-0.105	9.446E-2	-3.170	1.925
12.667	148.2	35.37	-0.216	0.124	2.079	-0.529
12.700	148.2	35.37	3.719E-2	2.942E-2	4.354	-2.829
12.733	148.2	35.37	0.144	-5.422E-2	0.138	-0.542
12.767	148.2	35.37	-7.082E-3	-3.103E-2	-2.447	-1.256
12.800	148.2	35.37	-2.195E-2	-8.710E-2	-0.527	0.360
12.833	148.2	35.36	-2.204E-2	-7.845E-2	-1.527E-2	-1.089
12.867	148.2	35.37	-3.868E-2	-7.787E-2	2.629	1.397
12.900	148.2	35.36	0.139	-6.942E-2	0.412	2.523
12.933	148.2	35.36	6.660E-2	0.146	-2.512	2.290
12.967	148.2	35.37	-0.125	9.519E-2	-1.190	-2.061
13.000	148.2	35.37	1.870E-2	-3.064E-2	2.467	-1.604
13.033	148.2	35.37	6.922E-2	-4.872E-3	-1.141	-0.350
13.067	148.2	35.37	-7.299E-2	-3.168E-2	-2.487	0.299
13.100	148.2	35.36	-0.122	-2.025E-2	-8.085E-2	9.130E-2
13.133	148.2	35.37	-5.615E-2	1.216E-2	3.257	1.992
13.167	148.2	35.36	7.941E-2	7.365E-2	0.910	-0.319
13.200	148.2	35.37	5.340E-2	4.661E-2	-0.288	-1.548
13.233	148.2	35.37	-6.885E-3	-8.323E-2	-0.197	-0.910
13.267	148.2	35.36	8.126E-2	-4.848E-3	1.148	1.432
13.300	148.2	35.37	6.484E-2	3.786E-2	-0.937	8.420E-2
13.333	148.2	35.37	1.366E-2	-1.613E-2	-2.387	-1.159
13.367	148.2	35.37	-8.704E-2	-4.054E-2	-0.758	-0.272
13.400	148.2	35.36	-6.823E-2	-3.339E-2	0.864	0.317
13.433	148.2	35.36	1.049E-2	-1.710E-2	-0.392	0.968
13.467	148.2	35.36	-9.882E-2	2.623E-2	0.642	0.548
13.500	148.2	35.37	1.040E-3	3.336E-2	1.139	-0.331
13.533	148.2	35.37	6.448E-2	-8.023E-3	2.305	-0.230
13.567	148.2	35.37	7.038E-2	1.417E-2	-2.595	-3.130
13.600	148.2	35.37	-1.884E-2	-0.174	1.525	-0.750
13.633	148.2	35.35	4.667E-2	-0.140	0.393	3.167
13.667	148.2	35.36	0.149	0.139	-1.595	4.709
13.700	148.2	35.36	-0.140	0.146	-3.707	-0.839
13.733	148.2	35.37	-0.118	8.148E-2	2.294	-3.479
13.767	148.2	35.37	5.574E-2	-8.099E-2	1.028	-3.759
13.800	148.2	35.36	-3.329E-2	-0.195	0.164	0.882
13.833	148.2	35.36	-3.619E-3	-2.945E-2	-1.684	3.471
13.867	148.2	35.36	-4.774E-2	9.033E-2	-0.442	1.786
13.900	148.2	35.36	-0.135	5.207E-2	1.187	-2.904
13.933	148.2	35.36	8.361E-2	-7.556E-2	2.522	-2.429
13.967	148.2	35.36	5.921E-2	-0.157	-3.018	-0.264
14.000	148.2	35.35	-0.152	-6.429E-2	-3.412	0.912
14.033	148.2	35.35	-0.186	-8.407E-2	0.384	2.629
14.067	148.2	35.35	-0.100	5.950E-2	5.696	1.577
14.100	148.1	35.36	0.160	0.109	3.484	0.743
14.133	148.2	35.35	0.219	2.637E-2	-1.113	-0.607
14.167	148.2	35.36	8.183E-3	0.109	-3.198	0.549
14.200	148.2	35.36	1.417E-2	6.463E-2	-0.153	-1.441
14.233	148.2	35.36	2.097E-2	-3.561E-3	3.624E-2	-0.577
14.267	148.2	35.36	-2.002E-3	2.529E-2	-8.981E-2	-0.636
14.300	148.2	35.36	2.253E-2	-2.052E-2	2.446	-2.308
14.333	148.2	35.36	0.146	-0.152	0.760	-0.784
14.367	148.2	35.35	0.123	-8.916E-2	-1.216	1.456
14.400	148.2	35.35	7.385E-3	-1.291E-2	-4.317	1.910
14.433	148.2	35.35	-0.119	5.884E-3	-3.141	2.892
14.467	148.2	35.35	-0.249	0.182	1.680	1.344
14.500	148.2	35.36	-1.285E-2	0.146	6.994	-2.897
14.533	148.2	35.36	0.269	-6.713E-2	6.226	-4.387
14.567	148.2	35.36	0.381	-0.137		
14.600	148.2	35.36				
