	mass A						
t	x	y	vx	vy	ax	ay	
0.000	230.9	42.05				
0.033	230.9	42.02	-5.197E-2	-0.400		
0.067	230.9	42.02	-7.186E-2	1.518E-2	-1.087	7.572
0.100	230.9	42.02	-0.181	9.191E-2	2.477	1.998
0.133	230.8	42.03	8.356E-2	0.120	5.352	-0.611
0.167	230.9	42.03	0.253	8.187E-2	-0.122	-1.386
0.200	230.9	42.03	3.982E-2	-5.286E-3	-2.847	-2.773
0.233	230.9	42.03	1.679E-2	-7.860E-2	-4.611E-2	0.269
0.267	230.9	42.03	9.549E-2	-2.755E-2	-6.784E-2	1.699
0.300	230.9	42.03	-6.171E-3	8.396E-2	-4.176	2.362
0.333	230.9	42.03	-0.180	0.103	9.156E-2	-3.331
0.367	230.9	42.04	-5.589E-2	-9.336E-2	4.783	-1.843
0.400	230.9	42.03	0.216	-0.120	2.742	-2.945
0.433	230.9	42.03	0.123	-0.163	2.936	3.832
0.467	230.9	42.01	0.322	-1.981E-2	2.723	11.82
0.500	230.9	42.03	0.447	0.721	1.936	21.95
0.533	230.9	42.06	0.332	1.436	-2.602	16.17
0.567	230.9	42.12	0.340	1.847	-0.228	-3.078
0.600	230.9	42.19	0.278	1.279	2.634	-17.76
0.633	230.9	42.21	0.504	0.504	-3.538	-16.50
0.667	231.0	42.22	0.174	0.236	-8.418	1.024
0.700	230.9	42.22	-0.255	0.511	-15.60	8.873
0.733	230.9	42.25	-0.683	0.944	-62.02	28.24
0.767	230.9	42.29	-4.140	2.185	-155.2	17.87
0.800	230.7	42.40	-11.20	2.580	-160.8	2.018
0.833	230.1	42.46	-15.58	1.906	-60.69	-13.96
0.867	229.6	42.53	-14.86	1.825	-13.59	-13.57
0.900	229.2	42.58	-15.89	1.015	-47.45	-14.57
0.933	228.6	42.59	-18.63	0.670	24.44	-11.88
0.967	227.9	42.62	-14.83	0.455	46.44	-4.545
1.000	227.6	42.62	-13.65	0.165	-18.96	-1.641
1.033	227.0	42.64	-17.62	0.454	-174.2	28.35
1.067	226.4	42.65	-24.12	1.868	-152.5	28.41
1.100	225.4	42.76	-29.46	2.769	-89.87	2.912
1.133	224.4	42.84	-29.09	1.831	-72.73	-28.48
1.167	223.5	42.88	-33.79	0.845	-53.29	-17.86
1.200	222.2	42.89	-34.46	0.558	-13.82	-19.88
1.233	221.2	42.92	-32.67	-0.227	-5.500	-8.791
1.267	220.0	42.88	-35.81	-0.434	40.86	9.471
1.300	218.8	42.89	-30.82	0.701	-3.000	5.080
1.333	217.9	42.93	-32.95	5.384E-2	-122.3	-22.44
1.367	216.6	42.89	-42.06	-1.123	-116.5	-2.707
1.400	215.1	42.85	-40.20	-0.177	-151.2	-5.894
1.433	213.9	42.88	-49.49	-0.921	-312.5	-13.59
1.467	211.8	42.79	-64.46	-1.888	-328.9	-4.676
1.500	209.6	42.76	-70.13	-0.759	-301.6	-2.790
1.533	207.2	42.74	-83.44	-1.921	-253.5	-13.65
1.567	204.0	42.63	-90.19	-2.266	-53.78	-0.608
1.600	201.2	42.59	-84.68	-1.418	139.7	17.67
1.633	198.4	42.53	-81.18	-1.349	-110.7	-17.13
1.667	195.7	42.50	-90.25	-2.269	-367.0	-17.18
1.700	192.4	42.38	-108.0	-2.960	-278.6	-5.435
1.733	188.5	42.30	-110.0	-2.323	7.586	22.76
1.767	185.0	42.23	-105.1	-1.577	58.29	4.431
1.800	181.5	42.20	-106.6	-1.747	-8.817	-8.447
1.833	177.9	42.11	-106.3	-2.472	149.6	-8.016
1.867	174.5	42.03	-97.02	-2.174	1.010E3	23.87
1.900	171.5	41.97	-43.60	-0.971	726.2	9.043
1.933	171.5	41.97	-31.73	-1.154	-72.38	-17.52
1.967	169.4	41.89	-64.81	-2.578	-556.8	-14.30
2.000	167.2	41.79	-63.76	-2.115	-1.818	-6.516
2.033	165.1	41.75	-64.84	-2.599	3.723	-12.36
2.067	162.9	41.62	-64.16	-3.437	73.17	-42.77
2.100	160.8	41.52	-59.62	-4.913	107.9	-19.07
2.133	158.9	41.29	-56.55	-5.469	71.63	5.315
2.167	157.1	41.15	-55.22	-3.961	-27.47	18.78
2.200	155.2	41.03	-57.71	-4.261	-36.57	-22.59
2.233	153.2	40.87	-59.04	-5.542	54.71	-17.06
2.267	151.3	40.66	-53.50	-5.634	118.4	19.59
2.300	149.6	40.49	-50.38	-4.067	126.7	-0.168
2.333	148.0	40.39	-46.30	-5.192	173.4	-12.69
2.367	146.6	40.15	-38.03	-5.821	92.57	5.841
2.400	145.4	40.00	-39.00	-4.152	-6.806	34.90
2.433	144.0	39.87	-40.81	-3.650	83.84	-4.613
2.467	142.7	39.76	-32.63	-4.305	246.2	5.322
2.500	141.8	39.58	-23.84	-3.783	261.0	24.91
2.533	141.1	39.51	-15.63	-2.148	252.5	48.06
2.567	140.7	39.44	-6.787	-0.866	210.9	25.40
2.600	140.7	39.45	-1.226	-0.139	112.5	19.10
2.633	140.7	39.43	0.458	8.452E-2	28.59	10.21
2.667	140.7	39.45	0.599	0.732	-1.876	7.945
2.700	140.7	39.48	0.261	0.597	-2.687	-2.136
2.733	140.7	39.49	0.360	0.491	2.559	-3.648
2.767	140.7	39.51	0.542	0.447	-6.068E-2	-1.617
2.800	140.7	39.52	0.316	0.311	-4.684	-1.903
2.833	140.7	39.53	0.196	0.354	-4.458	-0.662
2.867	140.7	39.55	6.839E-2	0.277	-2.521	-1.532
2.900	140.7	39.55	-2.696E-2	0.222	0.577	-3.459
2.933	140.7	39.56	0.131	8.981E-2	1.804	1.130E-2
2.967	140.8	39.56	0.128	0.141	-1.474	0.999
3.000	140.8	39.57	-6.605E-3	0.255	-3.064	-0.119
3.033	140.8	39.58	-6.653E-2	8.433E-2	1.022	-4.987
3.067	140.8	39.58	3.931E-2	-7.103E-2	1.345	-2.112
3.100	140.8	39.57	7.856E-2	-8.135E-2	0.833	2.137
3.133	140.8	39.57	4.089E-2	9.093E-2	-2.110	3.549
3.167	140.8	39.58	-1.631E-2	0.175	-0.359	2.275
3.200	140.8	39.58	-3.683E-2	0.217	0.561	-1.528
3.233	140.8	39.59	6.295E-2	0.113	1.686	-3.118
3.267	140.8	39.59	6.487E-2	-4.496E-2	-0.299	-2.800
3.300	140.8	39.59	4.311E-2	-4.942E-2	-5.363E-2	-1.482
3.333	140.8	39.59	5.327E-2	-0.134	3.942E-2	-0.373
3.367	140.8	39.58	5.897E-2	-0.111	-1.316	2.514
3.400	140.8	39.58	-3.420E-2	6.386E-2	-2.171	2.294
3.433	140.8	39.58	-0.104	5.906E-2	1.175	-2.174
3.467	140.8	39.58	3.555E-2	-0.101	2.449	-3.205
3.500	140.8	39.58	0.108	-0.170	-8.167E-2	3.271
3.533	140.8	39.57	-1.503E-3	9.699E-2	-1.495	2.475
3.567	140.8	39.58	-1.863E-3	0.100	-9.347E-2	0.192
3.600	140.8	39.58	1.517E-2	-1.579E-2	-0.125	-2.008
3.633	140.8	39.58	-2.275E-2	4.911E-2	-0.277	-0.152
3.667	140.8	39.58	-6.359E-3	-5.810E-2	1.331	-1.968
3.700	140.8	39.58	6.846E-2	-8.585E-2	1.453	-1.282
3.733	140.8	39.58	0.102	-0.127	-0.923	0.316
3.767	140.8	39.57	7.641E-3	-9.407E-2	-2.111	2.537
3.800	140.8	39.57	-6.124E-2	6.433E-2	-0.641	3.658
3.833	140.8	39.57	-2.383E-2	0.156	-0.174	-0.677
3.867	140.8	39.58	-5.859E-2	3.418E-2	1.430	-2.306
3.900	140.8	39.58	2.937E-2	-4.902E-2	4.453	-2.299
3.933	140.8	39.58	0.275	-7.146E-2	-1.564	0.401
3.967	140.8	39.57	-1.306E-2	-6.532E-2	-6.408	1.886
4.000	140.8	39.57	-0.291	8.134E-2	-2.069	3.427
4.033	140.8	39.58	-7.997E-2	0.165	5.158	-2.165E-2
4.067	140.8	39.58	6.138E-2	9.143E-2	3.266	-3.420
4.100	140.8	39.58	0.129	-8.257E-2	-0.635	-1.689
4.133	140.8	39.58	3.956E-2	-4.588E-2	-1.218	1.468
4.167	140.8	39.58	-1.834E-3	6.019E-2	-1.269	1.480
4.200	140.8	39.58	4.931E-3	3.636E-2	0.824	-0.771
4.233	140.8	39.58	1.023E-2	7.412E-3	0.189	-0.992
4.267	140.8	39.58	5.460E-2	-2.813E-2	-1.483	-1.277
4.300	140.8	39.58	-9.276E-2	-7.820E-2	-0.573	0.508
4.333	140.8	39.58	-3.602E-2	-1.241E-2	1.003	-0.218
4.367	140.8	39.58	5.131E-2	-4.409E-2	1.640	-1.506
4.400	140.8	39.58	1.770E-2	-0.163	-2.095	-0.515
4.433	140.8	39.57	-4.579E-2	-7.088E-2	-0.125	2.349
4.467	140.8	39.57	-4.645E-2	1.689E-2	1.862	3.694
4.500	140.8	39.57	0.119	0.146	0.752	1.321
4.533	140.8	39.58	2.382E-2	0.157	-2.803	-1.058
4.567	140.8	39.58	-0.118	2.645E-2	4.443E-2	-5.451
4.600	140.8	39.58	2.952E-2	-0.169	2.889	-1.855
4.633	140.8	39.57	0.121	-0.171	-0.468	0.969
4.667	140.8	39.57	-2.286E-2	-2.382E-2	-2.905	4.293
4.700	140.8	39.57	-9.532E-2	6.460E-2	-0.753	0.691
4.733	140.8	39.57	-5.617E-2	7.512E-2	1.242	-1.646
4.767	140.8	39.57	-1.395E-2	-8.482E-2	0.907	1.012E-2
4.800	140.8	39.57	8.885E-3	4.912E-2	1.532	2.565
4.833	140.8	39.58	7.464E-2	0.158	0.654	-0.320
4.867	140.8	39.58	8.066E-2	-8.495E-3	-1.132	-1.990
4.900	140.8	39.58	-2.204E-2	-2.215E-3	-2.859	1.142E-2
4.933	140.8	39.58	-0.107	3.978E-2	-7.569E-2	1.053E-2
4.967	140.8	39.58	-4.812E-2	-2.821E-2	2.879	-2.041
5.000	140.8	39.58	0.112	-8.667E-2	1.505	0.473
5.033	140.8	39.57	6.873E-2	-2.248E-2	-2.942	0.464
5.067	140.8	39.58	-0.110	-5.648E-3	-1.543	0.472
5.100	140.8	39.57	-6.001E-2	-4.049E-2	1.410	1.127
5.133	140.8	39.57	3.583E-2	8.818E-2	8.468E-2	2.369
5.167	140.8	39.58	-7.100E-2	0.134	0.169	0.109
5.200	140.8	39.58	8.181E-3	8.118E-2	0.901	-3.095
5.233	140.8	39.58	5.862E-2	-5.961E-2	0.622	-1.837
5.267	140.8	39.58	-7.367E-3	-8.336E-2	-1.437	0.288
5.300	140.8	39.58	-6.369E-3	2.676E-3	0.478	0.660
5.333	140.8	39.58	2.146E-3	-4.734E-2	0.204	-1.392
5.367	140.8	39.58	2.815E-2	-0.101	1.826	-0.538
5.400	140.8	39.57	9.907E-2	-8.307E-2	0.634	0.889
5.433	140.8	39.57	0.110	-3.589E-2	-0.359	1.900
5.467	140.8	39.57	3.861E-2	3.802E-2	-6.855	2.130
5.500	140.8	39.57	-0.286	0.115	-1.282	0.178
5.533	140.8	39.58	-0.202	6.021E-2	3.825	-3.267
5.567	140.8	39.58	0.145	-0.115	6.167	-1.398
5.600	140.8	39.57	0.123	-6.963E-2	-1.291	3.959
5.633	140.8	39.57	9.316E-2	0.187	-1.657	3.141
5.667	140.8	39.58	-1.185E-2	0.171	-1.252	-2.330
5.700	140.8	39.58	6.137E-3	-1.439E-2	0.973	-4.000
5.733	140.8	39.58	6.790E-2	-8.951E-2	-0.925	-0.757
5.767	140.8	39.58	-3.995E-2	-6.888E-2	-1.423	1.397
5.800	140.8	39.58	-7.694E-2	1.264E-2	-0.228	1.082
5.833	140.8	39.58	-9.932E-3	1.439E-2	1.093	1.202
5.867	140.8	39.58	-2.296E-2	6.350E-2	-0.646	0.698
5.900	140.8	39.58	-4.429E-2	9.892E-2	-0.419	-2.695
5.933	140.8	39.58	-6.138E-2	-0.120	-0.628	-1.262
5.967	140.8	39.57	-7.550E-2	-5.797E-2	0.559	2.032
6.000	140.8	39.58	-4.127E-2	0.113	1.906	1.275
6.033	140.8	39.58	6.528E-2	-1.236E-2	1.998	-0.288
6.067	140.8	39.58	9.899E-2	6.225E-2	-4.089E-2	-0.103
6.100	140.8	39.59	5.606E-2	5.276E-2	-2.100	-0.719
6.133	140.8	39.58	-3.814E-2	-5.557E-2	-0.149	-1.273
6.167	140.8	39.58	1.490E-2	2.061E-4	-0.462	7.079E-2
6.200	140.8	39.58	-6.086E-3	-4.529E-2	4.139E-2	1.175
6.233	140.8	39.58	-5.217E-2	3.984E-2	0.933	0.634
6.267	140.8	39.59	9.478E-2	6.317E-2	1.552	-0.624
6.300	140.8	39.58	6.539E-2	-5.635E-2	-0.793	-1.364
6.333	140.8	39.58	6.800E-3	-1.636E-2	-1.068	0.952
6.367	140.8	39.58	1.550E-2	1.913E-2	0.232	0.319
6.400	140.8	39.58	1.224E-2	6.315E-5	-1.161	-0.862
6.433	140.8	39.58	-4.578E-2	-3.849E-2	-0.321	1.365E-2
6.467	140.8	39.58	-4.195E-2	-1.109E-2	7.669E-2	1.278
6.500	140.8	39.58	-3.939E-3	6.174E-2	0.727	1.227
6.533	140.8	39.58	-1.792E-2	7.122E-2	-6.699E-2	-1.030
6.567	140.8	39.59	3.527E-3	-4.369E-3	-0.823	-0.984
6.600	140.8	39.58	-6.660E-2	-1.792E-2	-0.465	-0.411
6.633	140.8	39.59	-5.801E-2	-3.376E-3	1.885	-0.739
6.667	140.8	39.58	8.204E-2	-7.875E-2	2.476	-0.814
6.700	140.8	39.58	0.118	-7.079E-2	-0.453	1.092
6.733	140.8	39.58	4.211E-2	8.874E-3	-2.994	1.313
6.767	140.8	39.58	-8.127E-2	2.170E-2	-0.713	0.299
6.800	140.8	39.58	-3.686E-2	1.685E-2	1.011	-0.326
6.833	140.8	39.58	3.726E-2	9.725E-3	0.756	0.718
6.867	140.8	39.58	-1.527E-2	4.812E-2	-0.342	-0.149
6.900	140.8	39.58	1.355E-2	3.088E-2	-0.141	-1.026
6.933	140.8	39.58	-5.305E-3	-5.016E-2	0.163	-0.393
6.967	140.8	39.58	-4.563E-3	5.866E-3	2.266	-0.618
7.000	140.8	39.58	0.155	-5.610E-2	-1.221	-0.286
7.033	140.8	39.58	-2.404E-2	-7.187E-2	-3.256	1.710
7.067	140.8	39.58	-0.176	9.682E-2	-1.097	1.098
7.100	140.8	39.58	-2.297E-2	2.335E-2	3.358	-0.586
7.133	140.8	39.58	3.118E-2	-5.262E-3	0.876	-1.615
7.167	140.8	39.58	4.364E-2	-1.728E-2	-1.209	-0.217
7.200	140.8	39.58	-4.863E-2	-7.749E-2	-0.739	-0.174
7.233	140.8	39.58	-3.635E-2	2.087E-3	0.460	2.336
7.267	140.8	39.58	2.122E-2	6.909E-2	1.286	0.784
7.300	140.8	39.58	2.443E-2	7.102E-2	0.359	-0.807
7.333	140.8	39.58	5.798E-2	-2.027E-4	9.789E-2	-1.069
7.367	140.8	39.58	3.109E-2	-4.733E-3	-2.162	0.183
7.400	140.8	39.58	-8.251E-2	2.157E-2	1.213	-1.485
7.433	140.8	39.58	5.941E-2	-8.933E-2	0.569	-0.965
7.467	140.8	39.58	6.403E-2	-9.220E-2	-0.890	5.334E-2
7.500	140.8	39.58	-0.104	-3.015E-2	-2.542	0.846
7.533	140.8	39.58	-5.701E-2	-6.790E-2	1.522	-3.631
7.567	140.8	39.57	-1.874E-2	-0.236	-0.136	-0.282
7.600	140.8	39.56	-4.180E-2	-0.174		
7.633	140.8	39.56				
