,mass A,,,,,,
t,x,y,vx,vy,ax,ay,
0.000000E0,1.256581E-1,4.451564E-2,,,,
3.333333E-2,1.256447E-1,4.451945E-2,-5.453901E-4,1.480525E-4,,
6.666667E-2,1.256217E-1,4.452551E-2,-1.366761E-4,2.388833E-5,7.142274E-3,-3.746333E-3
1.000000E-1,1.256356E-1,4.452104E-2,1.481156E-4,-1.494615E-4,7.001008E-3,-2.261537E-3
1.333333E-1,1.256316E-1,4.451555E-2,1.372389E-4,-1.157317E-4,4.347608E-3,-1.999313E-3
1.666667E-1,1.256448E-1,4.451333E-2,5.307649E-4,-2.415261E-4,-6.123883E-4,-4.543686E-4
2.000000E-1,1.256670E-1,4.449944E-2,1.692404E-4,-2.296957E-4,-9.284978E-3,5.118536E-3
2.333333E-1,1.256560E-1,4.449801E-2,-2.593453E-4,1.504295E-4,-3.175014E-3,8.042702E-3
2.666667E-1,1.256497E-1,4.450947E-2,1.822483E-5,3.361502E-4,6.345394E-3,-9.737849E-3
3.000000E-1,1.256573E-1,4.452042E-2,2.153942E-4,-4.214396E-4,-1.111525E-3,-1.045914E-2
3.333333E-1,1.256640E-1,4.448138E-2,-5.262096E-5,-6.489331E-4,-6.709136E-5,3.512115E-4
3.666667E-1,1.256538E-1,4.447716E-2,8.347975E-5,-1.397320E-4,3.794875E-3,1.166806E-2
4.000000E-1,1.256696E-1,4.447206E-2,3.647978E-4,2.508402E-5,-3.943532E-3,1.639744E-3
4.333333E-1,1.256781E-1,4.447883E-2,-2.019517E-4,4.494744E-5,-9.294449E-3,1.948284E-3
4.666667E-1,1.256561E-1,4.447506E-2,-4.053610E-4,5.963794E-5,-1.326109E-3,1.140445E-3
5.000000E-1,1.256511E-1,4.448281E-2,-1.530300E-4,1.979146E-4,9.305234E-3,1.317434E-3
5.333333E-1,1.256459E-1,4.448825E-2,1.373318E-4,1.191854E-4,4.071659E-6,3.350377E-3
5.666667E-1,1.256602E-1,4.449075E-2,-7.499102E-6,3.712915E-4,1.648776E-4,3.634582E-3
6.000000E-1,1.256454E-1,4.451301E-2,-7.075921E-5,4.793175E-4,-7.765858E-3,-2.600634E-3
6.333333E-1,1.256555E-1,4.452271E-2,-2.744287E-4,1.254860E-4,7.293913E-4,-5.312885E-3
6.666667E-1,1.256271E-1,4.452137E-2,-3.161249E-4,8.658530E-5,6.842104E-3,-9.864244E-5
7.000000E-1,1.256344E-1,4.452848E-2,3.917594E-4,1.830954E-4,7.350976E-3,-2.597746E-3
7.333333E-1,1.256533E-1,4.453358E-2,1.995588E-4,-8.005834E-5,-3.473035E-3,-5.771195E-3
7.666667E-1,1.256477E-1,4.452314E-2,6.188678E-6,-2.700261E-4,-6.573681E-3,3.421995E-3
8.000000E-1,1.256537E-1,4.451558E-2,-9.761390E-5,1.410426E-4,-1.141367E-3,8.282594E-4
8.333333E-1,1.256412E-1,4.453255E-2,-1.985844E-4,-3.766117E-5,2.563693E-3,-3.705858E-3
8.666667E-1,1.256404E-1,4.451306E-2,1.396429E-4,-3.485341E-4,4.598800E-3,-2.520302E-3
9.000000E-1,1.256505E-1,4.450931E-2,1.510845E-4,-6.671362E-5,5.990728E-4,5.736489E-3
9.333333E-1,1.256505E-1,4.450862E-2,9.890406E-5,9.039506E-6,-3.214410E-3,3.439653E-3
9.666667E-1,1.256571E-1,4.450991E-2,1.317187E-5,1.488643E-4,-1.928532E-3,3.256267E-3
1.000000E0,1.256514E-1,4.451854E-2,-1.060543E-4,2.539693E-4,3.213759E-3,4.160271E-3
1.033333E0,1.256500E-1,4.452685E-2,2.334887E-4,3.891184E-4,2.659750E-3,2.067914E-4
1.066667E0,1.256670E-1,4.454448E-2,1.860217E-4,3.360351E-4,-3.857263E-3,1.899161E-3
1.100000E0,1.256624E-1,4.454925E-2,-1.521757E-4,4.033582E-4,-3.810787E-3,2.431349E-3
1.133333E0,1.256568E-1,4.457137E-2,-4.471549E-5,6.080699E-4,8.436377E-3,9.191583E-3
1.166667E0,1.256595E-1,4.458979E-2,4.021177E-4,9.116836E-4,6.423973E-3,-3.987581E-3
1.200000E0,1.256836E-1,4.463215E-2,4.912615E-4,5.551182E-4,-4.126790E-3,-1.454574E-3
1.233333E0,1.256922E-1,4.462679E-2,4.471499E-5,4.688936E-4,-3.972219E-3,-2.957039E-3
1.266667E0,1.256866E-1,4.466341E-2,1.529488E-4,6.974518E-4,1.016142E-3,8.891148E-3
1.300000E0,1.257024E-1,4.467329E-2,2.647068E-4,7.869955E-4,3.840020E-3,1.767274E-2
1.333333E0,1.257042E-1,4.471588E-2,2.721121E-4,1.973682E-3,-3.114612E-3,1.714808E-2
1.366667E0,1.257206E-1,4.480487E-2,1.915616E-4,2.135323E-3,-1.037191E-3,-3.466244E-3
1.400000E0,1.257170E-1,4.485823E-2,6.279352E-5,1.504282E-3,-4.694595E-3,-2.458961E-2
1.433333E0,1.257247E-1,4.490515E-2,2.141972E-6,6.526112E-4,-2.189501E-2,-8.203039E-3
1.466667E0,1.257172E-1,4.490174E-2,-1.329173E-3,6.482544E-4,-6.423016E-2,-4.285074E-3
1.500000E0,1.256361E-1,4.494837E-2,-4.295517E-3,7.779873E-4,-1.562015E-1,-1.793391E-3
1.533333E0,1.254308E-1,4.495361E-2,-1.137320E-2,2.331677E-4,-2.370302E-1,3.740639E-3
1.566667E0,1.248779E-1,4.496392E-2,-2.072885E-2,1.034254E-3,-1.066368E-1,2.808405E-2
1.600000E0,1.240489E-1,4.502256E-2,-1.966494E-2,2.233884E-3,1.147447E-2,1.269985E-2
1.633333E0,1.235669E-1,4.511284E-2,-1.745629E-2,2.012413E-3,-2.494980E-2,-1.511346E-2
1.666667E0,1.228851E-1,4.515672E-2,-2.261923E-2,1.004195E-3,-4.895590E-2,-1.282442E-2
1.700000E0,1.220590E-1,4.517979E-2,-2.139463E-2,1.108283E-3,1.552977E-2,-6.754740E-3
1.733333E0,1.214588E-1,4.523060E-2,-2.001845E-2,8.182512E-4,-3.386508E-2,-9.610170E-3
1.766667E0,1.207244E-1,4.523434E-2,-2.437688E-2,1.945916E-4,-2.923743E-2,-8.298167E-3
1.800000E0,1.198337E-1,4.524358E-2,-2.289640E-2,3.754602E-4,9.258446E-2,5.635385E-3
1.833333E0,1.191980E-1,4.525937E-2,-1.706345E-2,5.724880E-4,5.563488E-2,3.702033E-3
1.866667E0,1.186961E-1,4.528174E-2,-1.864723E-2,6.407604E-4,-1.609081E-1,5.282814E-4
1.900000E0,1.179548E-1,4.530209E-2,-2.824544E-2,5.880923E-4,-1.420803E-1,1.421591E-2
1.933333E0,1.168131E-1,4.532095E-2,-2.993867E-2,1.458900E-3,2.391628E-2,2.133457E-2
1.966667E0,1.159589E-1,4.539935E-2,-2.469352E-2,2.279134E-3,5.116373E-2,-2.498708E-3
2.000000E0,1.151669E-1,4.547289E-2,-2.648835E-2,1.276733E-3,1.174750E-2,-2.100194E-2
2.033333E0,1.141930E-1,4.548446E-2,-2.537143E-2,5.892291E-4,3.111074E-2,-1.015379E-2
2.066667E0,1.134754E-1,4.551217E-2,-2.275192E-2,8.054691E-4,-6.652987E-2,4.421925E-3
2.100000E0,1.126762E-1,4.553816E-2,-2.986422E-2,8.342546E-4,-2.507838E-1,-3.355253E-3
2.133333E0,1.114845E-1,4.556779E-2,-4.032524E-2,6.370589E-4,-1.212274E-1,3.837253E-3
2.166667E0,1.099879E-1,4.558063E-2,-3.922206E-2,9.321836E-4,8.214845E-2,8.866934E-3
2.200000E0,1.088697E-1,4.562993E-2,-3.269542E-2,1.427770E-3,3.284525E-2,8.261196E-3
2.233333E0,1.078082E-1,4.567581E-2,-3.688060E-2,1.388407E-3,-5.713848E-2,-4.645629E-4
2.266667E0,1.064110E-1,4.572249E-2,-3.854658E-2,1.406669E-3,1.900792E-3,-4.901148E-3
2.300000E0,1.052384E-1,4.576959E-2,-3.508463E-2,1.105639E-3,-1.101752E-1,-1.954644E-3
2.333333E0,1.040720E-1,4.579620E-2,-4.492758E-2,1.139000E-3,-1.586177E-1,-5.840813E-3
2.366667E0,1.022432E-1,4.584553E-2,-4.930469E-2,9.352531E-4,1.120096E-1,-9.964826E-3
2.400000E0,1.007850E-1,4.585855E-2,-3.561488E-2,2.855170E-4,2.421380E-1,-1.199682E-2
2.433333E0,9.986892E-2,4.586456E-2,-3.111387E-2,1.827722E-4,4.949865E-2,1.102806E-3
2.466667E0,9.871075E-2,4.587074E-2,-3.454305E-2,3.511411E-4,3.156446E-2,-7.051837E-4
2.500000E0,9.756605E-2,4.588797E-2,-2.917161E-2,2.245272E-4,-3.538868E-2,4.502331E-3
2.533333E0,9.676598E-2,4.588571E-2,-3.402267E-2,4.675795E-4,-3.492326E-1,4.185037E-3
2.566667E0,9.529787E-2,4.591914E-2,-5.455376E-2,7.363782E-4,-2.546556E-1,2.679898E-3
2.600000E0,9.312906E-2,4.593480E-2,-5.413288E-2,4.905824E-4,2.417050E-1,2.153275E-2
2.633333E0,9.168901E-2,4.595185E-2,-3.498857E-2,2.002882E-3,2.362825E-1,2.259768E-2
2.666667E0,9.079649E-2,4.606833E-2,-3.624331E-2,2.554504E-3,-1.584543E-1,-1.219793E-2
2.700000E0,8.927279E-2,4.612215E-2,-4.896553E-2,8.214240E-4,-2.009571E-1,-3.198879E-2
2.733333E0,8.753212E-2,4.612309E-2,-4.959312E-2,2.918632E-4,-1.851120E-1,-8.138271E-3
2.766667E0,8.596659E-2,4.614161E-2,-5.845021E-2,4.785387E-4,-7.510126E-2,1.696151E-3
2.800000E0,8.363544E-2,4.615499E-2,-5.971609E-2,3.522960E-4,1.744293E-1,-4.715314E-3
2.833333E0,8.198551E-2,4.616509E-2,-4.316605E-2,1.788667E-4,5.797668E-2,7.368386E-4
2.866667E0,8.075770E-2,4.616691E-2,-5.316822E-2,3.331755E-4,-3.585749E-1,2.293613E-3
2.900000E0,7.844096E-2,4.618730E-2,-7.224990E-2,4.519179E-4,-3.688773E-1,-6.721193E-3
2.933333E0,7.594104E-2,4.619704E-2,-7.605992E-2,-1.387800E-4,-1.593294E-1,-6.969070E-3
2.966667E0,7.337030E-2,4.617805E-2,-8.207527E-2,-1.700742E-4,-4.169823E-2,-1.865739E-3
3.000000E0,7.046936E-2,4.618570E-2,-8.096884E-2,-4.779883E-5,-1.685394E-1,2.864883E-3
3.033333E0,6.797238E-2,4.617486E-2,-8.887700E-2,-1.416343E-4,-2.861674E-1,1.436132E-3
3.066667E0,6.454423E-2,4.617626E-2,-1.046458E-1,1.277360E-4,-2.801679E-1,2.097170E-3
3.100000E0,6.099600E-2,4.618338E-2,-1.061207E-1,2.362527E-5,-1.420914E-1,-1.600681E-3
3.133333E0,5.746951E-2,4.617784E-2,-1.127713E-1,-6.061712E-5,-4.763556E-1,-2.571063E-4
3.166667E0,5.347791E-2,4.617934E-2,-1.373965E-1,6.148626E-5,-6.441304E-1,2.587712E-3
3.200000E0,4.830975E-2,4.618194E-2,-1.591698E-1,9.852558E-5,-4.393046E-1,-1.799156E-2
3.233333E0,4.286659E-2,4.618591E-2,-1.650851E-1,-9.776944E-4,-2.093882E-1,-1.385294E-2
3.266667E0,3.730407E-2,4.611676E-2,-1.722793E-1,-1.258000E-3,-2.309406E-1,5.563754E-3
3.300000E0,3.138130E-2,4.610204E-2,-1.812585E-1,-2.448579E-4,-1.487877E-1,4.930194E-3
3.333333E0,2.522017E-2,4.610043E-2,-1.827463E-1,-8.721183E-4,1.148181E-2,-1.436267E-2
3.366667E0,1.919822E-2,4.604390E-2,-1.795449E-1,-1.494597E-3,2.326261E-1,-1.087969E-2
3.400000E0,1.325051E-2,4.600079E-2,-1.686196E-1,-1.406089E-3,4.726571E-1,-3.543448E-3
3.433333E0,7.956916E-3,4.595016E-2,-1.470674E-1,-1.757722E-3,7.247550E-1,-1.375794E-2
3.466667E0,3.446018E-3,4.588361E-2,-1.204719E-1,-2.328029E-3,9.713452E-1,-1.583053E-3
3.500000E0,-7.454761E-5,4.579496E-2,-8.297812E-2,-2.015827E-3,8.470802E-1,3.307243E-3
3.533333E0,-2.085857E-3,4.574922E-2,-5.973952E-2,-1.813245E-3,2.338112E-1,6.095124E-3
3.566667E0,-4.057182E-3,4.567408E-2,-6.903925E-2,-1.880849E-3,-2.311805E-1,-1.960817E-2
3.600000E0,-6.688474E-3,4.562383E-2,-7.817480E-2,-2.770286E-3,-4.574944E-2,-1.292725E-2
3.633333E0,-9.268836E-3,4.548939E-2,-7.132599E-2,-3.266425E-3,2.132832E-1,1.501017E-3
3.666667E0,-1.144354E-2,4.540607E-2,-6.269085E-2,-2.299309E-3,1.303557E-1,1.677190E-2
3.700000E0,-1.344823E-2,4.533610E-2,-6.244677E-2,-2.187925E-3,7.684244E-2,-1.080711E-2
3.733333E0,-1.560666E-2,4.526021E-2,-5.936148E-2,-2.974172E-3,1.917904E-1,3.300543E-3
3.766667E0,-1.740566E-2,4.513782E-2,-4.856325E-2,-2.344069E-3,2.310438E-1,8.474396E-3
3.800000E0,-1.884421E-2,4.510394E-2,-4.318055E-2,-1.816105E-3,8.453733E-3,1.245778E-2
3.833333E0,-2.028436E-2,4.501675E-2,-4.808214E-2,-2.017111E-3,-1.371216E-2,-3.029363E-2
3.866667E0,-2.204968E-2,4.496946E-2,-4.641920E-2,-3.283991E-3,1.618227E-1,1.670801E-3
3.900000E0,-2.337897E-2,4.479782E-2,-3.537224E-2,-2.852330E-3,3.061749E-1,2.258421E-2
3.933333E0,-2.440783E-2,4.477931E-2,-2.630576E-2,-8.180652E-4,2.434508E-1,1.923190E-2
3.966667E0,-2.513269E-2,4.474328E-2,-1.889094E-2,-1.861850E-3,2.551841E-1,-1.309255E-2
4.000000E0,-2.566723E-2,4.465518E-2,-9.992613E-3,-1.972309E-3,2.407059E-1,5.028243E-4
4.033333E0,-2.579887E-2,4.461179E-2,-1.828010E-3,-1.497236E-3,1.622563E-1,8.572823E-3
4.066667E0,-2.578910E-2,4.455537E-2,5.328817E-4,-1.569973E-3,3.964999E-2,4.922582E-3
4.100000E0,-2.576334E-2,4.450713E-2,6.048083E-4,-1.148708E-3,-6.569536E-3,1.329019E-2
4.133333E0,-2.574878E-2,4.447879E-2,6.572054E-5,-6.454567E-4,-8.517018E-3,9.345767E-3
4.166667E0,-2.575896E-2,4.446410E-2,-7.762338E-5,-5.011678E-4,1.003885E-2,5.564001E-3
4.200000E0,-2.575395E-2,4.444538E-2,7.652537E-4,-3.511162E-4,1.020546E-2,8.593848E-3
4.233333E0,-2.570794E-2,4.444069E-2,8.252002E-4,1.053920E-4,-6.492037E-3,9.071607E-3
4.266667E0,-2.569894E-2,4.445240E-2,1.090199E-4,3.010630E-4,-1.099030E-2,5.676616E-3
4.300000E0,-2.570067E-2,4.446076E-2,1.035408E-4,4.113614E-4,-1.735689E-3,-5.103716E-3
4.333333E0,-2.569203E-2,4.447983E-2,8.559027E-5,8.366197E-5,3.342438E-3,-4.451897E-3
4.366667E0,-2.569497E-2,4.446634E-2,2.117222E-4,-9.249805E-5,5.841967E-3,-7.346517E-4
4.400000E0,-2.567792E-2,4.447366E-2,5.762318E-4,1.968927E-4,-3.683770E-3,9.592836E-3
4.433333E0,-2.565655E-2,4.447946E-2,2.923030E-5,4.556940E-4,-9.222680E-3,2.444387E-4
4.466667E0,-2.567597E-2,4.450404E-2,-2.676533E-4,3.519423E-4,7.383166E-3,-6.882253E-3
4.500000E0,-2.567440E-2,4.450293E-2,6.173686E-4,-1.384373E-4,1.435556E-2,-7.513403E-3
4.533333E0,-2.563481E-2,4.449481E-2,8.548118E-4,-1.388628E-4,-7.267282E-4,5.073613E-4
4.566667E0,-2.561741E-2,4.449367E-2,4.086404E-4,-5.653070E-5,-9.019026E-3,5.383309E-3
4.600000E0,-2.560757E-2,4.449104E-2,2.719520E-4,1.640191E-4,-8.366383E-3,5.597008E-4
4.633333E0,-2.559928E-2,4.450460E-2,-9.099285E-5,9.753790E-5,-1.116004E-2,-1.355227E-3
4.666667E0,-2.561364E-2,4.449755E-2,-5.489286E-4,-6.969578E-5,9.315703E-3,-6.546034E-3
4.700000E0,-2.563587E-2,4.449996E-2,3.933334E-4,-2.132709E-4,3.449625E-2,7.411425E-3
4.733333E0,-2.558741E-2,4.448333E-2,1.993573E-3,2.198066E-4,4.037048E-2,-5.178824E-3
4.766667E0,-2.550297E-2,4.451461E-2,3.018177E-3,-1.559995E-4,1.827940E-2,-1.531550E-2
4.800000E0,-2.538620E-2,4.447293E-2,3.302275E-3,-1.220870E-3,-4.499835E-3,1.181744E-2
4.833333E0,-2.528282E-2,4.443322E-2,2.655333E-3,5.481884E-4,-1.026413E-3,1.728168E-2
4.866667E0,-2.520918E-2,4.450947E-2,3.019284E-3,6.569196E-4,-1.261977E-2,-5.099422E-3
4.900000E0,-2.508153E-2,4.447702E-2,2.324272E-3,-5.646045E-4,-3.908106E-2,-1.005232E-2
4.933333E0,-2.505423E-2,4.447183E-2,-1.304305E-5,2.750988E-4,-4.695072E-2,1.636266E-2
4.966667E0,-2.508240E-2,4.449536E-2,-8.305792E-4,6.051714E-4,-3.480640E-3,7.391845E-3
5.000000E0,-2.510960E-2,4.451218E-2,-2.087893E-4,6.560390E-4,1.545821E-2,-2.917738E-3
5.033333E0,-2.509632E-2,4.453909E-2,3.747538E-4,5.106546E-4,8.150037E-3,-9.450875E-3
5.066667E0,-2.508462E-2,4.454622E-2,2.547972E-4,-4.363887E-5,-2.143672E-3,-9.807959E-3
5.100000E0,-2.507933E-2,4.453618E-2,2.015603E-4,-1.902462E-4,5.553148E-4,-7.045254E-3
5.133333E0,-2.507118E-2,4.453354E-2,3.087181E-4,-3.991458E-4,-3.460981E-3,-8.375899E-4
5.166667E0,-2.505875E-2,4.450957E-2,3.172109E-5,-3.990217E-4,-5.345873E-3,1.318675E-3
5.200000E0,-2.506907E-2,4.450694E-2,-1.736744E-4,-1.622450E-4,-1.034400E-3,4.038834E-3
5.233333E0,-2.507033E-2,4.449876E-2,3.923326E-5,-2.050128E-4,6.511660E-3,5.989142E-4
5.266667E0,-2.506645E-2,4.449327E-2,2.447741E-4,-1.071025E-4,2.987117E-3,4.477437E-3
5.300000E0,-2.505401E-2,4.449162E-2,2.776505E-4,8.492038E-5,-1.196649E-3,1.260082E-3
5.333333E0,-2.504794E-2,4.449893E-2,1.272390E-4,3.366442E-5,-4.352639E-3,-4.597692E-5
5.366667E0,-2.504553E-2,4.449386E-2,-3.728595E-6,-1.065171E-5,-5.706569E-4,-2.286312E-3
5.400000E0,-2.504819E-2,4.449822E-2,5.594205E-5,-2.897177E-5,-1.135687E-2,-7.415265E-4
5.433333E0,-2.504180E-2,4.449193E-2,-5.983689E-4,-1.337995E-4,-2.261410E-2,2.258447E-3
5.466667E0,-2.508808E-2,4.448930E-2,-1.658213E-3,1.302492E-4,-3.649411E-2,-1.221224E-2
5.500000E0,-2.515235E-2,4.450061E-2,-2.862115E-3,-7.416341E-4,-4.646503E-2,6.346286E-3
5.533333E0,-2.527889E-2,4.443986E-2,-4.835701E-3,-4.003855E-5,8.750338E-3,1.580954E-2
5.566667E0,-2.547473E-2,4.449794E-2,-2.871443E-3,1.071875E-3,6.981288E-2,6.779346E-3
5.600000E0,-2.547032E-2,4.451132E-2,7.386107E-4,2.009447E-5,5.723949E-2,-1.804428E-2
5.633333E0,-2.542549E-2,4.449928E-2,7.706602E-4,-1.712697E-4,-2.400015E-3,-3.837580E-3
5.666667E0,-2.541894E-2,4.449990E-2,3.115013E-4,-1.088850E-4,-8.441644E-3,-3.336453E-4
5.700000E0,-2.540472E-2,4.449202E-2,3.357599E-4,-2.544193E-4,-3.587134E-3,2.977831E-3
5.733333E0,-2.539656E-2,4.448294E-2,5.685214E-5,5.574163E-5,-6.037386E-3,7.666335E-3
5.766667E0,-2.540093E-2,4.449574E-2,-1.104751E-4,3.569441E-4,-3.003508E-3,3.452035E-3
5.800000E0,-2.540392E-2,4.450673E-2,-1.079619E-4,2.435510E-4,4.108526E-4,-5.601173E-3
5.833333E0,-2.540813E-2,4.451198E-2,-9.564268E-5,-1.292819E-5,1.552039E-4,-3.621061E-3
5.866667E0,-2.541030E-2,4.450587E-2,-8.361478E-5,-5.277994E-5,1.392139E-3,1.724762E-4
5.900000E0,-2.541370E-2,4.450846E-2,-2.371419E-5,6.230941E-5,2.622497E-3,-3.029782E-4
5.933333E0,-2.541188E-2,4.451003E-2,1.085941E-4,-7.808549E-5,3.714602E-4,-2.013411E-3
5.966667E0,-2.540646E-2,4.450325E-2,2.487858E-5,-1.177052E-4,-1.704202E-4,3.004122E-3
6.000000E0,-2.541022E-2,4.450218E-2,2.987092E-5,1.399107E-4,-1.966256E-3,1.060435E-3
6.033333E0,-2.540447E-2,4.451258E-2,-1.854151E-5,3.020570E-5,3.184490E-3,-3.007405E-3
6.066667E0,-2.541146E-2,4.450419E-2,1.201484E-4,-1.764260E-4,-2.019512E-3,-1.302795E-4
6.100000E0,-2.539646E-2,4.450082E-2,2.848299E-5,6.019494E-5,-2.973054E-4,2.433620E-3
6.133333E0,-2.540956E-2,4.450821E-2,-1.078565E-4,4.625674E-5,-2.748988E-4,-1.342123E-3
6.166667E0,-2.540365E-2,4.450390E-2,1.549396E-4,-1.057863E-4,4.229614E-3,-1.202942E-4
6.200000E0,-2.539923E-2,4.450115E-2,1.277767E-4,5.090876E-5,-6.910123E-3,6.059694E-3
6.233333E0,-2.539513E-2,4.450729E-2,-2.506380E-4,3.143742E-4,-1.743780E-3,1.186997E-5
6.266667E0,-2.541594E-2,4.452211E-2,-1.606640E-4,1.166556E-4,2.362422E-3,-6.910323E-3
6.300000E0,-2.540584E-2,4.451507E-2,1.188772E-4,-2.526417E-4,2.777263E-3,-2.830871E-3
6.333333E0,-2.540801E-2,4.450527E-2,-9.059367E-5,-6.921350E-5,-3.522321E-3,3.435151E-3
6.366667E0,-2.541188E-2,4.451046E-2,-9.939032E-5,6.019112E-5,3.239891E-3,4.239066E-3
6.400000E0,-2.541464E-2,4.450928E-2,1.068005E-4,1.303187E-4,3.780798E-3,-7.353566E-4
6.433333E0,-2.540476E-2,4.451915E-2,2.158512E-4,1.001058E-4,1.775339E-3,-2.897102E-3
6.466667E0,-2.540025E-2,4.451595E-2,1.701923E-4,-1.365959E-4,-3.504091E-3,-2.518062E-3
6.500000E0,-2.539342E-2,4.451004E-2,2.878601E-5,-6.721507E-5,-5.085263E-3,-1.247008E-3
6.533333E0,-2.539833E-2,4.451147E-2,-2.144913E-4,-1.542137E-4,-3.145078E-3,-5.890929E-3
6.566667E0,-2.540772E-2,4.449976E-2,-1.882722E-4,-5.094762E-4,-3.102508E-3,2.825537E-3
6.600000E0,-2.541088E-2,4.447751E-2,-3.487660E-4,-6.839830E-5,2.780405E-4,1.109771E-2
6.633333E0,-2.543097E-2,4.449520E-2,-2.990050E-4,4.374367E-4,6.733382E-3,1.369219E-3
6.666667E0,-2.543081E-2,4.450667E-2,1.958469E-4,-3.515625E-5,7.456858E-3,-9.269042E-3
6.700000E0,-2.541791E-2,4.449285E-2,2.315720E-4,-2.929248E-4,-1.565954E-3,-3.608392E-3
6.733333E0,-2.541537E-2,4.448714E-2,2.676854E-5,-1.848627E-4,-2.130431E-3,7.801167E-3
6.766667E0,-2.541613E-2,4.448053E-2,8.262618E-5,1.553912E-4,9.629077E-4,4.408910E-3
6.800000E0,-2.540987E-2,4.449750E-2,1.355377E-4,2.492028E-4,6.671404E-4,-5.763972E-4
6.833333E0,-2.540709E-2,4.449714E-2,9.539894E-5,-8.205194E-6,-1.863399E-3,-5.246812E-3
6.866667E0,-2.540351E-2,4.449696E-2,3.291381E-5,-5.559199E-5,-1.307136E-2,3.632165E-3
6.900000E0,-2.540490E-2,4.449344E-2,-7.044139E-4,1.787085E-4,-2.034337E-2,7.017693E-3
6.933333E0,-2.545047E-2,4.450887E-2,-1.485130E-3,4.958863E-4,4.361602E-3,-8.549145E-5
6.966667E0,-2.550391E-2,4.452650E-2,-5.089981E-4,1.901975E-4,2.468339E-2,-7.627846E-3
7.000000E0,-2.548440E-2,4.452155E-2,5.018114E-4,-1.183918E-4,1.723835E-2,-6.362597E-3
7.033333E0,-2.547045E-2,4.451860E-2,4.549003E-4,-1.659282E-4,1.096821E-3,1.915593E-3
7.066667E0,-2.545407E-2,4.451049E-2,5.840091E-4,-4.544291E-5,-1.080326E-3,3.062337E-4
7.100000E0,-2.543152E-2,4.451557E-2,4.382193E-4,-4.902793E-5,-5.346238E-3,5.637662E-3
7.133333E0,-2.542486E-2,4.450722E-2,1.529123E-4,1.825915E-4,-7.302931E-3,5.521116E-3
7.166667E0,-2.542132E-2,4.452775E-2,-1.120567E-5,4.896761E-4,8.249515E-3,9.278979E-3
7.200000E0,-2.542561E-2,4.453986E-2,5.754957E-4,6.607687E-4,,
7.233333E0,-2.538296E-2,4.457180E-2,,,,
