	mass A						
t	x	y	vx	vy	ax	ay	
0.000	224.9	37.15				
0.033	224.9	37.15	-0.109	-2.855E-2		
0.067	224.9	37.15	-5.690E-2	1.429E-2	-0.818	0.426
0.100	224.9	37.15	-1.734E-2	4.471E-2	3.403	0.793
0.133	224.9	37.15	2.207E-2	2.736E-2	0.481	0.332
0.167	224.9	37.15	0.150	8.860E-2	0.225	-0.603
0.200	224.9	37.16	-4.009E-2	-1.752E-3	-3.787	-1.952
0.233	224.9	37.15	-9.068E-2	-7.652E-2	-0.282	-1.345
0.267	224.9	37.15	-6.215E-2	-6.632E-2	0.491	1.299E-2
0.300	224.9	37.15	-4.216E-2	-8.455E-2	2.682	0.442
0.333	224.9	37.15	8.443E-2	-4.086E-2	1.010	1.762
0.367	224.9	37.15	8.989E-2	4.042E-2	0.657	1.167
0.400	224.9	37.15	5.233E-2	4.571E-2	-0.871	-6.236E-2
0.433	224.9	37.15	9.073E-2	2.096E-2	-2.096	-6.159E-2
0.467	224.9	37.15	-0.102	4.557E-2	-2.595	1.575
0.500	224.9	37.15	-0.125	0.122	1.037	9.891E-3
0.533	224.9	37.16	1.102E-2	7.535E-2	1.415	-3.443
0.567	224.9	37.16	-2.729E-2	-0.132	-0.196	-3.118
0.600	224.9	37.15	-3.456E-2	-0.158	1.303	0.155
0.633	224.9	37.15	7.924E-2	-8.445E-2	2.409	2.586
0.667	224.9	37.15	0.132	-8.238E-3	3.462E-2	2.438
0.700	224.9	37.15	8.142E-2	9.732E-2	-3.905	1.438
0.733	224.9	37.15	-0.121	8.887E-2	-2.775	-1.080
0.767	224.9	37.15	-0.156	1.690E-2	1.408	-0.591
0.800	224.9	37.15	1.914E-2	3.588E-2	3.558	-0.242
0.833	224.9	37.16	8.096E-2	3.081E-2	0.276	-1.323
0.867	224.9	37.15	3.665E-2	-7.186E-2	-0.810	0.958
0.900	224.9	37.15	1.018E-2	6.590E-2	-2.219	1.289
0.933	224.9	37.16	-8.248E-2	9.298E-2	8.708E-2	-0.903
0.967	224.9	37.16	-4.139E-2	-6.287E-2	2.042	-2.432
1.000	224.9	37.16	0.114	-5.068E-2	1.860	0.443
1.033	224.9	37.15	6.755E-2	-2.909E-2	-0.311	0.200
1.067	224.9	37.15	7.211E-2	-3.612E-2	-5.143	0.275
1.100	224.9	37.15	-0.207	-1.947E-2	-2.760	-0.297
1.133	224.9	37.15	-0.254	-3.871E-2	2.231	-1.234
1.167	224.9	37.15	6.499E-2	-0.116	5.438	2.206
1.200	224.9	37.14	8.125E-2	7.575E-2	0.708	1.829
1.233	224.9	37.15	9.634E-2	0.101	-0.881	-0.345
1.267	224.9	37.15	4.736E-2	-4.183E-2	-2.172	-2.109
1.300	224.9	37.15	-7.231E-2	3.941E-3	0.117	0.568
1.333	224.9	37.15	3.630E-2	-1.187E-2	0.674	-8.638E-2
1.367	224.9	37.15	3.919E-2	-5.822E-3	0.221	-2.115
1.400	224.9	37.15	-2.152E-2	-0.128	-1.209	0.154
1.433	224.9	37.14	9.033E-3	-6.546E-2	1.832	2.051
1.467	224.9	37.15	6.024E-2	9.175E-2	0.415	3.310
1.500	224.9	37.15	8.395E-2	0.107	-2.765	1.844
1.533	224.9	37.15	-0.140	0.228	-1.098	-1.838
1.567	224.9	37.16	-5.318E-2	3.151E-2	2.375	-4.143
1.600	224.9	37.16	0.115	-0.144	-0.643	-1.032
1.633	224.9	37.15	-0.123	1.377E-2	-2.836	-0.658
1.667	224.9	37.16	-0.137	-0.146	1.338	-0.247
1.700	224.9	37.14	3.469E-2	-0.117	3.811	2.261
1.733	224.9	37.15	9.145E-2	0.117	-0.317	2.552
1.767	224.9	37.15	3.834E-2	1.780E-2	-0.942	-2.157
1.800	224.9	37.15	-1.222E-2	-4.454E-2	-1.343	-7.462E-2
1.833	224.9	37.15	-1.656E-2	1.778E-2	0.545	0.641
1.867	224.9	37.15	-6.000E-3	1.965E-2	-0.114	1.525
1.900	224.9	37.15	7.652E-3	8.085E-2	-1.427E-2	-0.388
1.933	224.9	37.16	-3.088E-2	5.352E-2	0.514	-1.113
1.967	224.9	37.15	4.240E-2	-5.423E-2	1.106	-2.096
2.000	224.9	37.15	6.551E-2	-5.246E-2	5.173E-3	-0.407
2.033	224.9	37.15	2.240E-2	-9.336E-2	-0.588	-0.712
2.067	224.9	37.15	2.996E-2	-9.902E-2	0.630	4.203
2.100	224.9	37.14	6.417E-2	0.154	-6.193E-2	1.385
2.133	224.9	37.16	3.842E-2	0.106	0.218	-1.493
2.167	224.9	37.15	5.192E-2	-8.133E-2	-3.865	-3.110
2.200	224.9	37.15	-0.155	-2.074E-2	-2.165	1.201
2.233	224.9	37.15	-0.210	-3.554E-2	0.720	-0.433
2.267	224.9	37.15	-5.172E-3	-2.913E-2	4.807	1.506
2.300	224.9	37.15	6.481E-2	3.867E-2	1.128	-0.556
2.333	224.9	37.15	0.102	-1.401E-2	-1.564	0.838
2.367	224.9	37.15	-4.893E-2	1.365E-2	-2.021	-0.156
2.400	224.9	37.15	-6.911E-2	6.461E-2	2.685	1.173
2.433	224.9	37.15	0.150	1.984E-2	6.507	10.81
2.467	224.9	37.15	0.378	0.735	8.428	15.52
2.500	224.9	37.20	0.688	1.243	-1.760	5.811
2.533	225.0	37.24	0.384	1.010	-8.774	-12.88
2.567	225.0	37.27	-8.456E-2	0.439	-5.484	-8.458
2.600	225.0	37.27	9.099E-2	0.284	1.527	1.318
2.633	225.0	37.29	6.526E-2	0.671	-4.998	-1.978
2.667	225.0	37.31	-0.274	0.207	-36.42	-4.423
2.700	225.0	37.30	-2.156	0.143	-110.4	-2.957
2.733	224.8	37.32	-7.561	0.273	-146.9	2.312
2.767	224.4	37.32	-12.58	0.104	-85.37	-4.918
2.800	224.0	37.33	-13.19	7.511E-2	13.52	-5.544
2.833	223.6	37.32	-11.45	-0.323	1.865	2.233
2.867	223.2	37.31	-12.56	0.110	-79.39	10.31
2.900	222.7	37.33	-17.16	0.591	-43.39	38.73
2.933	222.1	37.35	-16.31	2.298	2.371	19.17
2.967	221.6	37.48	-15.38	2.634	-85.88	-1.161
3.000	221.1	37.52	-22.50	1.473	-166.9	-30.39
3.033	220.1	37.58	-27.49	1.037	8.189	-2.298
3.067	219.2	37.59	-22.14	0.945	39.63	-14.06
3.100	218.7	37.64	-22.39	0.565	-129.6	-19.29
3.133	217.7	37.63	-32.61	-0.718	-208.7	-10.83
3.167	216.5	37.60	-36.75	-0.171	-162.6	9.165
3.200	215.3	37.62	-41.98	0.194	-118.4	10.86
3.233	213.7	37.61	-46.39	0.268	129.4	29.39
3.267	212.2	37.63	-33.90	2.140	105.1	28.83
3.300	211.4	37.75	-34.54	2.654	-171.6	-8.766
3.333	209.9	37.81	-49.95	1.181	-197.1	-29.80
3.367	208.1	37.83	-47.70	0.627	-77.44	-30.13
3.400	206.7	37.85	-51.68	-0.565	-236.5	-12.02
3.433	204.7	37.79	-66.28	-0.681	-267.7	-0.858
3.467	202.3	37.81	-69.82	-6.587E-2	-324.9	-21.54
3.500	200.0	37.79	-84.49	-2.179	-239.6	-29.31
3.533	196.7	37.66	-91.88	-2.591	-34.11	5.759
3.567	193.9	37.62	-82.09	-1.234	66.34	21.07
3.600	191.2	37.58	-87.50	-1.292	-279.9	-9.811
3.633	188.0	37.53	-101.6	-1.905	-361.7	-7.054
3.667	184.4	37.45	-112.4	-1.911	-74.01	-8.733
3.700	180.6	37.40	-107.5	-2.210	82.02	-4.102
3.733	177.2	37.31	-103.6	-2.504	5.057	0.979
3.767	173.6	37.24	-109.3	-1.946	83.73	16.00
3.800	170.0	37.18	-99.49	-1.498	438.1	-7.276
3.833	167.0	37.14	-78.10	-2.219	422.9	-11.86
3.867	164.7	37.03	-69.77	-2.702	163.1	-2.128
3.900	162.4	36.96	-69.47	-2.073	79.22	15.55
3.933	160.1	36.89	-64.11	-1.751	154.6	12.91
3.967	158.1	36.84	-58.81	-1.203	136.1	-2.630
4.000	156.2	36.81	-55.17	-1.747	-1.163	-13.92
4.033	154.4	36.72	-58.07	-2.444	-38.29	2.446
4.067	152.3	36.65	-59.67	-1.524	81.14	2.310
4.100	150.4	36.62	-51.87	-1.930	157.4	11.73
4.133	148.9	36.52	-48.05	-1.422	40.09	0.101
4.167	147.2	36.53	-50.05	-1.087	-70.86	-4.928
4.200	145.5	36.45	-52.66	-2.379	-19.64	-51.31
4.233	143.7	36.37	-52.03	-4.057	109.5	-23.28
4.267	142.1	36.17	-45.13	-4.599	231.4	23.23
4.300	140.7	36.06	-36.22	-2.110	238.3	41.93
4.333	139.6	36.03	-29.08	-1.500	143.7	11.65
4.367	138.8	35.96	-26.42	-1.779	61.85	-5.029
4.400	137.9	35.92	-25.56	-1.584	106.3	23.36
4.433	137.1	35.86	-19.70	-0.528	269.2	21.99
4.467	136.6	35.88	-7.446	0.338	272.5	16.10
4.500	136.6	35.88	-8.971E-2	0.204	125.5	-2.492
4.533	136.6	35.89	-0.157	0.333	-1.094	7.645
4.567	136.6	35.90	-0.154	0.575	-2.874	8.113
4.600	136.6	35.93	-0.323	1.002	-0.224	2.893
4.633	136.5	35.97	-0.253	0.761	3.731	-7.396
4.667	136.5	35.98	1.613E-2	0.433	4.181	-6.587
4.700	136.5	36.00	4.030E-3	0.351	0.725	-2.009
4.733	136.5	36.01	3.915E-2	0.300	1.217	-2.635
4.767	136.5	36.02	0.112	0.187	1.044	-2.634
4.800	136.5	36.02	9.957E-2	0.100	-2.379	-0.455
4.833	136.5	36.02	-3.259E-2	0.164	-1.362	1.252
4.867	136.5	36.03	-4.029E-2	0.202	1.263	-0.873
4.900	136.5	36.04	9.763E-2	0.103	2.222	-4.885
4.933	136.5	36.04	0.102	-0.123	-2.598	-0.245
4.967	136.5	36.03	-6.428E-2	1.565E-2	-2.765	2.680
5.000	136.5	36.04	-0.132	0.176	1.587	1.830
5.033	136.5	36.04	6.703E-2	5.994E-2	4.895	-3.765
5.067	136.5	36.04	0.214	-3.920E-2	0.116	-1.011
5.100	136.6	36.04	8.650E-2	-5.298E-2	-3.283	1.043
5.133	136.6	36.04	-5.383E-2	6.874E-2	-1.753	1.593
5.167	136.6	36.04	-9.362E-3	5.372E-2	0.617	-0.526
5.200	136.6	36.04	-2.004E-3	1.677E-2	0.840	-1.783
5.233	136.6	36.04	2.749E-2	-4.749E-2	0.989	-1.124
5.267	136.6	36.04	8.259E-2	-8.377E-2	1.104	-0.559
5.300	136.6	36.04	9.258E-2	-6.326E-2	-1.293	1.659
5.333	136.6	36.03	1.151E-2	6.465E-3	-2.481	2.137
5.367	136.6	36.04	-9.701E-2	0.103	-1.516	-0.276
5.400	136.6	36.04	-8.632E-2	-2.877E-3	0.644	-0.929
5.433	136.6	36.04	-4.471E-2	-1.099E-2	2.596	-1.979
5.467	136.6	36.04	7.119E-2	-6.274E-2	1.566	0.772
5.500	136.6	36.03	9.856E-2	-4.742E-2	-0.634	0.667
5.533	136.6	36.04	-4.009E-3	6.527E-2	-0.646	0.940
5.567	136.6	36.04	4.779E-2	-2.531E-2	0.600	-1.324
5.600	136.6	36.04	6.996E-2	-2.452E-2	-0.749	-0.102
5.633	136.6	36.04	-2.380E-2	-1.834E-2	-1.835	1.004
5.667	136.6	36.03	-5.605E-2	2.420E-2	-0.800	1.667
5.700	136.6	36.04	-6.760E-2	0.110	1.900	-1.433
5.733	136.6	36.04	4.613E-2	-4.761E-2	-0.800	-2.487
5.767	136.6	36.03	-4.879E-2	-0.126	-0.796	-3.971E-2
5.800	136.6	36.03	-0.113	1.618E-3	1.757	1.572
5.833	136.6	36.03	0.134	-2.187E-2	2.507	0.771
5.867	136.6	36.03	7.610E-2	2.276E-2	-2.305	1.809
5.900	136.6	36.04	-7.234E-2	0.130	-1.821	0.252
5.933	136.6	36.04	-3.204E-2	4.484E-2	1.061	-1.032
5.967	136.6	36.04	1.165E-2	1.979E-2	0.586	-0.633
6.000	136.6	36.04	1.898E-3	4.526E-2	0.139	-0.162
6.033	136.6	36.04	1.513E-2	-1.428E-2	-1.192	0.341
6.067	136.6	36.04	-5.640E-2	6.001E-2	1.437E-2	0.825
6.100	136.6	36.05	-3.105E-2	7.613E-2	1.477	-0.984
6.133	136.6	36.05	8.942E-2	-3.160E-2	2.145	-2.958
6.167	136.6	36.04	9.461E-2	-0.116	-0.855	-0.699
6.200	136.6	36.04	4.160E-2	-9.498E-2	-1.349	1.321
6.233	136.6	36.04	-1.265E-2	-5.837E-3	-1.218	1.154
6.267	136.6	36.04	-2.804E-2	-1.621E-2	-6.592E-2	0.401
6.300	136.6	36.04	-2.562E-2	9.001E-4	-1.161	1.241
6.333	136.6	36.04	-8.544E-2	8.141E-2	0.269	0.936
6.367	136.6	36.04	-5.020E-2	7.054E-2	1.335	-1.689
6.400	136.6	36.04	5.032E-2	-3.758E-2	0.146	-1.831
6.433	136.6	36.04	-4.928E-2	-6.987E-2	-0.106	-0.417
6.467	136.6	36.04	1.973E-3	-4.447E-2	-0.791	1.591
6.500	136.6	36.04	-2.758E-2	1.820E-2	0.687	1.649
6.533	136.6	36.04	-4.054E-2	8.778E-2	0.453	2.073
6.567	136.6	36.04	7.495E-2	0.138	6.420E-3	-0.275
6.600	136.6	36.05	-5.853E-2	9.803E-2	-1.023	-2.770
6.633	136.5	36.05	-3.307E-2	-6.997E-2	-0.180	-1.482
6.667	136.6	36.04	-7.903E-3	-2.617E-2	9.433E-2	-0.200
6.700	136.5	36.05	-7.609E-2	-2.194E-2	-1.637	0.192
6.733	136.5	36.04	-8.895E-2	-7.253E-2	0.404	-6.507E-2
6.767	136.5	36.04	-7.335E-2	6.529E-3	1.416	2.110
6.800	136.5	36.04	2.231E-2	5.780E-2	2.801	-0.636
6.833	136.5	36.05	0.109	-1.220E-2	1.528	-2.663
6.867	136.6	36.04	0.136	-0.151	-1.367	-1.240
6.900	136.6	36.04	1.847E-2	-0.101	-2.204	1.238
6.933	136.6	36.04	-4.047E-2	-3.754E-2	-0.373	4.129
6.967	136.6	36.03	1.482E-2	0.131	-1.937	2.969
7.000	136.6	36.04	-0.144	0.229	-1.062	-2.242E-2
7.033	136.5	36.05	-0.136	8.496E-2	4.531	-5.649
7.067	136.5	36.05	0.213	-0.128	5.151	-3.325
7.100	136.6	36.04	0.246	-0.188	0.451	-0.200
7.133	136.6	36.04	0.174	-9.080E-2	-2.483	5.003
7.167	136.6	36.03	0.131	0.104	-0.833	0.531
7.200	136.6	36.04	7.463E-2	3.793E-2	-0.611	-1.219
7.233	136.6	36.04	0.118	-9.794E-2	4.039	-3.567
7.267	136.6	36.04	0.309	-0.107	0.488	2.204
7.300	136.6	36.03	0.243	-3.686E-2	-4.202	0.124
7.333	136.6	36.04	-6.568E-2	2.629E-3	-5.536	-0.606
7.367	136.6	36.03	-0.105	-0.155	1.206	-1.254
7.400	136.6	36.02	1.019E-2	-6.646E-2	-1.608	3.812
7.433	136.6	36.03	-0.147	0.107	-2.669	2.198
7.467	136.6	36.03	-0.276	0.108	-1.564	-1.196
7.500	136.6	36.03	-0.172	-8.504E-3	2.929	-1.505
7.533	136.6	36.03	-0.119	8.331E-3	1.219	0.913
7.567	136.6	36.03	-6.051E-2	6.546E-2	0.604	0.365
7.600	136.6	36.04	-9.490E-2	3.747E-2	0.502	1.364
7.633	136.6	36.04	-3.709E-2	0.123	1.420	-0.469
7.667	136.6	36.04	2.266E-2	7.481E-2	9.413E-2	-1.631
7.700	136.6	36.04	-3.646E-2	-6.086E-2	-1.925	-2.205
7.733	136.6	36.04	-0.114	-3.276E-2	5.041E-2	-0.309
7.767	136.6	36.04	-4.777E-2	-8.591E-2	-1.332	-0.130
7.800	136.6	36.03	-0.145	-5.992E-2	1.805	1.165
7.833	136.5	36.03	-3.839E-2	1.457E-2	2.506	2.106
7.867	136.5	36.04	0.151	6.762E-2	3.085	2.242E-2
7.900	136.6	36.04	8.708E-2	3.770E-2	-0.971	-0.890
7.933	136.6	36.04	0.117	-2.107E-2	-0.704	-0.226
7.967	136.6	36.04	3.809E-2	3.191E-2	0.572	-0.352
8.000	136.6	36.04	0.119	-2.253E-2	-1.351	0.804
8.033	136.6	36.04	3.098E-2	3.252E-2	-2.229	0.922
8.067	136.6	36.04	-0.127	0.105	-0.861	-0.411
8.100	136.6	36.04	1.739E-2	-2.901E-2	1.720	-2.743
8.133	136.6	36.04	8.996E-3	-8.441E-2	-4.103E-2	-0.460
8.167	136.6	36.04	-2.470E-2	-5.405E-2	-0.277	0.856
8.200	136.6	36.04	1.568E-2	-2.107E-2	-5.428E-2	0.931
8.233	136.6	36.04	-3.053E-2	3.351E-3	-1.499	0.214
8.267	136.6	36.04	-9.219E-2	5.234E-4	1.540	-0.247
8.300	136.6	36.04	4.892E-2	-2.158E-2	2.293	0.876
8.333	136.6	36.04	0.123	5.106E-2	-0.386	2.073
8.367	136.6	36.04	-1.771E-2	0.136	-1.371	0.331
8.400	136.6	36.04	1.659E-2	7.612E-2	-1.036	-1.527
8.433	136.6	36.04	-3.498E-2	1.137E-2	-0.155	-3.028
8.467	136.6	36.04	-6.140E-2	-9.712E-2	-1.337	-1.118
8.500	136.6	36.04	-5.724E-2	-0.112	1.566	1.078
8.533	136.6	36.04	-2.370E-2	1.625E-2	2.727	3.004
8.567	136.6	36.04	0.172	7.711E-2	1.840	-0.564
8.600	136.6	36.04	0.111	3.702E-4	-1.831	-0.494
8.633	136.6	36.04	7.346E-3	-7.127E-3	-1.077	-1.082
8.667	136.6	36.04	5.452E-2	-1.111E-2	-0.434	0.106
8.700	136.6	36.04	-5.660E-4	-5.461E-2	-1.985	0.183
8.733	136.6	36.04	-0.106	3.148E-2	-0.231	0.906
8.767	136.6	36.04	-2.194E-2	9.426E-3	0.281	-0.473
8.800	136.6	36.04	-3.981E-2	-1.827E-2	-0.687	-1.612
8.833	136.6	36.04	-0.121	-7.627E-2	0.299	0.139
8.867	136.6	36.03	-3.968E-3	-4.748E-2	3.290	-8.377E-2
8.900	136.6	36.04	0.111	-2.943E-2		
8.933	136.6	36.03				
