	mass A						
t	x	y	vx	vy	ax	ay	
0.000	256.6	36.38				
0.033	256.6	36.37	-5.897E-2	4.438E-3		
0.067	256.6	36.38	1.410E-2	5.715E-5	2.690	-2.770
0.100	256.6	36.37	0.149	-0.275	-0.392	-2.378
0.133	256.6	36.36	7.789E-3	-0.158	-2.316	5.524
0.167	256.6	36.36	-7.337E-2	0.125	-1.230	2.881
0.200	256.6	36.37	-1.752E-2	7.350E-2	1.073	-2.003
0.233	256.6	36.37	-2.925E-2	-8.124E-2	1.810	-1.325
0.267	256.6	36.36	0.101	8.421E-3	-0.931	3.407
0.300	256.6	36.37	-3.123E-2	0.150	0.226	4.211
0.333	256.6	36.37	-4.446E-3	0.292	0.766	-1.300
0.367	256.6	36.39	0.145	0.107	0.769	-4.453
0.400	256.6	36.38	-1.648E-2	-9.295E-2	-2.938	-4.950
0.433	256.6	36.38	-5.017E-2	-0.156	0.657	0.622
0.467	256.6	36.37	2.888E-2	-0.114	-0.411	-1.322
0.500	256.6	36.37	-4.167E-2	-0.155	-0.659	1.103
0.533	256.6	36.36	-7.730E-2	-0.148	0.503	3.041
0.567	256.6	36.36	3.759E-2	0.125	2.374	4.387
0.600	256.6	36.37	6.871E-2	0.142	-1.643	2.761
0.633	256.6	36.37	-5.024E-2	0.260	-0.361	-2.828
0.667	256.6	36.39	-1.987E-2	6.158E-2	2.233	-6.039
0.700	256.6	36.38	0.163	-0.276	0.363	-2.950
0.733	256.6	36.37	9.886E-3	-9.538E-2	-4.940	2.832
0.767	256.6	36.37	-0.210	-3.578E-2	-4.320	2.416
0.800	256.6	36.36	-0.267	2.250E-5	4.616	0.877
0.833	256.5	36.37	5.557E-2	7.879E-2	5.755	0.753
0.867	256.6	36.37	0.233	1.990E-2	0.584	-1.767
0.900	256.6	36.37	1.372E-2	-2.968E-2	-2.330	0.559
0.933	256.6	36.37	6.338E-2	3.313E-2	-0.525	-0.708
0.967	256.6	36.37	4.173E-2	-2.018E-2	0.264	1.124
1.000	256.6	36.37	9.316E-3	2.123E-2	-2.963	1.417
1.033	256.6	36.37	-7.786E-2	0.161	-0.391	-1.480
1.067	256.6	36.38	-0.110	-9.357E-2	-0.520	-0.941
1.100	256.6	36.37	-2.763E-2	7.093E-3	2.677	2.254
1.133	256.6	36.38	6.590E-3	0.187	0.569	3.669
1.167	256.6	36.38	6.192E-2	0.162	0.395	-3.067
1.200	256.6	36.39	9.599E-4	5.461E-2	-1.083	-3.166
1.233	256.6	36.38	-3.070E-3	-0.123	9.301E-2	-1.455
1.267	256.6	36.38	6.182E-3	-1.869E-2	1.864	1.858
1.300	256.6	36.38	0.110	2.601E-2	1.550	-1.297
1.333	256.6	36.38	0.144	-0.113	-2.552	-1.495
1.367	256.6	36.37	-6.897E-2	-0.112	-3.132	0.233
1.400	256.6	36.37	-0.115	-4.776E-2	-0.391	1.656
1.433	256.6	36.37	-3.875E-2	-3.462E-2	5.544	1.488
1.467	256.6	36.37	0.194	6.459E-2	1.671	2.823
1.500	256.6	36.38	0.190	0.154	-1.734	9.111
1.533	256.6	36.38	-4.064E-2	0.617	2.871	7.063
1.567	256.6	36.42	0.375	0.777	12.29	7.540
1.600	256.6	36.43	0.866	0.926	4.417	2.610
1.633	256.6	36.48	0.688	1.134	-11.28	-1.583
1.667	256.6	36.51	6.429E-2	0.732	-16.46	-5.787
1.700	256.6	36.53	-0.440	0.697	-10.97	-0.603
1.733	256.6	36.56	-0.660	0.779	-3.501	-9.088
1.767	256.6	36.58	-0.670	0.126	-89.36	-21.62
1.800	256.6	36.56	-5.852	-0.768	-461.3	-8.702
1.833	256.2	36.53	-30.19	-0.543	-483.0	8.421
1.867	254.6	36.53	-43.58	-2.910E-3	-96.32	6.480
1.900	253.3	36.53	-32.95	-0.168	267.8	6.078
1.933	252.4	36.52	-25.50	0.273	109.0	41.03
1.967	251.6	36.55	-25.33	2.524	-128.6	37.25
2.000	250.7	36.69	-34.18	3.272	-257.9	-2.620
2.033	249.3	36.76	-43.62	1.919	-171.3	-34.58
2.067	247.8	36.81	-45.64	1.031	-28.96	-17.31
2.100	246.3	36.83	-44.85	0.689	42.37	-20.49
2.133	244.8	36.86	-43.23	-0.115	47.35	-19.38
2.167	243.4	36.83	-41.22	-0.893	48.77	0.794
2.200	242.0	36.80	-40.25	-6.777E-3	-72.55	45.93
2.233	240.7	36.83	-45.10	2.168	-133.2	35.12
2.267	239.0	36.94	-50.80	2.748	-139.8	-1.622
2.300	237.3	37.01	-53.33	1.657	24.73	-32.53
2.333	235.5	37.05	-50.55	0.721	155.6	-28.71
2.367	234.0	37.06	-41.67	-0.356	36.82	-13.99
2.400	232.7	37.03	-46.55	-0.295	-186.6	8.419
2.433	230.8	37.04	-56.85	0.365	-124.2	-3.975
2.467	228.9	37.06	-54.65	-0.427	-120.3	-11.21
2.500	227.2	37.01	-61.91	-0.785	-310.0	-27.15
2.533	224.8	37.00	-78.32	-1.694	-370.6	-1.445
2.567	222.0	36.90	-86.15	-1.641	-143.6	-1.932
2.600	219.0	36.89	-87.99	-1.009	25.67	9.022
2.633	216.1	36.83	-84.28	-1.596	17.87	-11.15
2.667	213.4	36.79	-85.46	-1.471	-108.3	5.547
2.700	210.4	36.73	-92.67	-1.398	-215.4	-6.953
2.733	207.2	36.69	-99.55	-1.715	-228.6	-6.059
2.767	203.8	36.62	-107.9	-2.072	-176.2	7.267
2.800	200.0	36.56	-112.1	-1.149	-19.24	15.46
2.833	196.3	36.54	-108.9	-0.851	54.09	-6.235
2.867	192.8	36.50	-107.5	-1.683	189.7	-24.91
2.900	189.1	36.43	-98.56	-2.550	429.4	-11.55
2.933	186.2	36.33	-77.22	-2.544	501.8	5.081
2.967	184.0	36.26	-63.85	-2.063	177.8	12.91
3.000	182.0	36.19	-65.60	-1.741	15.11	7.865
3.033	179.6	36.14	-65.09	-1.494	133.9	-5.877E-2
3.067	177.6	36.09	-55.41	-1.732	181.4	-2.462
3.100	175.9	36.03	-52.05	-1.769	60.45	-3.289
3.133	174.1	35.97	-52.67	-1.810	-31.77	4.591
3.167	172.4	35.90	-53.43	-1.635	17.94	-0.174
3.200	170.6	35.87	-52.47	-1.599	95.97	10.35
3.233	168.9	35.80	-46.50	-1.235	146.8	4.202
3.267	167.5	35.78	-42.25	-0.968	11.53	-8.462
3.300	166.1	35.73	-45.36	-1.981	-13.62	-41.69
3.333	164.5	35.65	-45.07	-3.654	0.235	-14.43
3.367	163.1	35.49	-43.18	-3.405	74.98	12.16
3.400	161.6	35.42	-41.92	-2.238	164.6	24.92
3.433	160.3	35.34	-31.72	-2.074	244.9	4.686
3.467	159.5	35.29	-24.39	-1.759	109.7	3.434
3.500	158.7	35.22	-24.90	-1.922	94.98	-17.14
3.533	157.8	35.16	-19.53	-2.793	245.9	-8.345
3.567	157.4	35.04	-7.193	-2.810	269.0	15.92
3.600	157.3	34.97	-1.037	-1.471	110.0	34.36
3.633	157.3	34.94	-0.496	-0.529	13.10	16.82
3.667	157.3	34.93	-0.280	-0.295	4.214	5.927
3.700	157.3	34.92	-0.135	-0.261	3.219	4.106
3.733	157.3	34.92	-0.135	3.876E-2	-8.970E-2	4.861
3.767	157.3	34.92	-9.786E-2	7.804E-2	-0.594	1.787
3.800	157.3	34.92	-0.194	0.107	1.283	1.354
3.833	157.3	34.93	-4.662E-2	0.207	2.056	2.537
3.867	157.3	34.94	2.332E-2	0.255	2.217	-2.500
3.900	157.3	34.95	2.050E-2	8.568E-2	1.354	-4.845
3.933	157.3	34.94	0.163	-0.137	2.213	-1.661
3.967	157.3	34.94	0.160	-1.332E-2	-1.027	2.871
4.000	157.3	34.94	9.120E-2	9.465E-2	-3.096	2.921
4.033	157.3	34.94	-4.291E-2	0.147	-0.527	0.440
4.067	157.3	34.95	1.585E-2	0.156	2.185	-3.007
4.100	157.3	34.95	0.159	-5.962E-2	-0.323	-1.102
4.133	157.3	34.95	-5.672E-3	1.568E-2	-3.483	0.891
4.167	157.3	34.96	-0.124	0.106	-2.311	0.923
4.200	157.3	34.95	-0.120	8.086E-4	1.418	-2.051
4.233	157.3	34.96	-5.969E-2	2.732E-3	3.286	-1.082
4.267	157.3	34.95	0.120	-7.726E-2	3.402	6.236E-2
4.300	157.3	34.95	0.180	-1.869E-2	-0.329	1.551
4.333	157.3	34.95	8.961E-2	6.755E-2	-2.037	3.193
4.367	157.3	34.95	2.725E-2	0.156	-1.513	-2.542
4.400	157.3	34.96	4.115E-3	-2.513E-2	-1.087	-2.425
4.433	157.3	34.95	-5.047E-2	-0.131	-0.535	-1.729
4.467	157.3	34.95	-4.009E-2	-3.281E-2	2.027	1.693
4.500	157.3	34.95	8.590E-2	-7.655E-2	1.181	2.286
4.533	157.3	34.95	7.362E-2	0.123	-1.156	0.661
4.567	157.3	34.96	-3.251E-2	3.957E-2	-2.383	-2.243
4.600	157.3	34.95	-6.747E-2	-0.127	-1.077	-2.133
4.633	157.3	34.95	-0.111	-4.924E-2	0.385	1.850
4.667	157.3	34.95	-5.124E-2	-1.600E-2	3.521	2.391
4.700	157.3	34.95	0.131	0.103	2.539	0.628
4.733	157.3	34.96	0.152	6.717E-2	-0.986	-2.383
4.767	157.3	34.95	2.875E-2	-0.100	-2.315	-2.267
4.800	157.3	34.95	-3.606E-4	-8.415E-2	-1.296	1.070
4.833	157.3	34.95	-4.424E-2	-1.073E-2	-1.521	2.181
4.867	157.3	34.95	-0.114	5.265E-2	0.302	-0.517
4.900	157.3	34.95	-3.677E-2	-1.878E-2	2.004	0.348
4.933	157.3	34.95	5.182E-2	1.513E-2	1.095	0.142
4.967	157.3	34.95	2.280E-2	6.428E-2	-0.114	-1.120
5.000	157.3	34.95	3.497E-2	-0.100	-2.608	7.228E-5
5.033	157.3	34.95	-0.113	3.216E-2	-0.518	0.984
5.067	157.3	34.95	-8.554E-2	5.540E-2	2.513	0.218
5.100	157.3	34.95	0.138	-4.190E-2	1.224	-0.454
5.133	157.3	34.95	-6.619E-3	6.702E-2	-2.460	1.507
5.167	157.3	34.95	-8.556E-2	6.231E-2	-0.865	-0.577
5.200	157.3	34.96	-1.690E-2	1.467E-2	1.456	0.708
5.233	157.3	34.96	-6.497E-3	9.848E-2	5.546E-2	0.538
5.267	157.3	34.96	-2.622E-3	9.308E-2	0.634	-2.087
5.300	157.3	34.96	2.139E-2	-7.302E-2	0.489	-2.346
5.333	157.3	34.96	4.703E-2	-7.709E-2	-0.921	-0.263
5.367	157.3	34.96	-4.061E-2	-5.712E-2	-0.579	0.727
5.400	157.3	34.95	-2.229E-2	-5.595E-2	0.862	0.360
5.433	157.3	34.95	5.436E-2	-1.424E-2	0.518	1.582
5.467	157.3	34.95	1.543E-3	3.535E-2	0.327	-8.633E-2
5.500	157.3	34.95	5.339E-2	6.524E-3	0.107	-1.140
5.533	157.3	34.95	5.376E-2	-7.138E-2	-0.333	-0.789
5.567	157.3	34.95	-1.184E-2	-3.825E-2	-0.813	-3.228E-2
5.600	157.3	34.95	1.929E-2	-5.796E-2	-0.352	1.629
5.633	157.3	34.95	-2.979E-2	3.159E-2	-1.827	2.139
5.667	157.3	34.95	-0.114	0.137	-0.894	1.805
5.700	157.3	34.96	-9.713E-2	0.120	2.656	-2.001
5.733	157.3	34.96	6.438E-2	2.880E-2	2.083	-2.959
5.767	157.3	34.96	8.135E-2	-0.107	-1.052	-2.328
5.800	157.3	34.95	-4.545E-2	-0.121	-0.654	1.523
5.833	157.3	34.95	2.823E-2	-1.129E-2	0.638	1.503
5.867	157.3	34.95	4.357E-2	1.455E-2	-0.255	0.846
5.900	157.3	34.95	-3.078E-2	3.187E-3	2.435E-2	-1.174
5.933	157.3	34.95	5.193E-2	-2.476E-2	0.718	-1.828E-2
5.967	157.3	34.95	4.550E-2	-4.104E-2	-1.245	0.983
6.000	157.3	34.95	-5.833E-2	6.759E-2	-1.160	0.431
6.033	157.3	34.95	-3.646E-2	3.418E-3	0.972	-1.690
6.067	157.3	34.95	2.359E-2	-8.240E-2	0.588	-0.754
6.100	157.3	34.95	2.647E-3	-3.210E-2	0.673	0.873
6.133	157.3	34.95	4.756E-2	-1.482E-2	0.278	-0.426
6.167	157.3	34.95	5.657E-2	-6.500E-2	-0.105	1.046
6.200	157.3	34.94	8.187E-3	2.914E-2	-0.149	1.361
6.233	157.3	34.95	5.692E-2	7.855E-2	-1.469	2.048
6.267	157.3	34.95	-6.214E-2	0.109	-1.101	-2.725
6.300	157.3	34.96	-8.216E-2	-2.564E-2	-0.911	-0.423
6.333	157.3	34.95	-5.045E-2	-3.762E-2	1.556	-0.373
6.367	157.3	34.95	-4.043E-2	6.876E-2	0.726	0.840
6.400	157.3	34.95	4.594E-2	-5.157E-2	1.905	-1.875
6.433	157.3	34.95	5.990E-2	-3.782E-2	-1.211	1.343
6.467	157.3	34.95	-6.886E-3	3.086E-2	3.494E-3	1.741
6.500	157.3	34.95	8.896E-3	9.399E-2	-1.755E-3	-0.726
6.533	157.3	34.96	5.211E-2	-1.019E-2	0.965	-1.590
6.567	157.3	34.95	2.771E-2	-5.212E-2	-1.712	0.252
6.600	157.3	34.95	-2.248E-2	3.693E-2	-1.155	-7.881E-2
6.633	157.3	34.95	-9.005E-2	-4.461E-2	2.345E-2	-0.182
6.667	157.3	34.95	-4.511E-3	-2.656E-2	1.760	0.130
6.700	157.3	34.95	3.878E-2	2.485E-2	1.455	0.957
6.733	157.3	34.95	7.585E-2	-6.928E-3	0.130	-0.839
6.767	157.3	34.95	6.939E-2	-3.798E-3	-1.091	0.137
6.800	157.3	34.95	-1.411E-2	-1.768E-2	-2.088	-0.694
6.833	157.3	34.95	-6.784E-2	-3.249E-2	1.625	0.590
6.867	157.3	34.95	6.930E-2	-2.478E-3	0.297	-0.214
6.900	157.3	34.95	2.942E-2	-1.075E-2	-1.469	1.209
6.933	157.3	34.95	-0.116	2.972E-2	-1.353	-0.154
6.967	157.3	34.95	-2.246E-2	3.884E-2	2.493	-0.949
7.000	157.3	34.95	4.900E-2	-7.968E-2	-1.154	-0.500
7.033	157.3	34.95	-7.387E-2	4.445E-3	0.620	2.184
7.067	157.3	34.95	7.871E-3	9.505E-2	1.701	0.793
7.100	157.3	34.95	0.144	4.869E-2	-1.687	0.157
7.133	157.3	34.95	-0.141	8.303E-2	-3.403	-3.638
7.167	157.3	34.96	-0.147	-0.125	1.382	-1.532
7.200	157.3	34.95	2.859E-2	-0.149	3.908	1.404
7.233	157.3	34.95	7.996E-2	8.735E-2	2.007	3.400
7.267	157.3	34.95	0.173	3.698E-2	-0.842	-1.591
7.300	157.3	34.95	5.025E-2	-1.808E-2	-3.528	-0.768
7.333	157.3	34.95	-0.114	-2.276E-2	-1.384	0.383
7.367	157.3	34.95	-3.195E-2	1.685E-2	0.171	0.974
7.400	157.3	34.95	-6.143E-2	4.125E-2	4.169E-2	0.524
7.433	157.3	34.95	-8.671E-2	5.242E-2	0.936	0.143
7.467	157.3	34.95	3.774E-2	5.018E-2	2.596	-1.811
7.500	157.3	34.96	8.243E-2	-5.491E-2	2.732E-2	-1.608
7.533	157.3	34.95	4.400E-2	-9.447E-2	-1.718	-0.478
7.567	157.3	34.95	-4.164E-2	-5.177E-2	-1.069	1.119
7.600	157.3	34.95	-3.729E-2	-3.890E-2	0.112	1.072
7.633	157.3	34.95	-1.396E-2	2.692E-2	1.022	0.976
7.667	157.3	34.95	1.286E-2	3.479E-2	-0.371	1.286
7.700	157.3	34.95	-1.272E-2	8.910E-2	0.319	0.510
7.733	157.3	34.95	-4.205E-3	0.105	-0.765	-2.400
7.767	157.3	34.96	-1.742E-2	-8.318E-2	1.857	-3.736
7.800	157.3	34.95	5.758E-2	-0.175	1.064	0.827
7.833	157.3	34.94	0.129	-1.923E-2	0.109	5.442
7.867	157.3	34.95	1.548E-2	0.205	-2.297	1.411
7.900	157.3	34.96	-1.341E-2	0.113	-0.290	-4.130
7.933	157.3	34.96	-7.760E-3	-0.132	0.118	-3.296
7.967	157.3	34.95	2.612E-3	-0.106	-0.247	1.255
8.000	157.3	34.95	-2.612E-2	-1.912E-2	-0.402	1.493
8.033	157.3	34.95	-3.121E-2	-1.519E-2	-0.540	1.324
8.067	157.3	34.95	-4.974E-2	5.617E-2	-0.776	0.265
8.100	157.3	34.95	-9.357E-2	3.789E-2	-1.602	0.625
8.133	157.3	34.95	-0.148	4.589E-2	3.444	-2.843
8.167	157.3	34.95	8.489E-2	-7.722E-2	3.682	0.376
8.200	157.3	34.94	0.206	-4.447E-2	-6.497E-2	0.737
8.233	157.3	34.95	2.599E-3	9.445E-2	-3.705	1.559
8.267	157.3	34.95	-3.353E-2	-1.277E-2	0.319	-1.704
8.300	157.3	34.95	2.618E-2	6.841E-4	0.785	-0.902
8.333	157.3	34.95	3.715E-2	-6.425E-2		
8.367	157.3	34.95				
