,mass A,,,,,,
t,x,y,vx,vy,ax,ay,
0.000000E0,1.539048E-1,4.302716E-2,,,,
3.333333E-2,1.539154E-1,4.300785E-2,1.776396E-5,-1.937804E-4,,
6.666667E-2,1.539060E-1,4.301424E-2,-2.962185E-4,2.528432E-4,-4.578709E-3,6.465903E-3
1.000000E-1,1.538956E-1,4.302471E-2,-2.572781E-4,2.139935E-4,6.998232E-3,-1.655467E-3
1.333333E-1,1.538889E-1,4.302850E-2,1.394326E-4,1.062532E-4,4.735077E-3,-9.234862E-4
1.666667E-1,1.539049E-1,4.303179E-2,1.898692E-4,1.562745E-4,-2.235424E-3,-2.589815E-3
2.000000E-1,1.539015E-1,4.303892E-2,-1.366833E-4,-1.595970E-5,-1.451390E-3,-3.902041E-3
2.333333E-1,1.538958E-1,4.303072E-2,8.764476E-5,-1.863213E-4,-6.364452E-4,-5.359485E-4
2.666667E-1,1.539074E-1,4.302650E-2,-4.408515E-5,-1.742742E-5,-5.077620E-4,3.370193E-3
3.000000E-1,1.538929E-1,4.302956E-2,-1.375638E-4,6.492430E-5,-1.860915E-5,-8.425361E-4
3.333333E-1,1.538982E-1,4.303083E-2,1.036791E-4,-8.005049E-5,1.356403E-3,7.787015E-4
3.666667E-1,1.538998E-1,4.302423E-2,-8.666857E-5,5.133629E-5,1.492316E-4,9.767279E-4
4.000000E-1,1.538924E-1,4.303425E-2,4.543877E-5,1.016310E-4,7.490748E-4,-4.369976E-3
4.333333E-1,1.539028E-1,4.303100E-2,9.002662E-5,-3.031373E-4,2.694561E-3,7.034418E-4
4.666667E-1,1.538984E-1,4.301404E-2,9.191625E-5,3.983926E-5,-3.395860E-3,3.846635E-3
5.000000E-1,1.539089E-1,4.303366E-2,3.584806E-6,1.955638E-4,-1.499788E-3,4.452930E-4
5.333333E-1,1.538987E-1,4.302708E-2,-1.513871E-4,-1.306371E-4,-1.199275E-3,-3.404001E-3
5.666667E-1,1.538988E-1,4.302495E-2,1.195691E-5,3.034845E-5,2.398593E-3,2.066552E-3
6.000000E-1,1.538994E-1,4.302910E-2,-8.126963E-6,3.705317E-5,-1.374599E-3,-1.089099E-3
6.333333E-1,1.538983E-1,4.302742E-2,-8.161220E-5,-7.697140E-5,3.251889E-4,-2.040962E-3
6.666667E-1,1.538940E-1,4.302397E-2,-1.251606E-5,-9.522614E-5,7.596374E-3,3.097979E-3
7.000000E-1,1.538975E-1,4.302107E-2,4.194161E-4,1.078398E-4,-1.756015E-3,3.377906E-3
7.333333E-1,1.539220E-1,4.303116E-2,4.310933E-5,1.992555E-4,-8.605861E-3,1.317057E-3
7.666667E-1,1.539003E-1,4.303435E-2,-4.288054E-4,1.329389E-4,-3.480533E-3,-1.711201E-3
8.000000E-1,1.538934E-1,4.304002E-2,-4.966616E-5,1.180065E-4,6.460609E-3,1.869205E-3
8.333333E-1,1.538970E-1,4.304222E-2,2.737747E-5,2.159387E-4,2.117860E-3,4.359106E-3
8.666667E-1,1.538952E-1,4.305442E-2,3.308350E-5,4.472909E-4,-3.171168E-4,-3.691784E-3
9.000000E-1,1.538992E-1,4.307204E-2,5.252420E-5,4.125748E-5,2.197146E-3,-6.084788E-4
9.333333E-1,1.538987E-1,4.305717E-2,1.273255E-4,1.681067E-4,2.240610E-4,3.031040E-3
9.666667E-1,1.539077E-1,4.308325E-2,1.369199E-4,5.251824E-4,1.481491E-3,9.757884E-4
1.000000E0,1.539078E-1,4.309218E-2,1.472175E-4,9.645134E-5,-3.462340E-3,-4.650538E-3
1.033333E0,1.539175E-1,4.308968E-2,6.627124E-6,1.681119E-4,-4.678683E-4,2.207475E-4
1.066667E0,1.539083E-1,4.310339E-2,-2.204706E-5,2.309477E-4,-2.022733E-3,3.880352E-3
1.100000E0,1.539161E-1,4.310507E-2,1.626954E-5,3.042642E-4,-2.292808E-3,4.012132E-3
1.133333E0,1.539094E-1,4.312367E-2,-2.642711E-4,5.918485E-4,1.649339E-3,5.433143E-3
1.166667E0,1.538984E-1,4.314453E-2,8.068755E-5,6.381299E-4,4.402427E-3,-2.624868E-3
1.200000E0,1.539147E-1,4.316622E-2,1.968099E-4,4.449395E-4,-1.399712E-2,-1.682165E-3
1.233333E0,1.539116E-1,4.317419E-2,-8.820227E-4,4.372001E-4,-1.067012E-1,2.207391E-2
1.266667E0,1.538559E-1,4.319536E-2,-6.420632E-3,1.831518E-3,-2.669913E-1,1.976763E-2
1.300000E0,1.534835E-1,4.329629E-2,-1.883262E-2,2.188537E-3,-2.977866E-1,-1.055582E-3
1.333333E0,1.526004E-1,4.334126E-2,-2.762141E-2,1.350227E-3,-7.759703E-2,-1.846692E-2
1.366667E0,1.516421E-1,4.338631E-2,-2.392361E-2,1.111861E-3,1.358224E-1,-7.418281E-3
1.400000E0,1.510055E-1,4.341539E-2,-1.728503E-2,7.977501E-4,1.030669E-1,-6.745868E-3
1.433333E0,1.504898E-1,4.343949E-2,-1.700549E-2,6.810403E-4,-5.940781E-2,-7.825354E-3
1.466667E0,1.498718E-1,4.346079E-2,-2.151660E-2,3.202280E-4,-1.125556E-1,-2.060814E-3
1.500000E0,1.490553E-1,4.346084E-2,-2.506067E-2,4.014631E-4,-9.271533E-3,6.302283E-3
1.533333E0,1.482011E-1,4.348756E-2,-2.234004E-2,8.878418E-4,2.627824E-2,2.097309E-2
1.566667E0,1.475660E-1,4.352003E-2,-2.188486E-2,1.668102E-3,-9.483591E-2,1.621300E-2
1.600000E0,1.467421E-1,4.359876E-2,-2.928746E-2,2.180521E-3,-1.447092E-1,-4.018151E-3
1.633333E0,1.456135E-1,4.366540E-2,-3.261221E-2,1.342998E-3,5.447474E-2,-1.398398E-2
1.666667E0,1.445680E-1,4.368830E-2,-2.548617E-2,1.036740E-3,8.143255E-2,-1.291510E-2
1.700000E0,1.439144E-1,4.373451E-2,-2.492255E-2,7.645378E-4,-5.629732E-2,-7.778857E-3
1.733333E0,1.429065E-1,4.373926E-2,-3.142779E-2,2.719518E-4,-7.577249E-2,-8.428587E-3
1.766667E0,1.418192E-1,4.375265E-2,-2.993762E-2,3.375985E-4,2.500024E-2,5.241658E-3
1.800000E0,1.409106E-1,4.376177E-2,-2.862935E-2,5.458103E-4,-4.198722E-2,-2.914369E-3
1.833333E0,1.399106E-1,4.378903E-2,-3.307283E-2,3.036045E-4,-1.286305E-3,-1.834855E-3
1.866667E0,1.387058E-1,4.378201E-2,-3.024017E-2,1.816634E-4,8.047342E-2,-6.415163E-3
1.900000E0,1.378946E-1,4.380114E-2,-2.542644E-2,1.255298E-4,1.121234E-2,2.389663E-3
1.933333E0,1.370107E-1,4.379038E-2,-3.013136E-2,9.685047E-5,-1.170080E-1,2.623185E-2
1.966667E0,1.358858E-1,4.380760E-2,-3.405912E-2,1.865591E-3,1.723454E-2,2.991579E-2
2.000000E0,1.347401E-1,4.391475E-2,-2.928267E-2,2.516438E-3,-1.282551E-2,5.031340E-4
2.033333E0,1.339336E-1,4.397536E-2,-3.226239E-2,1.545864E-3,-1.174915E-1,-2.902916E-2
2.066667E0,1.325892E-1,4.401781E-2,-4.017109E-2,6.868602E-4,5.033311E-2,-1.874746E-2
2.100000E0,1.312556E-1,4.402115E-2,-2.924590E-2,1.589707E-4,2.473707E-1,-3.760634E-3
2.133333E0,1.306395E-1,4.402841E-2,-2.035892E-2,4.968367E-4,4.360552E-2,1.051765E-2
2.166667E0,1.298983E-1,4.405428E-2,-2.764096E-2,9.120862E-4,-2.143199E-1,-2.724110E-3
2.200000E0,1.287968E-1,4.408921E-2,-3.556322E-2,4.059689E-4,-1.392348E-1,-1.327999E-2
2.233333E0,1.275274E-1,4.408134E-2,-3.702182E-2,-1.836773E-4,-4.152165E-2,-1.013666E-3
2.266667E0,1.263287E-1,4.407697E-2,-3.745579E-2,3.731126E-4,-2.154847E-2,4.245484E-3
2.300000E0,1.250304E-1,4.410621E-2,-3.902533E-2,3.160967E-4,1.321000E-1,-3.879169E-3
2.333333E0,1.237270E-1,4.409804E-2,-2.978821E-2,-1.338009E-4,1.769778E-1,-4.812743E-3
2.366667E0,1.230445E-1,4.409729E-2,-2.404481E-2,9.103322E-5,-6.644965E-2,1.284722E-2
2.400000E0,1.221240E-1,4.410411E-2,-3.544955E-2,6.723573E-4,-1.773898E-1,2.355614E-2
2.433333E0,1.206812E-1,4.414212E-2,-3.830980E-2,1.699066E-3,6.104647E-2,2.138088E-2
2.466667E0,1.195700E-1,4.421738E-2,-2.940138E-2,2.199005E-3,9.413622E-2,2.975415E-3
2.500000E0,1.187211E-1,4.428872E-2,-3.085144E-2,1.843172E-3,-1.421454E-1,-1.541127E-2
2.533333E0,1.175132E-1,4.434026E-2,-4.038530E-2,1.151558E-3,5.214063E-3,-2.468835E-2
2.566667E0,1.160287E-1,4.436549E-2,-3.262210E-2,2.056675E-4,5.261223E-2,-1.662998E-2
2.600000E0,1.153384E-1,4.435397E-2,-3.135984E-2,-9.411911E-5,-2.648368E-1,9.907637E-3
2.633333E0,1.139381E-1,4.435921E-2,-5.339620E-2,9.093143E-4,-3.944865E-1,4.950508E-3
2.666667E0,1.117787E-1,4.441459E-2,-6.006445E-2,5.706759E-4,4.263279E-2,-3.971219E-3
2.700000E0,1.099338E-1,4.439726E-2,-4.855052E-2,1.323252E-4,1.730998E-1,1.051196E-2
2.733333E0,1.085420E-1,4.442341E-2,-4.656877E-2,1.510033E-3,4.269976E-1,2.237226E-2
2.766667E0,1.068292E-1,4.449793E-2,-2.604964E-2,1.800068E-3,2.450826E-1,9.843781E-3
2.800000E0,1.068053E-1,4.454342E-2,-1.960540E-2,1.866576E-3,-2.412365E-1,-1.123240E-2
2.833333E0,1.055222E-1,4.462237E-2,-4.956654E-2,1.395775E-3,-8.283480E-1,-1.516382E-2
2.866667E0,1.035009E-1,4.463647E-2,-7.346151E-2,4.956885E-4,-2.892194E-1,-1.695046E-2
2.900000E0,1.006247E-1,4.465541E-2,-7.284935E-2,4.432868E-4,-3.187519E-2,-1.834489E-3
2.933333E0,9.864429E-2,4.466602E-2,-6.860314E-2,3.261877E-4,1.103789E-2,-6.564685E-3
2.966667E0,9.605121E-2,4.467716E-2,-7.680013E-2,6.428622E-5,-3.351062E-1,5.033900E-4
3.000000E0,9.352428E-2,4.467031E-2,-8.765484E-2,2.206620E-4,-3.162138E-1,2.353104E-3
3.033333E0,9.020755E-2,4.469187E-2,-1.011694E-1,4.146287E-4,-2.677179E-1,-4.875743E-3
3.066667E0,8.677965E-2,4.469795E-2,-1.041055E-1,-1.798511E-4,-2.650363E-1,-1.236029E-2
3.100000E0,8.326718E-2,4.467988E-2,-1.172641E-1,-4.875333E-4,-4.739625E-1,5.555963E-4
3.133333E0,7.896204E-2,4.466545E-2,-1.376984E-1,-1.201373E-4,-4.392699E-1,5.088477E-3
3.166667E0,7.408729E-2,4.467187E-2,-1.471603E-1,-3.431151E-5,-3.358754E-1,-6.443383E-3
3.200000E0,6.915136E-2,4.466316E-2,-1.577500E-1,-6.094825E-4,-3.752515E-1,-1.755947E-2
3.233333E0,6.357062E-2,4.463124E-2,-1.738859E-1,-1.232718E-3,-3.605272E-1,-9.285285E-3
3.266667E0,5.755896E-2,4.458098E-2,-1.820127E-1,-1.288638E-3,-1.776632E-1,1.086071E-3
3.300000E0,5.143644E-2,4.454533E-2,-1.850811E-1,-1.059810E-3,3.999872E-2,1.766475E-2
3.333333E0,4.522022E-2,4.451033E-2,-1.803822E-1,-2.533343E-4,4.488857E-1,6.280458E-3
3.366667E0,3.941096E-2,4.452844E-2,-1.558439E-1,-2.950720E-4,7.950223E-1,-6.718719E-3
3.400000E0,3.483063E-2,4.449065E-2,-1.247889E-1,-1.064507E-3,1.068373E0,-1.443603E-2
3.433333E0,3.109170E-2,4.445747E-2,-8.721163E-2,-1.102644E-3,9.277568E-1,-2.761019E-2
3.466667E0,2.901652E-2,4.441714E-2,-5.819162E-2,-2.728700E-3,3.520049E-1,-2.126879E-2
3.500000E0,2.721226E-2,4.427556E-2,-6.464614E-2,-3.102753E-3,-2.094312E-1,6.884922E-3
3.533333E0,2.470678E-2,4.421029E-2,-7.566757E-2,-1.754676E-3,-8.735355E-2,1.398060E-2
3.566667E0,2.216775E-2,4.415858E-2,-6.999335E-2,-2.185582E-3,1.953101E-1,-1.233569E-2
3.600000E0,2.004056E-2,4.406459E-2,-6.118578E-2,-2.791346E-3,2.101429E-1,-6.918111E-3
3.633333E0,1.808870E-2,4.397249E-2,-5.641993E-2,-2.574933E-3,1.777958E-1,1.203730E-2
3.666667E0,1.627923E-2,4.389293E-2,-4.974652E-2,-1.995170E-3,1.615639E-1,-2.512932E-3
3.700000E0,1.477227E-2,4.383948E-2,-4.472650E-2,-2.525640E-3,-9.366698E-3,-2.067950E-2
3.733333E0,1.329746E-2,4.372455E-2,-5.005176E-2,-3.662589E-3,-7.588717E-2,-4.407174E-3
3.766667E0,1.143548E-2,4.359531E-2,-5.205703E-2,-2.890084E-3,1.487605E-1,4.794651E-2
3.800000E0,9.826991E-3,4.353188E-2,-3.947292E-2,-3.720975E-4,3.409419E-1,3.427374E-2
3.833333E0,8.803954E-3,4.357050E-2,-2.777785E-2,-1.254012E-4,2.414382E-1,1.306817E-2
3.866667E0,7.975135E-3,4.352352E-2,-2.393240E-2,-2.518209E-4,6.650553E-2,-7.891902E-3
3.900000E0,7.208461E-3,4.355371E-2,-2.343226E-2,-6.938771E-6,3.862136E-2,1.138660E-2
3.933333E0,6.412984E-3,4.352306E-2,-2.189551E-2,-4.398468E-5,1.507809E-1,-3.879076E-3
3.966667E0,5.748761E-3,4.355078E-2,-1.365231E-2,2.046411E-4,2.548732E-1,6.519291E-3
4.000000E0,5.502830E-3,4.353670E-2,-3.890707E-3,2.276087E-5,1.995982E-1,-6.009312E-3
4.033333E0,5.489380E-3,4.355230E-2,-2.654776E-4,7.670424E-5,6.175686E-2,2.114920E-3
4.066667E0,5.485132E-3,4.354181E-2,-2.192122E-4,-4.950342E-5,4.281041E-3,7.385375E-5
4.100000E0,5.474766E-3,4.354900E-2,-6.162936E-5,2.135432E-4,8.015493E-3,-1.320784E-4
4.133333E0,5.481023E-3,4.355605E-2,3.730288E-4,-5.821550E-5,2.018744E-3,-1.538619E-3
4.166667E0,5.499635E-3,4.354512E-2,1.487893E-4,-1.108146E-5,-7.468278E-3,3.196986E-3
4.200000E0,5.490942E-3,4.355531E-2,-2.673991E-4,2.867142E-4,-3.955745E-3,3.627122E-3
4.233333E0,5.481808E-3,4.356423E-2,-8.527837E-5,1.909596E-4,3.505528E-3,-2.913446E-3
4.266667E0,5.485257E-3,4.356804E-2,3.146628E-5,7.842690E-5,2.009723E-3,-2.955058E-4
4.300000E0,5.483906E-3,4.356946E-2,-4.048427E-6,1.557917E-4,-1.047553E-3,2.675827E-4
4.333333E0,5.484987E-3,4.357843E-2,-1.139447E-5,1.506484E-4,-3.929530E-3,8.634398E-4
4.366667E0,5.483146E-3,4.357950E-2,-2.551905E-4,1.469749E-4,2.273491E-4,3.641952E-4
4.400000E0,5.467975E-3,4.358822E-2,-9.811092E-5,2.292405E-4,-2.111576E-3,1.862474E-3
4.433333E0,5.476605E-3,4.359479E-2,-1.998475E-4,2.394046E-4,4.226012E-3,-7.790802E-3
4.466667E0,5.454651E-3,4.360419E-2,-8.098015E-5,-2.039263E-4,-1.579192E-3,-3.582155E-3
4.500000E0,5.471207E-3,4.358119E-2,-3.146769E-6,-2.125165E-4,7.089936E-3,2.580323E-4
4.533333E0,5.454442E-3,4.359002E-2,8.269590E-5,4.979254E-5,3.228899E-4,3.890714E-3
4.566667E0,5.476720E-3,4.358451E-2,3.085134E-4,-9.307067E-5,-1.606907E-3,7.110346E-5
4.600000E0,5.475009E-3,4.358381E-2,-1.909565E-4,9.002107E-5,-5.819657E-3,2.066181E-3
4.633333E0,5.463989E-3,4.359051E-2,-1.007854E-4,8.292158E-5,4.520472E-3,-1.918421E-3
4.666667E0,5.468290E-3,4.358934E-2,1.876421E-4,-8.090161E-5,3.580083E-3,-1.776611E-3
4.700000E0,5.476499E-3,4.358512E-2,1.373622E-4,-4.361086E-5,-2.317111E-3,2.380091E-3
4.733333E0,5.477448E-3,4.358643E-2,-1.972114E-6,9.947919E-5,-8.099754E-3,4.613647E-3
4.766667E0,5.476367E-3,4.359175E-2,-3.503413E-4,2.555214E-4,-1.388887E-4,-3.328631E-3
4.800000E0,5.454092E-3,4.360347E-2,-1.690407E-4,-4.667270E-5,6.431678E-3,-4.413671E-3
4.833333E0,5.465098E-3,4.358864E-2,2.744570E-4,-2.010581E-4,5.032023E-3,-5.010135E-6
4.866667E0,5.472389E-3,4.359006E-2,9.662578E-5,7.495767E-5,-5.217688E-3,6.589224E-3
4.900000E0,5.471540E-3,4.359364E-2,-9.095557E-5,1.993986E-4,-1.293059E-3,-2.417723E-3
4.933333E0,5.466325E-3,4.360336E-2,-1.154594E-5,-1.994100E-5,1.700193E-3,-5.003134E-3
4.966667E0,5.470770E-3,4.359231E-2,8.067042E-5,-2.482559E-4,-8.816400E-4,-1.155963E-3
5.000000E0,5.471703E-3,4.358681E-2,-8.931484E-5,-4.572464E-5,-1.152197E-4,2.215266E-3
5.033333E0,5.464816E-3,4.358926E-2,1.529655E-5,-5.941395E-5,3.052881E-3,1.270232E-3
5.066667E0,5.472723E-3,4.358285E-2,1.997283E-4,-3.809053E-5,-1.123421E-3,2.575618E-3
5.100000E0,5.478131E-3,4.358672E-2,-6.897889E-5,1.679549E-4,-3.408852E-3,1.326025E-3
5.133333E0,5.468124E-3,4.359404E-2,-1.147325E-4,6.515916E-5,2.602032E-3,-3.471695E-3
5.166667E0,5.470482E-3,4.359106E-2,1.755406E-4,-1.118567E-4,2.324047E-5,-6.620275E-4
5.200000E0,5.479827E-3,4.358659E-2,-6.097452E-5,1.532907E-5,-4.229650E-3,2.481432E-3
5.233333E0,5.466417E-3,4.359208E-2,-2.418488E-4,1.076982E-4,-8.471216E-5,1.546538E-3
5.266667E0,5.463704E-3,4.359377E-2,1.430660E-5,7.692361E-5,6.157393E-3,-3.196381E-3
5.300000E0,5.467371E-3,4.359721E-2,1.651875E-4,-6.552449E-5,-4.969546E-3,9.489221E-4
5.333333E0,5.474716E-3,4.358940E-2,-2.479982E-4,4.782044E-5,3.660292E-4,-7.054035E-4
5.366667E0,5.450838E-3,4.360040E-2,-4.763903E-5,3.445640E-5,4.773323E-3,5.457053E-4
5.400000E0,5.471540E-3,4.359169E-2,3.648035E-4,-6.815819E-5,2.998110E-3,-3.607328E-3
5.433333E0,5.475158E-3,4.359586E-2,-8.858213E-7,-7.946694E-5,-4.730704E-3,8.059249E-5
5.466667E0,5.471481E-3,4.358640E-2,3.413763E-5,-1.656155E-4,-1.118919E-3,8.379805E-4
5.500000E0,5.477434E-3,4.358482E-2,6.063761E-6,2.849951E-5,-1.697351E-3,5.239831E-3
5.533333E0,5.471885E-3,4.358830E-2,-1.511313E-4,1.780146E-4,-3.654933E-4,2.352577E-3
5.566667E0,5.467358E-3,4.359668E-2,-7.597422E-6,2.025175E-4,4.737584E-3,-4.297921E-3
5.600000E0,5.471379E-3,4.360180E-2,1.893355E-4,-9.723031E-5,1.412716E-3,-3.453651E-3
5.633333E0,5.479981E-3,4.359020E-2,1.091698E-4,-1.242865E-4,-4.212672E-3,-1.401369E-3
5.666667E0,5.478657E-3,4.359351E-2,-1.308453E-4,-6.716389E-5,-3.023260E-3,1.116751E-3
5.700000E0,5.471258E-3,4.358572E-2,-1.127530E-4,-1.423944E-4,-9.901606E-4,2.067685E-3
5.733333E0,5.471140E-3,4.358402E-2,-1.339926E-4,9.908746E-5,4.017201E-3,1.993507E-3
5.766667E0,5.462325E-3,4.359233E-2,5.635185E-5,4.899806E-5,2.415700E-3,6.791613E-4
5.800000E0,5.474897E-3,4.358729E-2,1.673274E-4,3.855597E-5,-1.374170E-3,1.324470E-3
5.833333E0,5.473480E-3,4.359490E-2,-1.287244E-4,2.211870E-4,-1.166125E-3,-1.333000E-3
5.866667E0,5.466315E-3,4.360203E-2,5.619388E-5,-4.281502E-5,1.334145E-3,-3.501842E-3
5.900000E0,5.477226E-3,4.359205E-2,8.466940E-5,-1.114754E-4,-1.675253E-4,-4.043023E-3
5.933333E0,5.471960E-3,4.359460E-2,-7.490937E-5,-1.845999E-4,-1.601051E-3,2.812092E-3
5.966667E0,5.472232E-3,4.357974E-2,3.281630E-5,-7.805712E-5,1.679437E-3,3.049164E-4
6.000000E0,5.474148E-3,4.358940E-2,3.537910E-5,1.707865E-5,-2.072547E-3,3.866134E-3
6.033333E0,5.474591E-3,4.358088E-2,-9.912213E-5,1.114348E-5,-2.704668E-3,2.520930E-3
6.066667E0,5.467539E-3,4.359014E-2,-1.786040E-4,2.974892E-4,2.791013E-3,2.002521E-3
6.100000E0,5.462684E-3,4.360071E-2,8.015676E-5,1.377738E-4,4.266079E-3,-6.222358E-3
6.133333E0,5.472883E-3,4.359932E-2,1.831612E-4,-1.551559E-4,-1.951967E-3,-2.145315E-3
6.166667E0,5.474895E-3,4.359037E-2,-9.511634E-5,-4.416016E-5,-3.552515E-3,1.228869E-3
6.200000E0,5.466542E-3,4.359638E-2,-1.017993E-4,2.881652E-5,3.114712E-3,-9.683725E-4
6.233333E0,5.468108E-3,4.359229E-2,1.609641E-4,-1.764487E-4,1.368162E-3,-1.346990E-3
6.266667E0,5.477273E-3,4.358462E-2,3.500290E-5,-7.659039E-5,-3.679038E-3,3.855280E-3
6.300000E0,5.470442E-3,4.358718E-2,-1.736198E-4,1.252043E-4,-3.255589E-4,1.581887E-3
6.333333E0,5.465698E-3,4.359296E-2,3.167401E-5,3.982205E-5,3.019558E-3,-1.176596E-3
6.366667E0,5.472553E-3,4.358984E-2,8.950590E-5,-1.025730E-5,5.955894E-4,-6.375365E-4
6.400000E0,5.471666E-3,4.359228E-2,8.347792E-6,4.441955E-5,-3.404667E-3,1.142350E-4
6.433333E0,5.473110E-3,4.359280E-2,-9.160978E-5,-1.804230E-5,5.413298E-4,-1.277888E-3
6.466667E0,5.465558E-3,4.359108E-2,-2.754330E-5,-4.690615E-5,1.578812E-3,5.760465E-4
6.500000E0,5.471274E-3,4.358967E-2,9.998952E-5,1.791071E-5,1.729517E-3,-1.086739E-3
6.533333E0,5.472224E-3,4.359227E-2,3.760971E-5,-8.024111E-5,-3.160316E-3,3.806769E-4
6.566667E0,5.473781E-3,4.358432E-2,-7.981668E-5,-3.901718E-5,-5.578838E-3,5.849931E-3
6.600000E0,5.466903E-3,4.358967E-2,-3.510813E-4,3.607509E-4,4.848293E-3,-1.627713E-3
6.633333E0,5.450375E-3,4.360837E-2,1.306269E-4,-3.382906E-5,6.909477E-3,-6.516357E-3
6.666667E0,5.475612E-3,4.358741E-2,3.651992E-4,-3.167979E-4,4.208603E-4,-1.971567E-4
6.700000E0,5.474722E-3,4.358725E-2,-4.076439E-5,1.106137E-4,-7.430597E-3,6.452680E-3
6.733333E0,5.472894E-3,4.359479E-2,-7.529260E-5,1.173707E-4,-1.260250E-3,-1.324420E-4
6.766667E0,5.469703E-3,4.359508E-2,-1.245028E-4,4.850415E-5,-4.109027E-3,-3.384132E-4
6.800000E0,5.464594E-3,4.359802E-2,-3.293671E-4,1.175804E-4,1.217338E-4,-8.169702E-4
6.833333E0,5.447745E-3,4.360291E-2,-2.054525E-4,1.543517E-5,5.776168E-4,-1.185115E-3
6.866667E0,5.450897E-3,4.359905E-2,-1.456646E-4,-1.721156E-5,4.931259E-3,-1.797091E-3
6.900000E0,5.438034E-3,4.360177E-2,-3.790995E-5,-4.005825E-5,8.534924E-4,2.938586E-3
6.933333E0,5.448370E-3,4.359638E-2,7.811398E-5,9.344573E-5,3.816481E-3,1.368437E-4
6.966667E0,5.443241E-3,4.360800E-2,6.873854E-5,9.543650E-5,-9.424246E-3,7.816462E-3
7.000000E0,5.452952E-3,4.360274E-2,-3.603418E-4,4.228892E-4,-2.145989E-3,-4.988189E-4
7.033333E0,5.419219E-3,4.363619E-2,-3.822762E-4,3.565819E-4,6.490036E-3,-9.243945E-3
7.066667E0,5.427467E-3,4.362652E-2,3.331085E-4,-4.397378E-4,9.292689E-3,-6.953943E-3
7.100000E0,5.441426E-3,4.360687E-2,2.026248E-4,-1.238278E-4,2.410254E-4,2.619707E-3
7.133333E0,5.440975E-3,4.361826E-2,2.390990E-4,-5.420349E-5,3.159661E-3,-1.654039E-3
7.166667E0,5.457366E-3,4.360326E-2,5.132448E-4,-4.182193E-4,2.771721E-4,-2.753613E-3
7.200000E0,5.475192E-3,4.359038E-2,2.660339E-4,-1.989330E-4,-1.047145E-2,7.311648E-3
7.233333E0,5.475101E-3,4.359000E-2,-2.319617E-4,1.020387E-4,-7.267309E-3,6.091807E-3
7.266667E0,5.459728E-3,4.359718E-2,-2.725183E-4,2.131631E-4,-3.608625E-3,6.905319E-4
7.300000E0,5.456933E-3,4.360421E-2,-3.481173E-4,1.411413E-4,6.853939E-3,-1.218846E-3
7.333333E0,5.436520E-3,4.360659E-2,-4.852184E-6,1.072313E-4,5.922638E-3,6.295046E-4
7.366667E0,5.456610E-3,4.361136E-2,3.011495E-4,1.957398E-4,1.949327E-4,-1.422995E-3
7.400000E0,5.456596E-3,4.361964E-2,-1.442599E-4,5.060010E-5,5.909500E-3,-7.722428E-3
7.433333E0,5.446993E-3,4.361473E-2,5.739444E-4,-3.536819E-4,5.298458E-3,-5.292541E-3
7.466667E0,5.494859E-3,4.359606E-2,5.958449E-4,-3.613257E-4,-5.439958E-3,4.008485E-3
7.500000E0,5.486716E-3,4.359064E-2,-1.634643E-4,-2.048126E-5,,
7.533333E0,5.483962E-3,4.359470E-2,,,,
