,mass A,,,,,,
t,x,y,vx,vy,ax,ay,
0.000000E0,1.405685E-1,4.404105E-2,,,,
3.333333E-2,1.405669E-1,4.402942E-2,-8.525770E-6,-6.767418E-5,,
6.666667E-2,1.405680E-1,4.403654E-2,3.895517E-5,7.425721E-5,1.241622E-3,2.252887E-3
1.000000E-1,1.405695E-1,4.403437E-2,6.770670E-5,-6.018341E-6,-1.374506E-3,-1.368341E-3
1.333333E-1,1.405725E-1,4.403614E-2,-3.065315E-5,2.406212E-5,4.146080E-4,6.512002E-4
1.666667E-1,1.405675E-1,4.403597E-2,3.214102E-5,1.738374E-5,-4.746428E-3,1.254598E-3
2.000000E-1,1.405746E-1,4.403730E-2,-2.163799E-4,1.084924E-4,1.609724E-3,-8.206710E-4
2.333333E-1,1.405531E-1,4.404320E-2,-8.936707E-5,3.820189E-6,5.753218E-3,-2.014012E-3
2.666667E-1,1.405687E-1,4.403755E-2,3.981396E-4,-9.563667E-5,7.042320E-3,-2.937178E-3
3.000000E-1,1.405796E-1,4.403683E-2,2.862732E-4,-1.305986E-4,-6.936724E-3,1.534811E-3
3.333333E-1,1.405878E-1,4.402885E-2,-2.727412E-5,-6.050362E-5,-6.370188E-3,2.796078E-3
3.666667E-1,1.405778E-1,4.403279E-2,-2.213233E-4,1.219510E-4,-1.339958E-3,2.942565E-3
4.000000E-1,1.405730E-1,4.403698E-2,-6.646077E-5,1.129283E-4,3.996776E-4,-9.096909E-4
4.333333E-1,1.405734E-1,4.404032E-2,-1.595551E-4,6.259210E-5,1.975135E-3,7.071845E-4
4.666667E-1,1.405624E-1,4.404115E-2,-3.624542E-5,1.353062E-4,3.366396E-3,-9.260778E-4
5.000000E-1,1.405709E-1,4.404934E-2,1.834737E-4,6.380243E-5,6.268144E-4,-2.886224E-3
5.333333E-1,1.405746E-1,4.404540E-2,-3.647738E-5,-1.240403E-4,-5.567160E-3,-1.667635E-3
5.666667E-1,1.405685E-1,4.404107E-2,-2.144567E-4,-3.641421E-5,-7.471631E-4,3.043775E-4
6.000000E-1,1.405603E-1,4.404298E-2,-9.587215E-5,-5.953396E-5,4.875407E-3,3.513903E-3
6.333333E-1,1.405621E-1,4.403710E-2,1.450446E-4,1.102526E-4,3.104469E-3,-7.850910E-4
6.666667E-1,1.405700E-1,4.405033E-2,1.305777E-4,3.787319E-5,6.649346E-5,-1.400441E-3
7.000000E-1,1.405708E-1,4.403963E-2,9.633411E-5,-1.508336E-4,-4.558323E-3,-2.039404E-3
7.333333E-1,1.405764E-1,4.404027E-2,-9.985704E-5,3.948425E-6,-4.047671E-3,3.671706E-3
7.666667E-1,1.405642E-1,4.403989E-2,-2.733430E-4,5.569979E-5,2.899124E-3,8.753347E-4
8.000000E-1,1.405582E-1,4.404398E-2,1.160785E-4,8.853472E-5,4.187530E-3,2.332760E-3
8.333333E-1,1.405719E-1,4.404579E-2,1.188203E-4,1.746698E-4,-1.096182E-3,-1.128476E-3
8.666667E-1,1.405661E-1,4.405563E-2,-9.438533E-5,8.288213E-5,-1.000246E-3,-7.692050E-3
9.000000E-1,1.405656E-1,4.405132E-2,1.003896E-4,-3.801021E-4,2.193859E-3,-5.228462E-3
9.333333E-1,1.405728E-1,4.403029E-2,9.106020E-5,-3.475346E-4,-1.017241E-4,1.703504E-3
9.666667E-1,1.405717E-1,4.402815E-2,3.232057E-5,-1.390242E-4,-3.926195E-3,9.916155E-3
1.000000E0,1.405749E-1,4.402102E-2,-1.052025E-4,1.934561E-4,-2.229240E-3,3.597194E-3
1.033333E0,1.405647E-1,4.404105E-2,-1.992453E-4,2.745040E-4,5.273694E-4,-6.905032E-4
1.066667E0,1.405617E-1,4.403932E-2,-1.993381E-5,-9.991155E-6,5.650245E-3,-3.220100E-3
1.100000E0,1.405633E-1,4.404038E-2,1.655026E-4,1.075851E-4,2.164232E-3,-9.105786E-4
1.133333E0,1.405727E-1,4.404649E-2,1.638810E-4,-2.524041E-5,-3.984762E-3,-2.167018E-3
1.166667E0,1.405743E-1,4.403870E-2,-1.253205E-4,-1.231048E-4,-3.349571E-3,-5.205360E-4
1.200000E0,1.405643E-1,4.403829E-2,-1.177327E-4,-2.566066E-7,-1.480032E-3,2.961903E-3
1.233333E0,1.405664E-1,4.403868E-2,-1.216397E-4,5.574858E-5,2.758858E-3,-1.781699E-4
1.266667E0,1.405562E-1,4.404200E-2,-4.876881E-5,1.127704E-5,1.460583E-3,4.362924E-3
1.300000E0,1.405632E-1,4.403943E-2,9.196590E-5,2.660898E-4,2.816578E-3,1.865966E-3
1.333333E0,1.405624E-1,4.405974E-2,5.749393E-5,2.916941E-4,-1.789309E-4,6.504659E-3
1.366667E0,1.405670E-1,4.405888E-2,1.223299E-4,4.867614E-4,-1.542294E-3,9.449848E-3
1.400000E0,1.405705E-1,4.409219E-2,-4.085689E-5,1.099236E-3,1.141396E-3,-1.279400E-3
1.433333E0,1.405643E-1,4.413216E-2,1.157016E-4,4.620664E-4,2.482385E-3,-1.168003E-2
1.466667E0,1.405782E-1,4.412300E-2,2.554379E-4,4.937952E-5,1.946812E-3,-4.619547E-3
1.500000E0,1.405813E-1,4.413545E-2,1.476448E-4,3.547707E-4,-6.099089E-3,8.951911E-3
1.533333E0,1.405881E-1,4.414665E-2,-7.261802E-5,5.620920E-4,-2.533622E-3,2.938057E-3
1.566667E0,1.405765E-1,4.417293E-2,-1.380055E-4,6.393003E-4,-8.269627E-3,-3.772507E-3
1.600000E0,1.405789E-1,4.418927E-2,-4.498510E-4,2.674903E-4,-4.845627E-2,-4.744708E-3
1.633333E0,1.405465E-1,4.419076E-2,-3.225706E-3,2.511595E-4,-2.448712E-1,2.151582E-2
1.666667E0,1.403638E-1,4.420601E-2,-1.586084E-2,1.625780E-3,-4.065935E-1,1.638846E-2
1.700000E0,1.394891E-1,4.429915E-2,-3.213439E-2,1.791262E-3,-1.819992E-1,-6.188439E-3
1.733333E0,1.382215E-1,4.432543E-2,-2.942351E-2,7.634195E-4,1.877858E-1,-1.127397E-2
1.766667E0,1.375275E-1,4.435004E-2,-1.687873E-2,1.121061E-3,2.219591E-1,4.888339E-3
1.800000E0,1.370963E-1,4.440017E-2,-1.450499E-2,1.239946E-3,-1.597670E-3,-3.498192E-4
1.833333E0,1.365605E-1,4.443270E-2,-1.775596E-2,9.687239E-4,-7.599184E-2,-3.240047E-3
1.866667E0,1.359126E-1,4.446475E-2,-1.977930E-2,1.047263E-3,-9.071866E-2,-8.535707E-3
1.900000E0,1.352419E-1,4.450252E-2,-2.321810E-2,5.137575E-4,-9.082956E-2,-1.235656E-2
1.933333E0,1.343647E-1,4.449900E-2,-2.662687E-2,1.676137E-5,9.517330E-3,-2.504357E-4
1.966667E0,1.334668E-1,4.450364E-2,-2.281812E-2,5.603536E-4,8.696418E-2,2.230688E-2
2.000000E0,1.328435E-1,4.453636E-2,-1.949438E-2,1.528587E-3,3.463012E-2,2.410115E-2
2.033333E0,1.321671E-1,4.460554E-2,-2.119574E-2,2.239780E-3,-6.019162E-2,-5.589564E-3
2.066667E0,1.314304E-1,4.468567E-2,-2.345853E-2,1.284600E-3,-4.696817E-2,-1.197287E-2
2.100000E0,1.306032E-1,4.469118E-2,-2.461398E-2,9.817017E-4,-5.302732E-2,-7.630644E-3
2.133333E0,1.297895E-1,4.475112E-2,-2.645109E-2,1.247690E-3,1.814423E-2,2.970886E-3
2.166667E0,1.288398E-1,4.477436E-2,-2.457482E-2,8.797865E-4,1.220177E-1,-1.684471E-2
2.200000E0,1.281512E-1,4.480977E-2,-1.737600E-2,3.563471E-4,9.045075E-2,-7.406899E-3
2.233333E0,1.276814E-1,4.479812E-2,-1.765651E-2,9.473273E-5,-6.039475E-2,-9.361426E-3
2.266667E0,1.269741E-1,4.481609E-2,-2.268130E-2,3.244140E-5,-3.274751E-2,1.205769E-3
2.300000E0,1.261694E-1,4.480028E-2,-2.029690E-2,-8.825386E-5,-4.585509E-3,1.142391E-2
2.333333E0,1.256209E-1,4.481021E-2,-2.102647E-2,8.918117E-4,-1.249392E-1,7.991850E-3
2.366667E0,1.247676E-1,4.485974E-2,-2.987212E-2,6.749947E-4,-1.217651E-1,-1.303579E-2
2.400000E0,1.236295E-1,4.485521E-2,-3.026516E-2,-2.740752E-4,1.423038E-1,-1.326615E-2
2.433333E0,1.227499E-1,4.484147E-2,-1.963186E-2,-1.679332E-4,1.886982E-1,1.361612E-2
2.466667E0,1.223207E-1,4.484401E-2,-1.588032E-2,6.423388E-4,-8.136471E-2,2.191992E-2
2.500000E0,1.216912E-1,4.488429E-2,-2.587981E-2,1.393725E-3,-1.274258E-1,1.722469E-2
2.533333E0,1.205954E-1,4.493692E-2,-2.681157E-2,1.739810E-3,-2.010860E-3,5.356244E-3
2.566667E0,1.199038E-1,4.500028E-2,-2.296491E-2,1.786518E-3,-2.910065E-2,-1.191469E-2
2.600000E0,1.190644E-1,4.505603E-2,-2.961797E-2,9.877946E-4,-9.912937E-2,-1.708179E-2
2.633333E0,1.179293E-1,4.506613E-2,-3.096512E-2,4.477100E-4,1.280183E-1,-3.152385E-3
2.666667E0,1.170000E-1,4.508587E-2,-2.060615E-2,8.762332E-4,1.392975E-1,-1.675643E-3
2.700000E0,1.165555E-1,4.512454E-2,-1.920403E-2,4.918981E-4,-1.678669E-1,-6.478140E-4
2.733333E0,1.157198E-1,4.511867E-2,-3.333273E-2,5.043425E-4,-1.930515E-1,-5.579234E-3
2.766667E0,1.143333E-1,4.515817E-2,-3.459538E-2,5.067665E-4,3.962141E-2,1.391013E-3
2.800000E0,1.134134E-1,4.515245E-2,-2.752280E-2,2.463733E-4,2.029532E-3,-1.833741E-2
2.833333E0,1.124985E-1,4.517459E-2,-3.443938E-2,-3.540007E-4,-1.518883E-3,-8.382150E-3
2.866667E0,1.111174E-1,4.512885E-2,-3.110730E-2,-7.516876E-4,1.330723E-1,8.209285E-3
2.900000E0,1.104247E-1,4.512448E-2,-2.151489E-2,4.351329E-4,-1.160934E-2,7.106677E-3
2.933333E0,1.096831E-1,4.515786E-2,-3.215025E-2,-5.397984E-5,-3.407501E-1,2.307262E-4
2.966667E0,1.082813E-1,4.512088E-2,-4.634393E-2,-7.911605E-5,-1.799030E-1,3.673002E-3
3.000000E0,1.065935E-1,4.515259E-2,-4.478949E-2,6.754185E-4,-1.467878E-2,1.083607E-2
3.033333E0,1.052953E-1,4.516591E-2,-4.427807E-2,4.151156E-4,9.650381E-3,-1.101970E-2
3.066667E0,1.036416E-1,4.518026E-2,-4.689296E-2,4.032384E-5,-9.759521E-3,-1.707792E-2
3.100000E0,1.021691E-1,4.516860E-2,-4.348841E-2,-7.762133E-4,-2.944543E-1,-3.367013E-3
3.133333E0,1.007424E-1,4.512851E-2,-6.372615E-2,-3.692368E-4,-5.786343E-1,2.238976E-2
3.166667E0,9.792073E-2,4.514398E-2,-8.770425E-2,9.464956E-4,-2.835135E-1,1.222040E-2
3.200000E0,9.489547E-2,4.519161E-2,-8.179132E-2,5.848465E-4,2.132771E-1,1.124772E-3
3.233333E0,9.246798E-2,4.518297E-2,-7.077974E-2,5.900563E-4,1.478220E-1,5.824456E-3
3.266667E0,9.017682E-2,4.523095E-2,-7.214592E-2,1.349262E-3,-3.391746E-1,2.663644E-2
3.300000E0,8.765825E-2,4.527292E-2,-9.227046E-2,2.098796E-3,-4.147815E-1,8.147856E-3
3.333333E0,8.402545E-2,4.537087E-2,-1.046982E-1,2.244374E-3,-3.645975E-1,-1.053150E-2
3.366667E0,8.067837E-2,4.542255E-2,-1.113958E-1,1.137428E-3,-3.670754E-1,-2.445861E-2
3.400000E0,7.659906E-2,4.544670E-2,-1.316026E-1,6.111792E-4,-5.561137E-1,-9.401040E-3
3.433333E0,7.190486E-2,4.546329E-2,-1.484476E-1,5.323516E-4,-3.730363E-1,-2.875340E-3
3.466667E0,6.670256E-2,4.548219E-2,-1.571737E-1,4.607192E-4,-3.428657E-1,-4.948767E-3
3.500000E0,6.142661E-2,4.549401E-2,-1.690005E-1,1.905892E-4,-3.280507E-1,-2.090045E-3
3.533333E0,5.543586E-2,4.549489E-2,-1.816710E-1,2.568192E-4,-1.602818E-1,-4.534051E-3
3.566667E0,4.931521E-2,4.551113E-2,-1.793245E-1,4.119857E-5,1.288014E-1,-9.913511E-3
3.600000E0,4.348090E-2,4.549764E-2,-1.720100E-1,-5.443749E-4,3.257361E-1,7.043905E-2
3.633333E0,3.784788E-2,4.547484E-2,-1.588136E-1,4.080262E-3,4.332316E-1,-2.095743E-1
3.666667E0,3.289333E-2,4.576966E-2,-1.416497E-1,-1.038734E-2,6.107802E-1,-2.852281E-1
3.700000E0,2.840456E-2,4.478235E-2,-1.196913E-1,-2.217405E-2,8.901549E-1,2.454926E-1
3.733333E0,2.491391E-2,4.429139E-2,-8.223819E-2,7.655711E-3,8.339198E-1,3.186681E-1
3.766667E0,2.292202E-2,4.529273E-2,-5.980518E-2,7.607154E-3,2.559611E-1,-1.928379E-1
3.800000E0,2.092689E-2,4.479853E-2,-6.733141E-2,-1.480967E-2,,
3.833333E0,1.843326E-2,4.430542E-2,,,,
3.866667E0,,,,,,
3.900000E0,,,,,,
3.933333E0,1.045708E-2,4.432268E-2,,,,
3.966667E0,8.962620E-3,4.482443E-2,-6.731522E-2,-7.332002E-3,,
4.000000E0,5.969394E-3,4.383388E-2,-4.488221E-2,-7.380558E-3,2.565160E-1,6.353939E-2
4.033333E0,5.970473E-3,4.433239E-2,-2.989450E-2,7.542413E-3,2.567935E-1,1.917280E-1
4.066667E0,3.976427E-3,4.433671E-2,-4.486603E-2,9.711261E-5,-2.566548E-1,-1.276337E-1
4.100000E0,2.979405E-3,4.433887E-2,-3.738835E-2,8.092717E-5,-6.409432E-2,1.387323E-4
4.133333E0,1.483870E-3,4.434210E-2,-5.234370E-2,1.132980E-4,1.922830E-1,-4.161969E-4
4.166667E0,-5.101752E-4,4.434642E-2,-2.991068E-2,6.474174E-5,6.406658E-1,-1.295760E-1
4.200000E0,-5.101752E-4,4.434642E-2,-1.618543E-5,-7.477671E-3,3.844272E-1,-6.492672E-2
4.233333E0,-5.112542E-4,4.384791E-2,-7.493856E-3,-7.461485E-3,-6.395559E-2,6.423305E-2
4.266667E0,-1.009766E-3,4.384899E-2,-7.477671E-3,1.618543E-5,6.437179E-2,1.280499E-1
4.300000E0,-1.009766E-3,4.384899E-2,0.000000E0,-0.000000E0,1.281886E-1,-2.774646E-4
4.333333E0,-1.009766E-3,4.384899E-2,0.000000E0,-0.000000E0,0.000000E0,-0.000000E0
4.366667E0,-1.009766E-3,4.384899E-2,0.000000E0,-0.000000E0,0.000000E0,-0.000000E0
4.400000E0,-1.009766E-3,4.384899E-2,0.000000E0,-0.000000E0,0.000000E0,-0.000000E0
4.433333E0,-1.009766E-3,4.384899E-2,0.000000E0,-0.000000E0,0.000000E0,-0.000000E0
4.466667E0,-1.009766E-3,4.384899E-2,0.000000E0,-0.000000E0,0.000000E0,-0.000000E0
4.500000E0,-1.009766E-3,4.384899E-2,0.000000E0,-0.000000E0,0.000000E0,-0.000000E0
4.533333E0,-1.009766E-3,4.384899E-2,0.000000E0,-0.000000E0,0.000000E0,-0.000000E0
4.566667E0,-1.009766E-3,4.384899E-2,0.000000E0,-0.000000E0,0.000000E0,-0.000000E0
4.600000E0,-1.009766E-3,4.384899E-2,0.000000E0,-0.000000E0,0.000000E0,-0.000000E0
4.633333E0,-1.009766E-3,4.384899E-2,0.000000E0,-0.000000E0,0.000000E0,-0.000000E0
4.666667E0,-1.009766E-3,4.384899E-2,0.000000E0,-0.000000E0,0.000000E0,-0.000000E0
4.700000E0,-1.009766E-3,4.384899E-2,0.000000E0,-0.000000E0,0.000000E0,-0.000000E0
4.733333E0,-1.009766E-3,4.384899E-2,0.000000E0,-0.000000E0,0.000000E0,-0.000000E0
4.766667E0,-1.009766E-3,4.384899E-2,0.000000E0,-0.000000E0,0.000000E0,-0.000000E0
4.800000E0,-1.009766E-3,4.384899E-2,0.000000E0,-0.000000E0,0.000000E0,-0.000000E0
4.833333E0,-1.009766E-3,4.384899E-2,0.000000E0,-0.000000E0,0.000000E0,-0.000000E0
4.866667E0,-1.009766E-3,4.384899E-2,0.000000E0,-0.000000E0,0.000000E0,-0.000000E0
4.900000E0,-1.009766E-3,4.384899E-2,0.000000E0,-0.000000E0,0.000000E0,-0.000000E0
4.933333E0,-1.009766E-3,4.384899E-2,0.000000E0,-0.000000E0,0.000000E0,-0.000000E0
4.966667E0,-1.009766E-3,4.384899E-2,0.000000E0,-0.000000E0,0.000000E0,-0.000000E0
5.000000E0,-1.009766E-3,4.384899E-2,0.000000E0,-0.000000E0,0.000000E0,-0.000000E0
5.033333E0,-1.009766E-3,4.384899E-2,0.000000E0,-0.000000E0,0.000000E0,-0.000000E0
5.066667E0,-1.009766E-3,4.384899E-2,0.000000E0,-0.000000E0,0.000000E0,-0.000000E0
5.100000E0,-1.009766E-3,4.384899E-2,0.000000E0,-0.000000E0,0.000000E0,-0.000000E0
5.133333E0,-1.009766E-3,4.384899E-2,0.000000E0,-0.000000E0,0.000000E0,-0.000000E0
5.166667E0,-1.009766E-3,4.384899E-2,0.000000E0,-0.000000E0,0.000000E0,-0.000000E0
5.200000E0,-1.009766E-3,4.384899E-2,0.000000E0,-0.000000E0,0.000000E0,-0.000000E0
5.233333E0,-1.009766E-3,4.384899E-2,0.000000E0,-0.000000E0,0.000000E0,-0.000000E0
5.266667E0,-1.009766E-3,4.384899E-2,0.000000E0,-0.000000E0,0.000000E0,-0.000000E0
5.300000E0,-1.009766E-3,4.384899E-2,0.000000E0,-0.000000E0,0.000000E0,-0.000000E0
5.333333E0,-1.009766E-3,4.384899E-2,0.000000E0,-0.000000E0,0.000000E0,-0.000000E0
5.366667E0,-1.009766E-3,4.384899E-2,0.000000E0,-0.000000E0,0.000000E0,-0.000000E0
5.400000E0,-1.009766E-3,4.384899E-2,0.000000E0,-0.000000E0,0.000000E0,-0.000000E0
5.433333E0,-1.009766E-3,4.384899E-2,0.000000E0,-0.000000E0,0.000000E0,-0.000000E0
5.466667E0,-1.009766E-3,4.384899E-2,0.000000E0,-0.000000E0,0.000000E0,-0.000000E0
5.500000E0,-1.009766E-3,4.384899E-2,0.000000E0,-0.000000E0,0.000000E0,-0.000000E0
5.533333E0,-1.009766E-3,4.384899E-2,0.000000E0,-0.000000E0,0.000000E0,-0.000000E0
5.566667E0,-1.009766E-3,4.384899E-2,0.000000E0,-0.000000E0,0.000000E0,-0.000000E0
5.600000E0,-1.009766E-3,4.384899E-2,0.000000E0,-0.000000E0,0.000000E0,-0.000000E0
5.633333E0,-1.009766E-3,4.384899E-2,0.000000E0,-0.000000E0,0.000000E0,-0.000000E0
5.666667E0,-1.009766E-3,4.384899E-2,0.000000E0,-0.000000E0,0.000000E0,-0.000000E0
5.700000E0,-1.009766E-3,4.384899E-2,0.000000E0,-0.000000E0,0.000000E0,-0.000000E0
5.733333E0,-1.009766E-3,4.384899E-2,0.000000E0,-0.000000E0,0.000000E0,-0.000000E0
5.766667E0,-1.009766E-3,4.384899E-2,0.000000E0,-0.000000E0,0.000000E0,-0.000000E0
5.800000E0,-1.009766E-3,4.384899E-2,0.000000E0,-0.000000E0,0.000000E0,-0.000000E0
5.833333E0,-1.009766E-3,4.384899E-2,0.000000E0,-0.000000E0,0.000000E0,-0.000000E0
5.866667E0,-1.009766E-3,4.384899E-2,0.000000E0,-0.000000E0,0.000000E0,-0.000000E0
5.900000E0,-1.009766E-3,4.384899E-2,0.000000E0,-0.000000E0,0.000000E0,-0.000000E0
5.933333E0,-1.009766E-3,4.384899E-2,0.000000E0,-0.000000E0,0.000000E0,-0.000000E0
5.966667E0,-1.009766E-3,4.384899E-2,0.000000E0,-0.000000E0,0.000000E0,-0.000000E0
6.000000E0,-1.009766E-3,4.384899E-2,0.000000E0,-0.000000E0,0.000000E0,-0.000000E0
6.033333E0,-1.009766E-3,4.384899E-2,0.000000E0,-0.000000E0,0.000000E0,-0.000000E0
6.066667E0,-1.009766E-3,4.384899E-2,0.000000E0,-0.000000E0,0.000000E0,-0.000000E0
6.100000E0,-1.009766E-3,4.384899E-2,0.000000E0,-0.000000E0,0.000000E0,-0.000000E0
6.133333E0,-1.009766E-3,4.384899E-2,0.000000E0,-0.000000E0,0.000000E0,-0.000000E0
6.166667E0,-1.009766E-3,4.384899E-2,0.000000E0,-0.000000E0,0.000000E0,-0.000000E0
6.200000E0,-1.009766E-3,4.384899E-2,0.000000E0,-0.000000E0,0.000000E0,-0.000000E0
6.233333E0,-1.009766E-3,4.384899E-2,0.000000E0,-0.000000E0,0.000000E0,-0.000000E0
6.266667E0,-1.009766E-3,4.384899E-2,0.000000E0,-0.000000E0,0.000000E0,-0.000000E0
6.300000E0,-1.009766E-3,4.384899E-2,0.000000E0,-0.000000E0,0.000000E0,-0.000000E0
6.333333E0,-1.009766E-3,4.384899E-2,0.000000E0,-0.000000E0,0.000000E0,-0.000000E0
6.366667E0,-1.009766E-3,4.384899E-2,0.000000E0,-0.000000E0,0.000000E0,-0.000000E0
6.400000E0,-1.009766E-3,4.384899E-2,0.000000E0,-0.000000E0,0.000000E0,-0.000000E0
6.433333E0,-1.009766E-3,4.384899E-2,0.000000E0,-0.000000E0,0.000000E0,-0.000000E0
6.466667E0,-1.009766E-3,4.384899E-2,0.000000E0,-0.000000E0,0.000000E0,-0.000000E0
6.500000E0,-1.009766E-3,4.384899E-2,0.000000E0,-0.000000E0,0.000000E0,-0.000000E0
6.533333E0,-1.009766E-3,4.384899E-2,0.000000E0,-0.000000E0,0.000000E0,-0.000000E0
6.566667E0,-1.009766E-3,4.384899E-2,0.000000E0,-0.000000E0,0.000000E0,-0.000000E0
6.600000E0,-1.009766E-3,4.384899E-2,0.000000E0,-0.000000E0,0.000000E0,-0.000000E0
6.633333E0,-1.009766E-3,4.384899E-2,0.000000E0,-0.000000E0,0.000000E0,-0.000000E0
6.666667E0,-1.009766E-3,4.384899E-2,0.000000E0,-0.000000E0,0.000000E0,-0.000000E0
6.700000E0,-1.009766E-3,4.384899E-2,0.000000E0,-0.000000E0,0.000000E0,-0.000000E0
6.733333E0,-1.009766E-3,4.384899E-2,0.000000E0,-0.000000E0,0.000000E0,-0.000000E0
6.766667E0,-1.009766E-3,4.384899E-2,0.000000E0,-0.000000E0,0.000000E0,-0.000000E0
6.800000E0,-1.009766E-3,4.384899E-2,0.000000E0,-0.000000E0,0.000000E0,-0.000000E0
6.833333E0,-1.009766E-3,4.384899E-2,0.000000E0,-0.000000E0,0.000000E0,-0.000000E0
6.866667E0,-1.009766E-3,4.384899E-2,0.000000E0,-0.000000E0,0.000000E0,-0.000000E0
6.900000E0,-1.009766E-3,4.384899E-2,0.000000E0,-0.000000E0,0.000000E0,-0.000000E0
6.933333E0,-1.009766E-3,4.384899E-2,0.000000E0,-0.000000E0,0.000000E0,-0.000000E0
6.966667E0,-1.009766E-3,4.384899E-2,0.000000E0,-0.000000E0,0.000000E0,-0.000000E0
7.000000E0,-1.009766E-3,4.384899E-2,0.000000E0,-0.000000E0,0.000000E0,-0.000000E0
7.033333E0,-1.009766E-3,4.384899E-2,0.000000E0,-0.000000E0,0.000000E0,-0.000000E0
7.066667E0,-1.009766E-3,4.384899E-2,0.000000E0,-0.000000E0,0.000000E0,-0.000000E0
7.100000E0,-1.009766E-3,4.384899E-2,0.000000E0,-0.000000E0,0.000000E0,-0.000000E0
7.133333E0,-1.009766E-3,4.384899E-2,0.000000E0,-0.000000E0,0.000000E0,-0.000000E0
7.166667E0,-1.009766E-3,4.384899E-2,0.000000E0,-0.000000E0,0.000000E0,-0.000000E0
7.200000E0,-1.009766E-3,4.384899E-2,0.000000E0,-0.000000E0,0.000000E0,-0.000000E0
7.233333E0,-1.009766E-3,4.384899E-2,0.000000E0,-0.000000E0,0.000000E0,-0.000000E0
7.266667E0,-1.009766E-3,4.384899E-2,0.000000E0,-0.000000E0,0.000000E0,-0.000000E0
7.300000E0,-1.009766E-3,4.384899E-2,0.000000E0,-0.000000E0,0.000000E0,-0.000000E0
7.333333E0,-1.009766E-3,4.384899E-2,0.000000E0,-0.000000E0,0.000000E0,-0.000000E0
7.366667E0,-1.009766E-3,4.384899E-2,0.000000E0,-0.000000E0,0.000000E0,-0.000000E0
7.400000E0,-1.009766E-3,4.384899E-2,0.000000E0,-0.000000E0,0.000000E0,-0.000000E0
7.433333E0,-1.009766E-3,4.384899E-2,0.000000E0,-0.000000E0,0.000000E0,-0.000000E0
7.466667E0,-1.009766E-3,4.384899E-2,0.000000E0,-0.000000E0,0.000000E0,-0.000000E0
7.500000E0,-1.009766E-3,4.384899E-2,0.000000E0,-0.000000E0,0.000000E0,-0.000000E0
7.533333E0,-1.009766E-3,4.384899E-2,0.000000E0,-0.000000E0,0.000000E0,-0.000000E0
7.566667E0,-1.009766E-3,4.384899E-2,0.000000E0,-0.000000E0,0.000000E0,-0.000000E0
7.600000E0,-1.009766E-3,4.384899E-2,0.000000E0,-0.000000E0,0.000000E0,-0.000000E0
7.633333E0,-1.009766E-3,4.384899E-2,0.000000E0,-0.000000E0,0.000000E0,-0.000000E0
7.666667E0,-1.009766E-3,4.384899E-2,0.000000E0,-0.000000E0,0.000000E0,-0.000000E0
7.700000E0,-1.009766E-3,4.384899E-2,0.000000E0,-0.000000E0,0.000000E0,-0.000000E0
7.733333E0,-1.009766E-3,4.384899E-2,0.000000E0,-0.000000E0,0.000000E0,-0.000000E0
7.766667E0,-1.009766E-3,4.384899E-2,0.000000E0,-0.000000E0,0.000000E0,-0.000000E0
7.800000E0,-1.009766E-3,4.384899E-2,0.000000E0,-0.000000E0,0.000000E0,-0.000000E0
7.833333E0,-1.009766E-3,4.384899E-2,0.000000E0,-0.000000E0,0.000000E0,-0.000000E0
7.866667E0,-1.009766E-3,4.384899E-2,0.000000E0,-0.000000E0,0.000000E0,-0.000000E0
7.900000E0,-1.009766E-3,4.384899E-2,0.000000E0,-0.000000E0,0.000000E0,-0.000000E0
7.933333E0,-1.009766E-3,4.384899E-2,0.000000E0,-0.000000E0,0.000000E0,-0.000000E0
7.966667E0,-1.009766E-3,4.384899E-2,0.000000E0,-0.000000E0,0.000000E0,-0.000000E0
8.000000E0,-1.009766E-3,4.384899E-2,0.000000E0,-0.000000E0,0.000000E0,-0.000000E0
8.033333E0,-1.009766E-3,4.384899E-2,0.000000E0,-0.000000E0,0.000000E0,-0.000000E0
8.066667E0,-1.009766E-3,4.384899E-2,0.000000E0,-0.000000E0,,
8.100000E0,-1.009766E-3,4.384899E-2,,,,
