,mass A,,,,,,
t,x,y,vx,vy,ax,ay,
0.000000E0,1.117567E-1,3.539121E-2,,,,
3.333333E-2,1.117489E-1,3.548600E-2,-1.038556E-4,9.035658E-4,,
6.666667E-2,1.117498E-1,3.545144E-2,-2.771864E-4,-8.123225E-4,1.439912E-3,-2.732635E-2
1.000000E-1,1.117304E-1,3.543184E-2,-1.722069E-4,-5.783018E-4,-1.087246E-3,7.058558E-3
1.333333E-1,1.117383E-1,3.541289E-2,-1.357731E-4,-3.957323E-4,-5.330680E-4,3.244842E-3
1.666667E-1,1.117213E-1,3.540546E-2,-3.899216E-4,-3.025756E-4,-5.357822E-4,5.538448E-3
2.000000E-1,1.117123E-1,3.539272E-2,-1.074823E-4,-1.125216E-4,6.066376E-3,6.559173E-3
2.333333E-1,1.117142E-1,3.539796E-2,4.562521E-5,2.149352E-4,5.339394E-5,7.049425E-3
2.666667E-1,1.117154E-1,3.540705E-2,-1.094887E-4,3.275309E-4,-2.714704E-3,2.611859E-4
3.000000E-1,1.117069E-1,3.541980E-2,-1.851684E-4,2.576329E-4,2.382541E-3,9.963953E-4
3.333333E-1,1.117030E-1,3.542422E-2,6.408887E-5,3.232431E-4,6.488214E-3,-4.356018E-3
3.666667E-1,1.117112E-1,3.544135E-2,2.833433E-4,9.874775E-5,9.996316E-4,-6.655929E-3
4.000000E-1,1.117219E-1,3.543081E-2,1.419954E-4,-2.724830E-4,-1.531735E-3,-4.521471E-3
4.333333E-1,1.117206E-1,3.542318E-2,1.037235E-4,-1.431565E-4,-2.342743E-3,2.431015E-3
4.666667E-1,1.117288E-1,3.542126E-2,7.646805E-5,-8.785881E-5,-1.897216E-3,7.791219E-4
5.000000E-1,1.117257E-1,3.541732E-2,-9.170784E-5,-1.128739E-4,-5.773579E-5,1.421207E-4
5.333333E-1,1.117227E-1,3.541374E-2,7.377260E-5,-7.690981E-5,6.602686E-4,-2.435912E-3
5.666667E-1,1.117306E-1,3.541220E-2,2.887558E-5,-2.396453E-4,6.118549E-4,-1.002248E-3
6.000000E-1,1.117246E-1,3.539776E-2,4.947873E-6,-2.320655E-4,9.689932E-4,-8.671164E-5
6.333333E-1,1.117310E-1,3.539672E-2,1.779526E-4,-1.442224E-4,5.884657E-3,5.373812E-3
6.666667E-1,1.117365E-1,3.538815E-2,3.421695E-4,2.484734E-5,-1.990363E-3,1.964182E-3
7.000000E-1,1.117538E-1,3.539838E-2,1.500066E-4,1.114494E-4,-7.398320E-3,-1.132980E-3
7.333333E-1,1.117465E-1,3.539558E-2,-2.736391E-4,-1.390366E-4,-8.335765E-4,-2.543264E-3
7.666667E-1,1.117355E-1,3.538911E-2,7.379841E-5,-6.435726E-5,1.851519E-3,2.640827E-3
8.000000E-1,1.117514E-1,3.539129E-2,3.566784E-5,7.980084E-5,1.980808E-4,1.694113E-3
8.333333E-1,1.117379E-1,3.539443E-2,-1.350138E-4,4.175582E-5,-3.835666E-3,-1.193014E-3
8.666667E-1,1.117424E-1,3.539407E-2,-5.305325E-5,-1.610396E-5,6.748999E-4,1.156943E-4
9.000000E-1,1.117344E-1,3.539336E-2,-1.896905E-4,4.588709E-5,2.069491E-3,2.015000E-3
9.333333E-1,1.117298E-1,3.539713E-2,9.339427E-5,1.350508E-4,4.339592E-3,3.232406E-3
9.666667E-1,1.117406E-1,3.540236E-2,1.792676E-4,2.454129E-4,1.084119E-3,-4.408296E-4
1.000000E0,1.117417E-1,3.541349E-2,8.375606E-5,1.535480E-4,-3.014848E-3,-2.814003E-3
1.033333E0,1.117462E-1,3.541260E-2,2.852420E-5,-8.882017E-6,-1.584612E-3,-4.023697E-3
1.066667E0,1.117436E-1,3.541290E-2,-6.141836E-5,-7.223795E-5,-3.376350E-3,-2.963440E-3
1.100000E0,1.117421E-1,3.540778E-2,-1.606621E-4,-2.223570E-4,-9.045291E-4,2.895569E-3
1.133333E0,1.117329E-1,3.539807E-2,-1.715719E-4,6.221836E-5,1.413988E-3,5.532822E-3
1.166667E0,1.117307E-1,3.541193E-2,-2.624507E-5,2.771305E-4,2.043833E-3,3.303350E-3
1.200000E0,1.117312E-1,3.541655E-2,-3.161930E-5,1.856303E-4,1.531494E-3,-5.689415E-3
1.233333E0,1.117285E-1,3.542431E-2,3.967604E-5,-3.121863E-5,1.322057E-3,-5.937242E-3
1.266667E0,1.117338E-1,3.541447E-2,1.045644E-4,-2.926666E-4,1.509436E-4,-1.840262E-3
1.300000E0,1.117355E-1,3.540479E-2,2.186153E-5,-1.373334E-4,-2.481719E-4,4.049572E-3
1.333333E0,1.117353E-1,3.540531E-2,7.535582E-5,1.999116E-5,-1.397650E-4,3.657356E-3
1.366667E0,1.117405E-1,3.540613E-2,5.518761E-5,7.824190E-5,1.995191E-3,-1.468491E-3
1.400000E0,1.117389E-1,3.541053E-2,1.401788E-4,-3.877495E-5,-4.442494E-3,-2.924750E-3
1.433333E0,1.117499E-1,3.540354E-2,-1.098991E-4,-1.777728E-4,-6.038469E-3,5.139794E-5
1.466667E0,1.117316E-1,3.539868E-2,-4.311629E-4,-1.987140E-5,6.721633E-4,3.933785E-4
1.500000E0,1.117211E-1,3.540222E-2,-1.222376E-5,-9.178036E-5,5.932515E-3,2.656038E-3
1.533333E0,1.117308E-1,3.539256E-2,6.590421E-5,3.606434E-5,3.639993E-3,-4.225844E-4
1.566667E0,1.117255E-1,3.540462E-2,8.816940E-5,4.649107E-5,4.405885E-4,6.882679E-4
1.600000E0,1.117367E-1,3.539566E-2,2.146776E-4,-8.149551E-5,-8.746500E-4,1.030663E-3
1.633333E0,1.117399E-1,3.539919E-2,-2.267015E-5,2.003286E-4,-2.853980E-3,2.122440E-3
1.666667E0,1.117352E-1,3.540901E-2,-1.066017E-5,8.950999E-5,-3.357324E-4,-6.789143E-4
1.700000E0,1.117391E-1,3.540516E-2,2.260603E-5,5.811943E-5,-2.436721E-3,-1.064015E-3
1.733333E0,1.117367E-1,3.541289E-2,-2.010297E-4,1.143530E-4,-8.716214E-4,2.125415E-3
1.766667E0,1.117257E-1,3.541278E-2,-9.182896E-5,1.233082E-4,5.437350E-3,9.840037E-3
1.800000E0,1.117306E-1,3.542111E-2,2.343398E-4,7.516265E-4,5.884720E-3,8.999733E-4
1.833333E0,1.117414E-1,3.546289E-2,2.963400E-4,4.266945E-4,1.094330E-3,-2.837266E-3
1.866667E0,1.117503E-1,3.544955E-2,2.842822E-4,1.727655E-4,-3.512286E-3,-3.656861E-3
1.900000E0,1.117603E-1,3.547441E-2,9.932128E-5,4.997669E-4,-3.936574E-3,-7.291252E-4
1.933333E0,1.117569E-1,3.548287E-2,-4.569640E-5,7.344574E-6,5.658857E-3,2.449097E-3
1.966667E0,1.117573E-1,3.547489E-2,4.572575E-4,5.193083E-4,7.374772E-3,-2.410294E-3
2.000000E0,1.117874E-1,3.551749E-2,6.081393E-4,2.460486E-4,-3.891271E-3,-1.410505E-3
2.033333E0,1.117978E-1,3.549130E-2,8.206689E-5,-7.890547E-5,-1.274073E-2,-4.577154E-3
2.066667E0,1.117929E-1,3.551223E-2,-2.499062E-4,3.325052E-4,-3.165113E-3,1.888733E-3
2.100000E0,1.117811E-1,3.551347E-2,-1.537148E-4,-1.164813E-4,1.562660E-3,-1.753556E-4
2.133333E0,1.117826E-1,3.550447E-2,-5.950521E-5,2.455348E-4,-2.894443E-2,-8.310223E-3
2.166667E0,1.117772E-1,3.552983E-2,-1.894281E-3,-3.434950E-4,-1.613774E-1,-2.441461E-3
2.200000E0,1.116564E-1,3.548157E-2,-1.033843E-2,-4.491480E-4,-3.125366E-1,4.740562E-3
2.233333E0,1.110880E-1,3.549989E-2,-2.348241E-2,4.324756E-4,-2.869212E-1,3.516731E-2
2.266667E0,1.100909E-1,3.551040E-2,-3.029067E-2,1.543652E-3,-7.509801E-2,1.680362E-2
2.300000E0,1.090686E-1,3.560280E-2,-2.805209E-2,2.026901E-3,1.337690E-1,1.127020E-2
2.333333E0,1.082207E-1,3.564553E-2,-2.117922E-2,1.828491E-3,1.331275E-1,-5.436399E-3
2.366667E0,1.076566E-1,3.572470E-2,-1.815814E-2,1.983163E-3,-1.122584E-2,-8.631047E-3
2.400000E0,1.070102E-1,3.577774E-2,-2.245171E-2,1.128964E-3,-1.772553E-1,-7.451949E-3
2.433333E0,1.061598E-1,3.579996E-2,-3.002717E-2,1.317415E-3,-9.597693E-2,-8.388801E-3
2.466667E0,1.050084E-1,3.586556E-2,-3.030896E-2,9.648935E-4,3.498053E-2,-2.827707E-2
2.500000E0,1.041392E-1,3.586429E-2,-2.586894E-2,-8.336173E-4,6.311712E-2,-1.740044E-2
2.533333E0,1.032838E-1,3.580999E-2,-2.652482E-2,-4.478505E-4,7.548628E-3,3.320843E-2
2.566667E0,1.023709E-1,3.583443E-2,-2.585885E-2,1.694143E-3,4.303957E-2,3.105499E-2
2.600000E0,1.015598E-1,3.592293E-2,-2.325095E-2,1.844085E-3,-4.789845E-2,1.747018E-2
2.633333E0,1.008209E-1,3.595737E-2,-2.811220E-2,2.307813E-3,-1.881249E-1,-1.352000E-2
2.666667E0,9.968570E-2,3.607679E-2,-3.719625E-2,1.692706E-3,-8.817415E-2,-1.750557E-2
2.700000E0,9.834111E-2,3.607022E-2,-3.482637E-2,3.418140E-4,1.497449E-1,-1.216774E-2
2.733333E0,9.736394E-2,3.609957E-2,-2.570551E-2,1.252316E-3,9.807974E-3,5.947581E-3
2.766667E0,9.662741E-2,3.615371E-2,-3.244942E-2,8.746123E-4,-1.265030E-1,-3.337046E-3
2.800000E0,9.520065E-2,3.615788E-2,-3.826162E-2,6.829471E-4,-1.973294E-2,-1.014115E-2
2.833333E0,9.407664E-2,3.619924E-2,-3.132984E-2,5.619206E-4,1.267310E-2,7.378680E-4
2.866667E0,9.311199E-2,3.619534E-2,-3.632714E-2,3.866007E-4,-7.058690E-2,-1.393946E-2
2.900000E0,9.165483E-2,3.622501E-2,-3.914128E-2,5.139481E-7,1.188201E-1,3.546590E-3
2.933333E0,9.050257E-2,3.619538E-2,-2.710916E-2,1.487130E-4,1.438439E-1,-1.719955E-3
2.966667E0,8.984755E-2,3.623493E-2,-2.702113E-2,4.190549E-4,-1.581188E-1,8.986994E-3
3.000000E0,8.870117E-2,3.622331E-2,-4.001800E-2,2.892536E-4,-1.412700E-1,-1.029373E-2
3.033333E0,8.717969E-2,3.625421E-2,-3.807507E-2,1.373876E-4,4.475845E-2,-4.346136E-3
3.066667E0,8.616283E-2,3.623247E-2,-3.362243E-2,-3.590042E-4,-1.074635E-1,9.991150E-3
3.100000E0,8.493819E-2,3.623028E-2,-4.590212E-2,8.667419E-4,-1.279020E-1,6.299838E-3
3.133333E0,8.310269E-2,3.629026E-2,-4.566488E-2,4.748222E-4,2.054601E-1,-8.154409E-3
3.166667E0,8.189386E-2,3.626193E-2,-2.921683E-2,-2.712276E-4,2.262720E-1,-1.432795E-2
3.200000E0,8.115490E-2,3.627217E-2,-2.894178E-2,-7.170434E-5,-2.019787E-1,2.267906E-2
3.233333E0,7.996441E-2,3.625715E-2,-4.438530E-2,8.622083E-4,-2.241630E-1,2.867912E-2
3.266667E0,7.819588E-2,3.632965E-2,-4.635333E-2,2.257710E-3,-7.734489E-2,2.530603E-2
3.300000E0,7.687419E-2,3.640766E-2,-4.554572E-2,2.379679E-3,-1.647159E-1,9.361596E-4
3.333333E0,7.515950E-2,3.648830E-2,-5.890932E-2,2.332018E-3,2.884171E-2,-1.884339E-2
3.366667E0,7.294690E-2,3.656313E-2,-4.759753E-2,1.236951E-3,3.221290E-1,-2.862271E-2
3.400000E0,7.198633E-2,3.657076E-2,-3.072833E-2,1.583560E-4,-6.202429E-2,-6.331474E-3
3.433333E0,7.089835E-2,3.657369E-2,-5.217115E-2,8.323221E-4,-5.150503E-1,1.879676E-2
3.466667E0,6.850825E-2,3.662625E-2,-7.053880E-2,1.627110E-3,-4.369703E-1,-8.470037E-3
3.500000E0,6.619576E-2,3.668216E-2,-7.707903E-2,3.633543E-4,-1.065253E-1,-1.695017E-2
3.533333E0,6.336965E-2,3.665048E-2,-8.060494E-2,-1.864525E-5,9.541360E-2,-1.066817E-2
3.566667E0,6.082210E-2,3.668092E-2,-6.942403E-2,2.070401E-4,4.566378E-3,1.337970E-2
3.600000E0,5.874138E-2,3.666428E-2,-7.683732E-2,4.086839E-4,-2.701630E-1,9.857790E-4
3.633333E0,5.569961E-2,3.670817E-2,-9.239143E-2,7.185190E-4,-4.015875E-1,9.143905E-3
3.666667E0,5.258195E-2,3.671218E-2,-1.008324E-1,6.430207E-4,-2.321001E-1,6.264878E-4
3.700000E0,4.897745E-2,3.675103E-2,-1.095819E-1,1.016373E-3,-4.713070E-1,-9.273957E-4
3.733333E0,4.527649E-2,3.677994E-2,-1.290488E-1,5.142901E-4,-5.701266E-1,-1.727735E-2
3.766667E0,4.037420E-2,3.678532E-2,-1.518493E-1,-1.678813E-4,-4.160471E-1,3.207782E-3
3.800000E0,3.515320E-2,3.676875E-2,-1.557085E-1,5.367337E-4,-2.437245E-1,1.321923E-2
3.833333E0,2.999363E-2,3.682110E-2,-1.656059E-1,1.120225E-3,-3.213657E-1,6.276928E-3
3.866667E0,2.411281E-2,3.684343E-2,-1.798642E-1,6.776489E-4,-2.878034E-1,-1.726188E-2
3.900000E0,1.800269E-2,3.686628E-2,-1.841142E-1,1.172330E-4,-2.164528E-2,-6.630009E-3
3.933333E0,1.183853E-2,3.685124E-2,-1.815320E-1,6.739481E-6,2.556052E-1,-8.480140E-3
3.966667E0,5.900550E-3,3.686673E-2,-1.675076E-1,-1.485297E-4,6.101940E-1,-1.419446E-2
4.000000E0,6.713613E-4,3.684134E-2,-1.406214E-1,-1.127818E-3,7.558308E-1,-1.539145E-2
4.033333E0,-3.474212E-3,3.679154E-2,-1.152904E-1,-1.229461E-3,7.241721E-1,-5.682024E-3
4.066667E0,-7.014662E-3,3.675938E-2,-9.383963E-2,-1.326994E-3,6.882888E-1,-2.764640E-2
4.100000E0,-9.730187E-3,3.670307E-2,-6.895324E-2,-3.023210E-3,4.441978E-1,-2.236914E-2
4.133333E0,-1.161154E-2,3.655783E-2,-6.167183E-2,-3.298927E-3,-3.351084E-2,-3.397666E-3
4.166667E0,-1.384164E-2,3.648315E-2,-7.352359E-2,-2.692199E-3,-1.699404E-1,-1.815503E-3
4.200000E0,-1.651312E-2,3.637835E-2,-7.489534E-2,-3.630675E-3,7.285201E-2,-9.646518E-3
4.233333E0,-1.883467E-2,3.624110E-2,-6.664945E-2,-3.498306E-3,2.903319E-1,9.100715E-4
4.266667E0,-2.095641E-2,3.614513E-2,-5.646082E-2,-3.268009E-3,2.526800E-1,-7.125539E-3
4.300000E0,-2.259872E-2,3.602323E-2,-4.831397E-2,-4.108393E-3,1.017638E-3,7.466882E-3
4.333333E0,-2.417734E-2,3.587124E-2,-5.592384E-2,-3.058203E-3,-1.117831E-1,2.006243E-3
4.366667E0,-2.632698E-2,3.581935E-2,-5.911720E-2,-3.240505E-3,1.641646E-1,1.223179E-2
4.400000E0,-2.811849E-2,3.565520E-2,-4.366170E-2,-3.186690E-3,3.710436E-1,1.837521E-2
4.433333E0,-2.923776E-2,3.560691E-2,-3.243111E-2,-1.299702E-3,2.141769E-1,1.410929E-2
4.466667E0,-3.028057E-2,3.556856E-2,-3.059464E-2,-2.289070E-3,1.187060E-1,-1.655122E-2
4.500000E0,-3.127740E-2,3.545430E-2,-2.516177E-2,-2.834452E-3,2.255191E-1,1.517480E-2
4.533333E0,-3.195802E-2,3.537959E-2,-1.506775E-2,-1.107302E-3,3.042739E-1,3.644010E-2
4.566667E0,-3.228192E-2,3.538048E-2,-4.737057E-3,-1.417756E-4,2.188378E-1,2.343251E-2
4.600000E0,-3.227382E-2,3.537014E-2,1.877352E-4,1.753533E-4,7.923179E-2,8.620410E-3
4.633333E0,-3.226940E-2,3.539217E-2,-1.427485E-4,6.038871E-4,-4.621987E-3,-6.370627E-3
4.666667E0,-3.228334E-2,3.541040E-2,-2.195765E-4,-2.248052E-4,1.263106E-2,-5.563199E-3
4.700000E0,-3.228404E-2,3.537719E-2,6.933451E-4,-1.064405E-4,6.315409E-3,2.483900E-3
4.733333E0,-3.223711E-2,3.540330E-2,5.060014E-4,3.650789E-4,3.666098E-3,9.937922E-3
4.766667E0,-3.225030E-2,3.540152E-2,4.563500E-4,2.640414E-4,-3.798448E-3,3.285139E-3
4.800000E0,-3.220669E-2,3.542091E-2,7.104505E-4,7.154235E-4,-4.021329E-3,4.972344E-3
4.833333E0,-3.220294E-2,3.544922E-2,-7.720252E-5,6.210743E-4,-1.151164E-2,-6.283870E-3
4.866667E0,-3.221184E-2,3.546231E-2,-5.591355E-5,2.347103E-4,-9.492851E-4,-4.540549E-3
4.900000E0,-3.220667E-2,3.546487E-2,-2.708147E-5,2.771811E-4,-5.524086E-3,-4.378545E-3
4.933333E0,-3.221364E-2,3.548079E-2,-4.692319E-4,7.955846E-5,-4.353396E-4,-3.401395E-3
4.966667E0,-3.223795E-2,3.547017E-2,-1.824715E-4,-1.203082E-4,4.275003E-3,-4.542335E-3
5.000000E0,-3.222581E-2,3.547277E-2,5.351870E-5,-8.626979E-5,1.535059E-2,-7.627799E-4
5.033333E0,-3.223438E-2,3.546442E-2,5.575994E-4,-2.469258E-4,-4.447495E-3,1.748467E-3
5.066667E0,-3.218864E-2,3.545631E-2,2.015021E-4,1.751820E-5,4.674734E-3,3.533147E-3
5.100000E0,-3.222095E-2,3.546559E-2,2.448229E-4,8.960241E-5,-1.776703E-3,-4.650212E-3
5.133333E0,-3.217231E-2,3.546228E-2,7.049908E-4,-3.481300E-4,-8.841542E-3,-3.702862E-4
5.166667E0,-3.217395E-2,3.544238E-2,-6.479794E-4,-5.647797E-5,-2.124675E-2,6.894259E-3
5.200000E0,-3.221551E-2,3.545852E-2,-8.338422E-4,3.243415E-4,9.387009E-3,5.440752E-3
5.233333E0,-3.222954E-2,3.546400E-2,1.061041E-4,1.810026E-4,1.840419E-2,-1.017753E-2
5.266667E0,-3.220844E-2,3.547058E-2,5.032010E-4,-2.611206E-4,-3.237478E-3,-3.100415E-3
5.300000E0,-3.219599E-2,3.544659E-2,-1.476655E-4,-2.291438E-4,-1.350664E-2,6.775867E-3
5.333333E0,-3.221828E-2,3.545531E-2,-5.452030E-4,3.794155E-4,-4.583800E-3,6.314414E-3
5.366667E0,-3.223234E-2,3.547189E-2,-3.533060E-4,1.981994E-4,1.392315E-2,-4.667302E-3
5.400000E0,-3.224184E-2,3.546852E-2,3.011815E-4,-4.245425E-5,1.077692E-2,-2.077601E-3
5.433333E0,-3.221226E-2,3.546906E-2,5.683907E-4,1.062897E-4,-1.975548E-4,3.159348E-3
5.466667E0,-3.220394E-2,3.547561E-2,1.302190E-4,1.869294E-4,-8.147872E-3,8.692011E-4
5.500000E0,-3.220358E-2,3.548152E-2,3.345084E-5,1.522246E-4,-1.237619E-2,-5.769003E-3
5.533333E0,-3.220171E-2,3.548575E-2,-5.804620E-4,-1.621797E-4,-2.434110E-3,-2.623011E-3
5.566667E0,-3.224228E-2,3.547071E-2,-4.267586E-4,-1.454026E-4,8.944951E-3,1.434986E-3
5.600000E0,-3.223016E-2,3.547606E-2,3.363982E-4,7.453456E-5,8.724206E-3,6.181792E-4
5.633333E0,-3.221985E-2,3.547568E-2,6.866040E-5,-1.523804E-4,2.514887E-3,-4.035694E-3
5.666667E0,-3.222559E-2,3.546590E-2,3.627240E-4,-2.313002E-4,-1.149598E-2,1.106331E-3
5.700000E0,-3.219567E-2,3.546026E-2,-3.345309E-4,-5.688501E-5,-7.670785E-3,1.522595E-3
5.733333E0,-3.224789E-2,3.546211E-2,-7.007736E-4,-8.623389E-5,1.315894E-2,6.845060E-3
5.766667E0,-3.224239E-2,3.545451E-2,8.659875E-4,2.714875E-4,2.106749E-2,3.749487E-3
5.800000E0,-3.219016E-2,3.548021E-2,8.786302E-4,3.822695E-4,-2.509765E-3,-2.069198E-3
5.833333E0,-3.218381E-2,3.547999E-2,3.754392E-4,-4.360803E-5,-1.568990E-2,-1.320769E-2
5.866667E0,-3.216513E-2,3.547730E-2,5.593606E-5,-4.067253E-4,-3.646816E-3,-2.715486E-3
5.900000E0,-3.218008E-2,3.545288E-2,-8.959311E-5,-3.650236E-4,-1.355358E-2,9.591708E-3
5.933333E0,-3.217110E-2,3.545297E-2,-5.551526E-4,3.366541E-4,5.509005E-5,1.567759E-2
5.966667E0,-3.221709E-2,3.547532E-2,-4.986961E-4,7.164784E-4,1.100372E-2,-8.178387E-4
6.000000E0,-3.220435E-2,3.550073E-2,5.272761E-4,3.118832E-4,2.461864E-3,-1.014759E-2
6.033333E0,-3.218194E-2,3.549611E-2,-2.826461E-4,-1.006986E-4,1.082386E-3,-1.372985E-2
6.066667E0,-3.222319E-2,3.549402E-2,1.130129E-4,-4.700814E-4,3.439717E-4,-1.890742E-3
6.100000E0,-3.217441E-2,3.546477E-2,4.126508E-4,-4.146263E-4,-4.381354E-3,4.712017E-3
6.133333E0,-3.219568E-2,3.546638E-2,-6.679790E-4,3.614825E-5,-9.637068E-3,6.403785E-3
6.166667E0,-3.221894E-2,3.546718E-2,-1.644135E-4,-4.704693E-5,1.405645E-2,-3.457425E-3
6.200000E0,-3.220664E-2,3.546324E-2,4.186656E-4,-2.011577E-4,-1.410771E-3,8.403505E-3
6.233333E0,-3.219103E-2,3.545377E-2,-2.218536E-4,4.017250E-4,-2.965551E-3,-2.594453E-3
6.266667E0,-3.222143E-2,3.549002E-2,-9.943926E-5,-9.626938E-6,3.913373E-3,-8.320894E-3
6.300000E0,-3.219766E-2,3.545313E-2,4.127481E-4,-6.322103E-4,-8.468279E-3,-8.698038E-4
6.333333E0,-3.219391E-2,3.544787E-2,-7.436502E-4,1.768927E-4,-1.924294E-2,1.658192E-2
6.366667E0,-3.224723E-2,3.546492E-2,-1.137728E-3,5.023616E-4,1.782089E-2,-2.952155E-3
6.400000E0,-3.226976E-2,3.548137E-2,5.268340E-4,1.247328E-7,2.174070E-2,-5.648447E-3
6.433333E0,-3.221211E-2,3.546493E-2,7.318279E-4,-7.369069E-5,-2.228083E-3,-3.066446E-3
6.466667E0,-3.222097E-2,3.547645E-2,-1.019891E-4,3.090054E-5,-6.021240E-3,4.296010E-3
6.500000E0,-3.221891E-2,3.546699E-2,4.625320E-4,1.955370E-5,7.552098E-3,-5.877455E-3
6.533333E0,-3.219014E-2,3.547776E-2,5.388674E-4,-1.602682E-4,-7.859127E-3,-2.188939E-3
6.566667E0,-3.218299E-2,3.545631E-2,-1.580668E-4,-3.497281E-4,-1.967645E-2,2.280517E-3
6.600000E0,-3.220068E-2,3.545444E-2,-7.952429E-4,1.196257E-4,7.392694E-4,1.107388E-2
6.633333E0,-3.223600E-2,3.546428E-2,-2.472135E-4,3.840615E-4,7.075492E-3,-2.966997E-3
6.666667E0,-3.221716E-2,3.548004E-2,2.377956E-5,-9.044355E-6,4.036446E-3,-3.080447E-3
6.700000E0,-3.223442E-2,3.546368E-2,-2.825430E-4,-3.658890E-5,-5.203305E-3,-7.811978E-4
6.733333E0,-3.223599E-2,3.547761E-2,-1.621189E-4,1.725711E-4,1.197644E-2,-1.408070E-3
6.766667E0,-3.224523E-2,3.547518E-2,3.586673E-4,-2.413317E-4,1.222683E-2,-5.298758E-3
6.800000E0,-3.221208E-2,3.546152E-2,8.689215E-4,-2.208691E-4,-5.538653E-3,6.777974E-3
6.833333E0,-3.218730E-2,3.546046E-2,-2.710240E-5,2.486274E-4,-4.807806E-3,7.841462E-3
6.866667E0,-3.221389E-2,3.547809E-2,2.031358E-4,3.767204E-4,-6.751615E-3,-2.597510E-3
6.900000E0,-3.217375E-2,3.548557E-2,7.950289E-5,2.098155E-5,-8.765242E-4,-1.047651E-2
6.933333E0,-3.220859E-2,3.547949E-2,-4.102607E-4,-3.361543E-4,1.119035E-2,-1.528155E-3
6.966667E0,-3.220111E-2,3.546316E-2,1.049657E-3,-1.449838E-4,3.298955E-2,3.301925E-3
7.000000E0,-3.213861E-2,3.546983E-2,1.926705E-3,2.886616E-5,1.974673E-2,6.281164E-3
7.033333E0,-3.207266E-2,3.546509E-2,2.227499E-3,1.359342E-4,-2.601821E-2,2.671528E-4
7.066667E0,-3.199011E-2,3.547889E-2,5.334243E-4,1.834673E-4,-2.521283E-2,1.151132E-2
7.100000E0,-3.203710E-2,3.547732E-2,-2.147348E-4,6.921770E-4,1.043045E-2,-1.299447E-2
7.133333E0,-3.200443E-2,3.552503E-2,1.739273E-3,-2.049379E-4,2.184077E-2,-1.267913E-2
7.166667E0,-3.192115E-2,3.546366E-2,1.438908E-3,-8.656018E-4,-2.054267E-2,-3.387234E-3
7.200000E0,-3.190850E-2,3.546733E-2,1.116987E-5,8.530450E-5,-2.270643E-2,2.167088E-2
7.233333E0,-3.192040E-2,3.546934E-2,-6.972247E-5,3.861551E-4,9.938526E-4,-5.448074E-3
7.266667E0,-3.191315E-2,3.549307E-2,2.127869E-4,-6.969660E-5,7.307287E-3,7.717715E-4
7.300000E0,-3.190621E-2,3.546470E-2,3.541483E-4,4.044604E-5,-3.026651E-3,-3.781307E-3
7.333333E0,-3.188954E-2,3.549577E-2,1.093006E-4,1.555275E-4,-3.107825E-3,-9.335169E-3
7.366667E0,-3.189893E-2,3.547507E-2,-2.263367E-5,-8.923651E-4,-1.418753E-2,-2.223791E-4
7.400000E0,-3.189105E-2,3.543627E-2,-5.887804E-4,6.868702E-6,-1.124626E-2,1.414853E-2
7.433333E0,-3.193818E-2,3.547552E-2,-1.091264E-3,5.182694E-4,1.119959E-2,5.453711E-3
7.466667E0,-3.196380E-2,3.547083E-2,2.258855E-4,-4.601423E-6,2.402238E-2,-3.747959E-3
7.500000E0,-3.192312E-2,3.547522E-2,8.072597E-4,3.678063E-4,3.927746E-3,-1.109197E-3
7.533333E0,-3.190998E-2,3.549535E-2,2.484732E-4,4.873148E-5,-7.460298E-3,-6.108269E-3
7.566667E0,-3.190656E-2,3.547847E-2,2.992132E-4,-2.660828E-4,8.277498E-3,-2.273699E-3
7.600000E0,-3.189003E-2,3.547761E-2,8.295597E-4,3.626536E-5,-8.683017E-3,2.076458E-3
7.633333E0,-3.185125E-2,3.548088E-2,-4.035532E-5,-1.139483E-4,-1.585323E-2,-1.408451E-3
7.666667E0,-3.189272E-2,3.547001E-2,-6.971103E-4,-1.520089E-4,-1.794815E-2,3.488520E-3
7.700000E0,-3.189773E-2,3.547075E-2,-8.138096E-4,1.766330E-4,1.934425E-2,-4.934742E-3
7.733333E0,-3.194698E-2,3.548179E-2,9.943386E-5,-3.626322E-4,6.243540E-3,-1.597615E-3
7.766667E0,-3.189110E-2,3.544657E-2,3.388891E-4,-2.634305E-4,-1.814581E-3,6.875400E-3
7.800000E0,-3.192439E-2,3.546422E-2,-6.751813E-4,4.349029E-4,1.368790E-2,8.531777E-3
7.833333E0,-3.193611E-2,3.547557E-2,1.299079E-3,1.869530E-4,7.722751E-3,-2.633609E-3
7.866667E0,-3.183778E-2,3.547669E-2,6.007134E-4,2.046043E-4,-2.370074E-2,-5.097484E-3
7.900000E0,-3.189606E-2,3.548921E-2,-1.258048E-3,-2.490314E-5,-1.674001E-2,-3.770243E-3
7.933333E0,-3.192165E-2,3.547503E-2,-1.305838E-4,-2.155774E-4,2.830671E-2,-3.521677E-3
7.966667E0,-3.190477E-2,3.547484E-2,7.117057E-4,-1.254206E-4,8.198636E-3,-3.511325E-3
8.000000E0,-3.187420E-2,3.546667E-2,4.502862E-4,-4.802400E-4,5.491708E-3,-1.293953E-2
8.033333E0,-3.187475E-2,3.544282E-2,7.987293E-4,-9.978011E-4,2.839235E-2,4.702947E-3
8.066667E0,-3.182095E-2,3.540015E-2,2.514054E-3,-3.471076E-4,-1.200140E-3,3.208311E-3
8.100000E0,-3.170714E-2,3.541968E-2,1.178836E-3,-3.440967E-4,-1.530540E-2,7.901402E-3
8.133333E0,-3.174237E-2,3.537721E-2,5.035152E-4,-3.512399E-4,-1.421126E-2,3.914611E-3
8.166667E0,-3.167358E-2,3.539626E-2,1.129910E-3,3.457315E-4,5.790828E-3,2.105502E-2
8.200000E0,-3.166704E-2,3.540026E-2,3.744472E-4,7.639793E-4,-5.128657E-3,2.079592E-3
8.233333E0,-3.164861E-2,3.544720E-2,9.198731E-4,7.891551E-4,-1.913120E-3,-7.555732E-3
8.266667E0,-3.160571E-2,3.545287E-2,4.464265E-4,1.370208E-5,-6.671501E-3,-1.563311E-2
8.300000E0,-3.161885E-2,3.544811E-2,1.104009E-4,-2.009766E-4,-6.562191E-3,1.008289E-3
8.333333E0,-3.159835E-2,3.543947E-2,3.159205E-4,4.337997E-5,8.847271E-3,4.472449E-3
8.366667E0,-3.159779E-2,3.545100E-2,4.769630E-4,2.112335E-4,2.817444E-3,1.727150E-3
8.400000E0,-3.156656E-2,3.545355E-2,7.103214E-4,7.673995E-5,-1.731728E-2,5.047761E-4
8.433333E0,-3.155044E-2,3.545612E-2,-6.465826E-4,2.408225E-4,-2.159795E-3,-6.119992E-4
8.466667E0,-3.160966E-2,3.546960E-2,1.925208E-5,1.229376E-4,2.244091E-2,-4.682449E-5
8.500000E0,-3.154915E-2,3.546431E-2,1.560469E-3,9.725100E-5,4.172123E-2,3.986687E-3
8.533333E0,-3.150563E-2,3.547609E-2,2.325600E-3,4.834910E-4,2.387925E-1,-6.511265E-3
8.566667E0,-3.139411E-2,3.549655E-2,1.599999E-2,-2.174495E-4,1.274157E-1,-1.463091E-2
8.600000E0,-3.043896E-2,3.546159E-2,1.608542E-2,-7.855725E-4,,
8.633333E0,-3.032175E-2,3.544417E-2,,,,
