	mass A						
t	x	y	vx	vy	ax	ay	
0.000	240.6	39.34				
0.033	240.6	39.34	4.202E-2	1.859E-2		
0.067	240.6	39.34	-4.974E-3	7.529E-2	-3.818	-0.666
0.100	240.6	39.35	-8.560E-2	1.462E-2	0.924	-2.716
0.133	240.6	39.34	-8.649E-2	-0.148	0.982	-1.391
0.167	240.6	39.34	0.107	-8.279E-2	2.556	2.807
0.200	240.6	39.34	2.419E-2	6.440E-2	-1.842	2.724
0.233	240.6	39.34	-3.636E-3	0.101	-4.102	-1.554
0.267	240.6	39.34	-0.226	-3.264E-2	7.793E-2	-0.914
0.300	240.6	39.34	-9.927E-2	-1.290E-2	4.280	-0.735
0.333	240.6	39.34	0.187	-5.396E-3	2.028	-1.085
0.367	240.6	39.34	-1.403E-3	-0.143	-2.637	1.265
0.400	240.6	39.33	-4.051E-2	6.616E-2	-0.220	4.108
0.433	240.6	39.34	4.006E-2	0.204	1.980	-1.424
0.467	240.6	39.35	6.098E-2	-5.479E-2	0.532	-4.264
0.500	240.6	39.34	9.556E-2	-0.136	-0.601	2.925
0.533	240.6	39.34	1.877E-2	0.166	-3.313	-0.205
0.567	240.6	39.35	-0.129	-4.754E-2	-0.503	-2.157
0.600	240.6	39.33	-5.317E-2	-0.167	2.455	1.833E-2
0.633	240.6	39.34	9.479E-2	0.101	2.304	2.926
0.667	240.6	39.34	7.472E-2	-1.021E-2	-1.370	-0.441
0.700	240.6	39.34	1.132E-2	3.347E-2	-2.438	-1.218
0.733	240.6	39.34	-9.568E-2	-1.712E-2	1.244	1.416
0.767	240.6	39.34	5.857E-2	2.665E-2	3.742	5.793
0.800	240.6	39.34	0.225	0.432	7.308	11.54
0.833	240.6	39.37	0.466	0.791	6.048	5.499
0.867	240.7	39.40	0.717	0.841	-5.255E-2	-3.019
0.900	240.7	39.42	0.449	0.552	-3.059	-2.500
0.933	240.7	39.43	0.418	0.614	-2.198	1.540
0.967	240.7	39.46	0.426	0.754	-3.906	5.321
1.000	240.7	39.48	8.902E-2	0.882	-22.27	-4.313
1.033	240.7	39.52	-0.940	0.608	-97.70	-10.61
1.067	240.7	39.53	-6.058	2.016E-2	-236.3	-10.75
1.100	240.3	39.52	-16.84	-6.976E-2	-190.2	-0.931
1.133	239.5	39.52	-20.43	-2.771E-2	13.49	-2.187E-2
1.167	239.0	39.52	-14.57	-5.647E-2	5.455	-1.158
1.200	238.6	39.52	-18.66	-0.124	-213.9	2.925
1.233	237.7	39.51	-30.55	0.109	-167.3	33.25
1.267	236.5	39.52	-30.86	1.937	88.44	33.77
1.300	235.7	39.64	-23.10	2.871	96.52	-1.430
1.333	235.0	39.72	-23.64	1.529	-140.8	-32.96
1.367	234.1	39.74	-33.18	0.602	-136.2	-15.79
1.400	232.8	39.76	-34.49	0.491	106.9	2.136
1.433	231.8	39.78	-24.69	0.788	131.5	-5.932
1.467	231.1	39.81	-24.17	0.232	-62.67	-6.877
1.500	230.2	39.79	-30.73	2.133E-2	19.10	-2.523
1.533	229.1	39.81	-23.95	0.345	-68.88	-10.71
1.567	228.6	39.81	-30.47	-0.702	-353.8	-10.42
1.600	227.1	39.76	-52.13	-0.688	-168.1	1.834
1.633	225.1	39.77	-43.56	-0.163	157.4	5.061
1.667	224.2	39.75	-35.38	-0.562	-39.57	-19.01
1.700	222.7	39.73	-49.35	-1.302	-291.0	-9.493
1.733	220.9	39.67	-55.86	-1.455	-514.2	-2.350
1.767	219.0	39.63	-79.09	-1.176	-511.9	-12.35
1.800	215.6	39.59	-97.59	-2.299	17.35	1.729
1.833	212.5	39.48	-75.46	-1.514	303.9	8.471
1.867	210.6	39.49	-71.42	-0.974	-3.563	3.053
1.900	207.8	39.42	-82.09	-1.896	-159.3	-16.36
1.933	205.1	39.36	-79.62	-1.828	10.95	9.261
1.967	202.4	39.29	-81.30	-1.422	-163.9	9.466
2.000	199.7	39.26	-90.17	-1.007	-289.1	0.884
2.033	196.4	39.23	-101.6	-1.432	-188.0	-11.04
2.067	192.9	39.17	-103.4	-1.802	24.51	-10.41
2.100	189.5	39.11	-98.81	-2.073	-19.89	3.308
2.133	186.3	39.03	-103.6	-1.710	-96.03	11.61
2.167	182.6	38.99	-107.8	-1.113	186.0	-0.347
2.200	179.1	38.96	-91.51	-1.715	446.6	-8.999
2.233	176.5	38.88	-74.87	-1.955	372.4	-2.504
2.267	174.1	38.83	-68.30	-1.664	169.3	-4.147
2.300	172.0	38.77	-63.19	-2.248	61.08	-5.410
2.333	169.9	38.68	-63.98	-2.220	44.88	2.940
2.367	167.7	38.62	-61.72	-1.822	23.74	6.993
2.400	165.8	38.56	-60.32	-1.867	28.29	-5.826
2.433	163.7	38.50	-61.65	-2.129	7.227	3.413
2.467	161.7	38.41	-58.99	-1.832	96.96	9.842
2.500	159.8	38.37	-55.57	-1.243	137.4	18.13
2.533	158.0	38.33	-49.68	-0.792	108.5	-3.688
2.567	156.4	38.32	-47.59	-1.215	-15.42	-46.00
2.600	154.8	38.25	-51.19	-3.930	-28.59	-35.68
2.633	153.0	38.06	-50.45	-4.199	100.4	8.999
2.667	151.5	37.97	-43.77	-2.637	190.4	34.61
2.700	150.1	37.88	-37.57	-2.168	163.4	12.38
2.733	148.9	37.82	-32.91	-1.693	135.2	10.86
2.767	147.9	37.77	-28.67	-1.519	233.8	19.70
2.800	147.0	37.72	-18.16	-0.473	315.1	26.67
2.833	146.7	37.74	-6.147	0.489	250.9	22.92
2.867	146.6	37.76	-1.661	0.893	86.14	4.982
2.900	146.6	37.80	-0.739	0.953	17.49	-3.269
2.933	146.6	37.82	-0.563	0.559	7.757	-6.107
2.967	146.6	37.83	-0.276	0.543	5.348	-0.473
3.000	146.6	37.86	-0.118	0.577	2.116	-1.966
3.033	146.6	37.87	-0.207	0.400	-0.543	-4.171
3.067	146.5	37.88	-0.140	0.274	6.622	-1.812
3.100	146.5	37.89	0.203	0.291	4.820	1.485
3.133	146.6	37.90	0.289	0.372	-1.673	-2.152
3.167	146.6	37.92	2.935E-4	0.194	-3.939	-1.757
3.200	146.6	37.91	1.997E-2	0.152	0.678	-1.765
3.233	146.6	37.93	8.892E-2	0.188	0.837	-0.428
3.267	146.6	37.93	5.415E-2	4.825E-2	-0.211	-2.826
3.300	146.6	37.93	7.382E-2	3.218E-2	-2.269	-0.777
3.333	146.6	37.93	-6.562E-2	-1.431E-2	0.792	-7.565E-2
3.367	146.6	37.93	3.767E-2	2.178E-2	0.540	4.205
3.400	146.6	37.93	9.984E-2	0.255	1.422	1.061
3.433	146.6	37.95	1.774E-2	0.176	-2.301	-4.854
3.467	146.6	37.94	2.747E-2	-0.160	1.018	-5.691
3.500	146.6	37.94	2.015E-2	-0.192	0.728	-0.158
3.533	146.6	37.93	0.123	-0.149	1.133	1.335
3.567	146.6	37.93	8.447E-2	-0.113	-2.471	4.279
3.600	146.6	37.92	-3.854E-2	0.118	-1.097	4.007
3.633	146.6	37.93	-2.337E-2	0.219	0.880	2.336
3.667	146.6	37.94	6.425E-2	0.206	0.205	-2.519
3.700	146.6	37.95	-1.902E-2	0.113	-0.247	-5.039
3.733	146.6	37.94	1.585E-2	-0.175	0.371	-4.208
3.767	146.6	37.94	5.408E-2	-0.189	-1.116	2.210
3.800	146.6	37.93	-8.156E-2	3.513E-3	-0.244	2.127
3.833	146.6	37.94	4.352E-3	-1.844E-2	1.586	-0.275
3.867	146.6	37.93	8.940E-2	-6.984E-2	-3.969E-2	3.336
3.900	146.6	37.93	-3.389E-2	0.208	-1.028	1.224
3.933	146.6	37.94	3.702E-3	0.109	-0.607	-2.574
3.967	146.6	37.94	-2.476E-2	-9.908E-2	-1.436	-3.761
4.000	146.6	37.94	-0.139	-5.787E-2	0.254	1.308
4.033	146.6	37.93	-8.247E-3	-5.496E-2	3.027	2.363
4.067	146.6	37.93	0.101	0.114	1.674	1.679
4.100	146.6	37.94	8.060E-2	9.365E-2	-0.952	-3.413
4.133	146.6	37.94	4.421E-2	-0.146	-2.032	-1.376
4.167	146.6	37.93	-5.452E-2	-4.587E-2	-0.484	1.968
4.200	146.6	37.94	-1.676E-2	7.804E-2	1.679	1.389
4.233	146.6	37.94	9.504E-2	-1.223E-2	0.890	-0.655
4.267	146.6	37.94	3.943E-2	4.208E-2	-3.298	-0.697
4.300	146.6	37.94	-0.129	-2.799E-2	-2.450	-0.824
4.333	146.6	37.93	-0.156	-6.594E-2	2.017	1.316
4.367	146.6	37.94	2.736E-2	8.972E-2	2.149	1.559
4.400	146.6	37.94	2.197E-2	6.189E-2	-0.326	-0.921
4.433	146.6	37.94	-4.684E-2	-1.478E-2	-0.770	-2.558
4.467	146.6	37.94	-2.199E-3	-7.489E-2	1.329	0.864
4.500	146.6	37.93	3.223E-2	-6.891E-3	0.260	0.794
4.533	146.6	37.94	2.861E-2	4.791E-2	0.103	-0.232
4.567	146.6	37.94	2.077E-2	-6.953E-2	-0.682	-1.247
4.600	146.6	37.93	2.368E-3	-3.448E-2	0.529	2.205
4.633	146.6	37.94	2.887E-2	8.626E-2	0.803	-0.729
4.667	146.6	37.94	8.523E-2	-4.377E-2	0.293	-1.366
4.700	146.6	37.93	3.814E-2	-9.168E-2	-1.307	1.427
4.733	146.6	37.93	-6.716E-3	0.114	-1.179	2.970
4.767	146.6	37.94	-3.736E-2	0.110	0.313	-1.860
4.800	146.6	37.94	2.933E-3	-2.504E-2	2.868E-2	-1.980
4.833	146.6	37.94	-6.922E-3	-4.275E-2	-0.164	-0.152
4.867	146.6	37.94	-4.032E-2	-5.489E-3	-1.093	-0.508
4.900	146.6	37.94	-5.367E-2	-8.213E-2	0.619	0.739
4.933	146.6	37.93	-2.785E-2	9.042E-3	0.917	1.920
4.967	146.6	37.94	3.641E-2	0.104	1.203	-0.234
5.000	146.6	37.94	3.787E-2	-3.129E-2	-0.543	-1.262
5.033	146.6	37.94	9.933E-3	-1.060E-2	0.332	-0.873
5.067	146.6	37.94	3.808E-2	-3.087E-2	-0.756	-0.600
5.100	146.6	37.93	-9.538E-4	-0.107	-0.581	0.868
5.133	146.6	37.93	-4.855E-2	4.316E-2	-0.958	3.788
5.167	146.6	37.94	-2.791E-2	0.166	0.370	-0.224
5.200	146.6	37.94	-4.561E-2	3.964E-2	-0.530	-2.107
5.233	146.6	37.94	-4.907E-2	-2.976E-2	0.718	-1.354
5.267	146.6	37.94	-1.523E-2	-1.504E-3	0.343	1.232
5.300	146.6	37.94	-6.593E-4	1.838E-2	0.431	0.436
5.333	146.6	37.94	-1.122E-2	5.759E-2	0.478	-0.456
5.367	146.6	37.94	4.304E-2	-2.229E-2	1.898	-1.612
5.400	146.6	37.94	0.111	-6.233E-2	0.422	0.337
5.433	146.6	37.94	9.027E-2	3.202E-3	-0.827	0.552
5.467	146.6	37.94	2.968E-2	-3.228E-3	-3.058	1.912
5.500	146.6	37.94	-8.558E-2	8.462E-2	-1.880	0.457
5.533	146.6	37.95	-0.140	9.751E-2	1.024	-1.867
5.567	146.6	37.95	7.042E-3	-9.188E-2	1.672	-2.862
5.600	146.6	37.94	-1.944E-3	-9.651E-2	-0.228	0.308
5.633	146.6	37.94	-5.145E-2	-4.917E-2	-0.328	2.159
5.667	146.6	37.94	-6.400E-4	2.836E-2	3.239	2.728
5.700	146.6	37.94	0.142	0.150	0.455	-8.599E-2
5.733	146.6	37.95	9.251E-2	4.421E-2	-3.390	-0.241
5.767	146.6	37.94	-0.147	6.211E-2	-0.936	-1.060
5.800	146.6	37.95	9.798E-3	6.499E-2	1.755	-1.907
5.833	146.6	37.95	6.198E-2	-0.130	-2.489	-3.551
5.867	146.6	37.94	-0.216	-0.159	-1.227	0.198
5.900	146.6	37.94	-6.808E-2	-0.116	3.122	0.840
5.933	146.6	37.94	9.868E-2	-9.081E-2	0.966	0.261
5.967	146.6	37.93	-6.072E-2	-0.107	-0.617	1.967
6.000	146.6	37.93	3.195E-2	2.172E-2	1.708	4.106
6.033	146.6	37.93	0.116	0.199	-2.922E-2	2.071
6.067	146.6	37.94	-4.804E-3	0.164	-1.916	-3.372
6.100	146.6	37.94	-2.115E-2	-3.693E-2	-0.560	-3.581
6.133	146.6	37.94	-2.031E-2	-0.106	1.434	-1.171
6.167	146.6	37.94	4.575E-2	-7.824E-2	-6.784E-2	1.435
6.200	146.6	37.93	2.552E-2	-3.537E-2	-2.443E-2	-0.254
6.233	146.6	37.94	-1.558E-2	-5.847E-2	-2.743	-4.580E-3
6.267	146.6	37.93	-9.516E-2	-8.178E-2	0.874	0.663
6.300	146.6	37.93	-4.376E-2	1.469E-2	1.870	1.419
6.333	146.6	37.93	0.119	1.474E-2	3.239	2.211
6.367	146.6	37.93	0.122	0.130	-1.366	-1.395E-2
6.400	146.6	37.94	6.406E-2	8.526E-2	-0.858	-1.711
6.433	146.6	37.94	1.775E-2	-6.352E-2	-3.866	-1.223
6.467	146.6	37.94	-0.131	3.322E-2	-0.444	2.480
6.500	146.6	37.94	-0.113	0.110	1.703	-0.627
6.533	146.6	37.94	8.230E-2	6.071E-3	3.417	-3.221
6.567	146.6	37.94	7.012E-2	-0.139	-2.118	-2.761
6.600	146.6	37.93	-3.124E-2	-0.166	-1.518	1.483
6.633	146.6	37.93	-7.910E-2	-5.499E-2	-0.265	3.829
6.667	146.6	37.93	-9.934E-3	0.115	1.446	1.580
6.700	146.6	37.94	3.091E-3	6.438E-2	-1.054	-0.497
6.733	146.6	37.93	-6.271E-2	3.360E-2	-1.552	-0.762
6.767	146.6	37.94	-0.129	5.711E-2	0.651	0.143
6.800	146.6	37.94	-1.631E-2	1.651E-2	3.887	-0.740
6.833	146.6	37.94	0.146	1.907E-2	2.299	-0.615
6.867	146.6	37.94	0.151	-2.321E-2	-1.726	2.114E-2
6.900	146.6	37.94	1.454E-2	3.023E-3	-2.074	-0.542
6.933	146.6	37.94	-7.879E-3	-2.443E-2	-1.606	-0.842
6.967	146.6	37.94	-5.267E-2	-9.023E-2	1.113	0.412
7.000	146.6	37.93	8.128E-3	1.084E-2	2.572	0.870
7.033	146.6	37.94	0.177	-1.636E-4	-0.875	-1.484
7.067	146.6	37.93	-3.794E-2	-0.121	-2.427	-0.735
7.100	146.6	37.93	-7.716E-2	-5.844E-2	-1.469	4.036
7.133	146.6	37.93	-3.100E-2	0.161	2.810	2.358
7.167	146.6	37.94	1.718E-2	0.143	0.459	-1.129
7.200	146.6	37.94	8.942E-2	2.261E-2	0.498	-3.883
7.233	146.6	37.94	-1.129E-2	-7.111E-2	-2.039	-0.990
7.267	146.6	37.93	-2.235E-2	-9.487E-2	-0.196	0.584
7.300	146.6	37.93	-3.543E-2	1.085E-2	-0.976	1.321
7.333	146.6	37.93	-7.310E-2	-1.285E-2	-0.335	0.337
7.367	146.6	37.93	-7.995E-2	1.367E-2	1.782	1.083
7.400	146.6	37.94	5.242E-2	8.041E-2	1.494	0.962
7.433	146.6	37.94	5.179E-2	7.309E-2	-0.873	-1.290
7.467	146.6	37.94	-4.345E-2	-1.793E-3	-1.234	-2.295
7.500	146.6	37.94	-2.286E-2	-9.129E-2	1.782	-7.956E-2
7.533	146.6	37.93	7.346E-2	-2.068E-2	1.152	-0.524
7.567	146.6	37.94	7.954E-2	-7.228E-2	-5.241E-2	0.342
7.600	146.6	37.93	3.827E-2	-7.608E-2	-1.390	1.871
7.633	146.6	37.93	9.939E-3	0.110	-1.806	1.076
7.667	146.6	37.94	-9.275E-2	6.453E-3	-0.339	-1.377
7.700	146.6	37.93	-3.549E-2	-4.167E-2	0.133	1.090
7.733	146.6	37.93	-3.070E-2	0.118	0.842	2.009
7.767	146.6	37.94	-3.828E-2	0.108	0.528	-0.892
7.800	146.6	37.94	4.820E-2	2.851E-2		
7.833	146.6	37.94				
