	mass A						
t	x	y	vx	vy	ax	ay	
0.000	259.5	40.92				
0.033	259.5	40.92	6.633E-2	3.797E-2		
0.067	259.5	40.93	-5.655E-2	0.137	-1.120	-5.222E-2
0.100	259.5	40.93	1.086E-2	-2.375E-2	1.788	-3.087
0.133	259.5	40.93	7.159E-2	-6.481E-2	0.784	-1.537
0.167	259.5	40.92	4.416E-2	-0.106	-1.831	2.768
0.200	259.5	40.92	-4.041E-2	6.807E-2	-0.525	2.838
0.233	259.5	40.93	-4.465E-2	0.175	-0.335	0.950
0.267	259.5	40.93	-3.881E-3	6.213E-2	-1.255	-2.543
0.300	259.5	40.93	-0.154	3.140E-2	0.709	-2.167
0.333	259.5	40.93	-1.651E-3	-8.474E-2	4.198	-3.403
0.367	259.5	40.92	0.206	-0.205	2.880	-0.342
0.400	259.5	40.92	0.137	-4.554E-2	-3.273	4.628
0.433	259.6	40.92	-2.795E-2	0.147	-7.761	3.049
0.467	259.5	40.93	-0.383	0.159	-1.149	-0.368
0.500	259.5	40.93	-0.175	0.122	8.073	-3.240
0.533	259.5	40.93	0.296	-8.014E-2	5.835	-1.544
0.567	259.5	40.93	0.186	-7.121E-2	-5.760	0.665
0.600	259.5	40.92	-0.135	-5.027E-2	-5.268	1.889
0.633	259.5	40.92	-0.219	-7.192E-4	1.862	0.745
0.667	259.5	40.93	-4.356E-3	-4.448E-2	5.223	8.086E-2
0.700	259.5	40.92	0.156	-1.087E-2	3.896	-1.608
0.733	259.5	40.92	0.233	-0.107	-3.096	-5.846E-2
0.767	259.5	40.92	3.566E-3	-9.382E-2	-4.892	0.340
0.800	259.5	40.92	-0.196	-8.594E-4	-1.156	2.201
0.833	259.5	40.92	-2.012E-2	-4.878E-3	2.699	-0.827
0.867	259.5	40.92	5.843E-3	-1.164E-2	-0.401	1.571
0.900	259.5	40.91	-7.457E-2	4.594E-2	-3.399	4.550
0.933	259.5	40.92	-0.190	0.270	1.016	0.769
0.967	259.5	40.93	-6.367E-2	0.133	1.694	-2.027
1.000	259.5	40.93	2.055E-2	4.099E-2	-0.383	-0.773
1.033	259.5	40.93	-0.131	0.122	0.255	0.454
1.067	259.5	40.93	1.674E-2	5.869E-2	1.941	-1.448
1.100	259.5	40.94	6.263E-2	3.023E-2	0.228	-1.040
1.133	259.5	40.93	-5.166E-2	2.218E-2	1.665	-1.212
1.167	259.5	40.93	0.184	-6.863E-2	2.543	-0.558
1.200	259.5	40.93	0.190	-2.760E-2	2.215E-2	0.511
1.233	259.5	40.93	9.505E-2	-1.054E-3	-4.010	-1.504
1.267	259.5	40.93	-1.058E-2	-0.112	-1.712	-2.512
1.300	259.5	40.92	-0.101	-0.201	-2.061	-0.335
1.333	259.5	40.92	-7.198E-2	-8.659E-2	1.424	2.712
1.367	259.5	40.92	-5.862E-2	-4.664E-2	1.300	2.892
1.400	259.5	40.92	4.659E-2	0.197	0.937	1.924
1.433	259.5	40.93	-2.936E-3	0.134	2.101	-2.120
1.467	259.5	40.93	0.143	-2.684E-2	-2.973E-2	-2.391
1.500	259.5	40.93	9.428E-2	1.439E-2	-1.255	0.681
1.533	259.5	40.93	-5.332E-2	1.407E-2	-3.273	1.543E-2
1.567	259.5	40.93	-4.694E-2	1.392E-2	0.247	-2.515
1.600	259.5	40.93	-8.543E-2	-0.131	1.234	-0.796
1.633	259.5	40.92	5.230E-2	-0.106	0.140	0.402
1.667	259.5	40.92	-4.217E-2	-2.394E-2	-0.450	-0.334
1.700	259.5	40.92	-4.565E-2	-0.131	1.683	1.187
1.733	259.5	40.91	0.124	4.109E-2	4.120	3.351
1.767	259.5	40.92	0.211	0.155	-3.103	0.888
1.800	259.6	40.93	-2.974E-2	5.961E-2	-4.186	-1.614
1.833	259.5	40.93	-0.180	4.633E-2	0.510	-1.481
1.867	259.5	40.93	7.205E-2	-1.917E-2	3.227	-1.795
1.900	259.5	40.92	6.214E-2	-9.876E-2	-3.660	-9.924E-3
1.933	259.5	40.92	-0.201	-1.916E-2	-4.512	1.556
1.967	259.5	40.92	-0.273	3.119E-2	2.637	-1.016
2.000	259.5	40.92	-1.082E-2	-9.246E-2	6.222	-3.588E-2
2.033	259.5	40.92	0.185	-1.869E-2	2.429	2.612
2.067	259.5	40.92	0.133	0.145	-2.934	2.435
2.100	259.5	40.93	-1.446E-2	0.120	-3.382	-3.545
2.133	259.5	40.93	-0.109	-7.130E-2	0.372	-0.592
2.167	259.5	40.92	5.298E-3	-9.601E-4	3.261	-0.546
2.200	259.5	40.93	0.140	1.873E-2	1.296	0.725
2.233	259.5	40.92	8.895E-2	-7.071E-2	-2.008	-0.494
2.267	259.5	40.93	-1.072E-2	5.726E-2	-1.461	0.692
2.300	259.5	40.93	-1.246E-2	-3.368E-2	-1.934	-2.033
2.333	259.5	40.92	-0.108	-0.103	0.803	-0.289
2.367	259.5	40.92	-2.881E-2	-4.333E-2	2.018	1.200
2.400	259.5	40.92	0.112	-1.065E-2	-6.577E-2	-0.194
2.433	259.5	40.92	-6.497E-2	-6.113E-2	-2.819	1.549
2.467	259.5	40.92	-0.108	6.100E-2	-0.233	2.130
2.500	259.5	40.92	-4.389E-2	0.143	0.815	6.878E-2
2.533	259.5	40.93	-6.324E-2	2.617E-2	1.276	-1.309
2.567	259.5	40.93	2.325E-2	4.705E-2	3.163	0.278
2.600	259.5	40.93	0.172	7.234E-2	-2.891	-5.216E-2
2.633	259.5	40.93	-0.122	2.668E-2	-3.875	0.459
2.667	259.5	40.93	-0.225	9.362E-2	2.759	-2.190
2.700	259.5	40.94	0.158	-6.210E-2	5.619	-0.856
2.733	259.5	40.93	0.176	-7.313E-2	8.173	8.162
2.767	259.5	40.93	0.571	0.525	5.974	22.27
2.800	259.6	40.96	0.786	1.414	3.343	8.349
2.833	259.6	41.03	0.612	1.269	-4.213	-5.930
2.867	259.6	41.05	0.607	0.739	-6.101	-13.19
2.900	259.6	41.08	0.186	0.563	-27.29	-3.300E-2
2.933	259.6	41.08	-1.125	0.585	-100.5	-5.214
2.967	259.6	41.11	-6.192	0.422	-248.5	-13.09
3.000	259.2	41.11	-17.64	-0.423	-339.6	-4.390
3.033	258.4	41.09	-29.71	-1.202E-2	-229.6	6.611
3.067	257.2	41.11	-33.36	0.346	-48.68	35.72
3.100	256.2	41.11	-32.04	1.867	43.04	24.77
3.133	255.1	41.24	-30.69	2.756	23.01	4.610
3.167	254.1	41.29	-30.18	1.615	-51.62	-27.61
3.200	253.1	41.34	-33.97	1.096	-65.32	-20.63
3.233	251.8	41.37	-35.62	0.202	115.3	-4.026
3.267	250.7	41.36	-26.44	0.624	106.7	-5.164
3.300	250.1	41.41	-25.61	0.348	-227.2	-17.56
3.333	249.0	41.38	-43.06	-0.986	-353.1	-9.764
3.367	247.2	41.34	-51.56	-0.303	-58.42	14.57
3.400	245.6	41.36	-45.37	0.287	207.4	-3.252
3.433	244.2	41.36	-37.46	-0.620	162.3	-15.02
3.467	243.1	41.32	-33.94	-0.915	-26.65	2.266
3.500	241.9	41.30	-39.22	-0.310	-154.3	2.996
3.533	240.5	41.30	-45.38	-0.616	-122.5	-5.004
3.567	238.9	41.26	-47.00	-0.879	-35.32	0.640
3.600	237.3	41.24	-47.61	-0.433	-47.36	-1.219E-2
3.633	235.7	41.23	-49.90	-0.802	-83.76	-9.947
3.667	234.0	41.19	-53.51	-1.275	-244.2	-11.84
3.700	232.2	41.14	-64.94	-1.468	-273.2	-4.991
3.733	229.7	41.09	-74.37	-1.688	-40.40	5.862
3.767	227.2	41.03	-67.09	-1.114	53.42	4.537
3.800	225.2	41.01	-67.81	-1.148	-89.54	-3.207
3.833	222.7	40.96	-76.11	-1.593	-243.4	0.300
3.867	220.1	40.91	-82.36	-1.061	-236.8	3.512
3.900	217.2	40.89	-92.70	-1.192	-133.2	-2.972
3.933	213.9	40.83	-92.53	-1.496	-6.959	-8.813
3.967	211.0	40.79	-90.63	-1.596	-68.71	-0.769
4.000	207.9	40.72	-98.06	-1.701	-221.5	-2.365
4.033	204.5	40.67	-105.7	-1.627	-66.59	6.189
4.067	200.8	40.61	-103.6	-1.410	37.36	7.161
4.100	197.6	40.58	-100.8	-1.030	46.15	3.426
4.133	194.1	40.54	-102.2	-1.199	196.6	-10.41
4.167	190.8	40.50	-88.73	-1.733	427.2	-13.34
4.200	188.2	40.43	-71.20	-2.149	319.5	-3.536
4.233	186.0	40.35	-67.45	-1.976	112.3	1.279
4.267	183.7	40.30	-65.42	-1.951	94.98	5.756
4.300	181.7	40.22	-60.13	-1.751	135.8	1.505
4.333	179.7	40.18	-56.64	-1.652	46.47	0.185
4.367	177.9	40.11	-56.54	-1.902	-7.716	-1.446
4.400	175.9	40.05	-57.92	-1.700	32.72	3.023
4.433	174.0	40.00	-54.49	-1.662	94.33	1.324
4.467	172.3	39.94	-50.84	-1.667	81.80	-25.42
4.500	170.6	39.89	-49.47	-3.103	66.05	-33.73
4.533	169.0	39.74	-46.55	-4.395	-31.78	-9.983
4.567	167.5	39.60	-50.30	-3.571	-80.33	19.43
4.600	165.7	39.50	-54.13	-2.963	29.44	20.79
4.633	163.9	39.40	-47.60	-2.352	256.0	19.86
4.667	162.5	39.34	-36.91	-1.505	224.6	-21.40
4.700	161.5	39.30	-31.44	-3.476	79.65	-32.66
4.733	160.4	39.11	-32.59	-4.520	97.05	3.480
4.767	159.3	39.00	-26.03	-2.685	295.0	53.14
4.800	158.6	38.93	-11.85	-1.091	297.8	33.53
4.833	158.5	38.93	-5.103	-0.262	147.9	19.51
4.867	158.3	38.91	-3.413	-6.002E-3	55.11	5.775
4.900	158.3	38.92	-0.857	0.256	49.03	8.287
4.933	158.3	38.93	-0.306	0.428	13.06	1.701
4.967	158.2	38.95	-6.608E-2	0.491	4.825	-9.383E-2
5.000	158.2	38.96	6.657E-2	0.318	-2.134	-3.024
5.033	158.2	38.97	-0.216	0.332	-2.825	-1.947
5.067	158.2	38.98	-0.214	0.194	3.707	-1.491
5.100	158.2	38.99	0.117	0.187	6.522	0.907
5.133	158.2	39.00	0.215	0.302	-0.350	2.976
5.167	158.2	39.01	9.676E-2	0.363	-0.860	-0.344
5.200	158.2	39.02	0.106	0.310	-0.567	-2.097
5.233	158.3	39.03	0.127	0.186	0.307	-3.336
5.267	158.3	39.03	7.094E-2	0.108	-0.550	-2.414
5.300	158.3	39.04	0.120	1.318E-2	-0.321	-0.115
5.333	158.3	39.03	5.199E-2	8.567E-2	-1.274	0.866
5.367	158.3	39.04	1.198E-2	0.115	-2.296	-0.247
5.400	158.3	39.04	-6.810E-2	3.443E-2	0.721	-1.805
5.433	158.3	39.04	1.372E-4	6.456E-3	0.714	-1.761
5.467	158.3	39.04	6.158E-2	-7.868E-2	0.782	-0.186
5.500	158.3	39.04	-1.153E-2	-3.659E-2	0.157	1.932
5.533	158.3	39.04	9.149E-2	8.725E-2	-0.546	-0.760
5.567	158.3	39.04	-1.260E-2	-7.227E-2	-1.545	-1.322
5.600	158.3	39.04	-8.146E-2	-7.831E-2	0.512	1.090
5.633	158.3	39.04	6.567E-2	7.674E-2	3.735	2.147
5.667	158.3	39.04	0.162	3.907E-2	-0.505	0.947
5.700	158.3	39.04	5.903E-2	0.121	-1.502	-0.550
5.733	158.3	39.05	-1.040E-4	5.894E-2	-1.462	-1.662
5.767	158.3	39.05	1.827E-2	-5.891E-2	-0.181	-1.720
5.800	158.3	39.04	-4.603E-2	-1.734E-2	-7.791E-2	0.186
5.833	158.3	39.04	1.692E-2	-5.134E-2	0.942	5.406E-2
5.867	158.3	39.04	3.722E-2	-2.791E-2	-1.133	-1.193
5.900	158.3	39.04	-6.732E-2	-9.549E-2	-1.563	1.017
5.933	158.3	39.04	-8.807E-2	-2.783E-2	0.504	1.878
5.967	158.3	39.04	-1.417E-2	0.107	3.346	2.047
6.000	158.3	39.04	0.120	6.602E-2	-0.164	-0.715
6.033	158.3	39.04	3.032E-2	7.045E-2	-2.950	-1.245
6.067	158.3	39.05	-0.151	-9.398E-3	-0.691	-3.593
6.100	158.3	39.04	-1.552E-3	-0.176	3.008	-1.327
6.133	158.3	39.04	9.082E-2	-0.133	2.126	3.652
6.167	158.3	39.04	0.102	0.105	-2.021	5.125
6.200	158.3	39.04	-1.229E-3	0.217	-4.652	-2.237
6.233	158.3	39.05	-0.247	-2.077E-2	-1.647	-2.568
6.267	158.3	39.04	-0.142	-5.682E-2	4.947	5.859E-2
6.300	158.3	39.05	0.139	8.851E-2	4.217	0.377
6.333	158.3	39.05	0.147	-6.805E-2	-1.142	-2.052
6.367	158.3	39.04	3.300E-2	-7.624E-2	-0.541	-0.254
6.400	158.3	39.04	9.811E-2	-4.189E-2	-0.762	1.096
6.433	158.3	39.04	3.871E-2	-3.612E-2	-2.428	1.343
6.467	158.3	39.04	-0.123	6.312E-2	-2.373	0.926
6.500	158.3	39.04	-0.101	4.084E-2	2.866	-0.600
6.533	158.3	39.04	5.623E-2	-5.917E-3	2.035	-1.684
6.567	158.3	39.04	8.397E-2	-4.670E-2	-0.829	1.556
6.600	158.3	39.04	-4.442E-2	5.376E-2	-2.069	2.422
6.633	158.3	39.05	-4.866E-2	0.176	1.039	-0.220
6.667	158.3	39.05	2.599E-2	2.068E-2	-0.251	-1.933
6.700	158.3	39.05	-3.577E-2	5.784E-3	0.693	-1.250
6.733	158.3	39.05	8.012E-3	-2.350E-3	1.390	-1.233
6.767	158.3	39.05	0.126	-0.120	1.396	-1.550
6.800	158.3	39.04	6.794E-2	-9.767E-2	-2.119	2.306
6.833	158.3	39.04	-5.353E-3	3.052E-2	-2.397	2.074
6.867	158.3	39.04	-0.101	7.123E-2	-3.231	-2.681
6.900	158.3	39.05	-0.212	-0.153	1.788	-1.313
6.933	158.3	39.03	-3.393E-2	-9.011E-2	3.143	1.961
6.967	158.3	39.04	9.715E-2	7.735E-2	3.162	3.212
7.000	158.3	39.04	8.980E-2	6.456E-2	-1.655	-0.682
7.033	158.3	39.04	5.765E-2	6.389E-2	-2.390	-0.510
7.067	158.3	39.04	-0.123	8.184E-3	-1.193	-1.551
7.100	158.3	39.04	-2.905E-2	-2.780E-2	1.325	-0.375
7.133	158.3	39.04	1.847E-2	-3.048E-2	0.116	-0.103
7.167	158.3	39.04	-6.246E-2	-1.834E-2	0.431	-0.332
7.200	158.3	39.04	4.330E-2	-5.923E-2	1.186	-0.634
7.233	158.3	39.04	5.987E-2	-6.636E-2	1.199	2.486
7.267	158.3	39.04	6.839E-2	9.329E-2	0.664	1.580
7.300	158.3	39.04	0.148	9.814E-2	0.246	-0.460
7.333	158.3	39.04	7.325E-2	-3.459E-3	-3.070	-2.326
7.367	158.3	39.04	-5.910E-2	-1.844E-2	-4.089	-0.152
7.400	158.3	39.04	-0.204	-3.890E-2	0.318	3.657E-2
7.433	158.3	39.04	-7.445E-2	5.140E-5	3.046	0.913
7.467	158.3	39.04	7.253E-2	1.744E-2	1.789	-0.657
7.500	158.3	39.04	4.893E-3	-3.270E-2	-1.565	0.204
7.533	158.3	39.04	-2.757E-2	-1.324E-3	0.305	0.509
7.567	158.3	39.04	1.527E-2	4.334E-2	1.065	-1.162
7.600	158.3	39.04	6.336E-2	-9.314E-2	0.414	-0.609
7.633	158.3	39.04	3.465E-2	-3.643E-2	-1.494	0.958
7.667	158.3	39.04	-3.337E-2	3.531E-2	-0.629	1.741
7.700	158.3	39.04	-2.648E-2	2.842E-2	-0.262	-0.693
7.733	158.3	39.04	-2.078E-2	2.814E-2	1.699	1.006
7.767	158.3	39.04	4.759E-2	5.367E-2	0.963	-1.962
7.800	158.3	39.05	9.462E-2	-4.010E-2	0.619	-0.342
7.833	158.3	39.04	4.801E-2	-5.936E-2	-2.609	-0.767
7.867	158.3	39.04	-4.518E-2	-1.372E-3	-0.561	0.860
7.900	158.3	39.04	-4.374E-2	-6.366E-2	0.670	-2.975
7.933	158.3	39.04	5.360E-2	-0.152	1.912	4.158
7.967	158.3	39.03	5.675E-2	0.112	-1.180	0.928
8.000	158.3	39.04	-2.633E-3	0.101	-2.942	1.309
8.033	158.3	39.03	-0.157	-1.603E-2	-0.650	-5.071
8.067	158.3	39.04	-7.552E-2	-4.909E-2	1.550	5.028
8.100	158.3	39.03	9.013E-3	0.115	2.677	-1.008
8.133	158.3	39.05	4.711E-2	0.136	2.381	2.225
8.167	158.3	39.04	0.200	1.152E-2	3.924	-0.992
8.200	158.3	39.05	0.300	0.250	-1.409	20.11
8.233	158.3	39.06	0.144	1.132	-7.553	3.834
8.267	158.3	39.13	-0.244	0.967	-14.46	-12.11
8.300	158.3	39.12	-0.790	-0.151	-13.26	-31.49
8.333	158.2	39.12	-1.200	-0.853	13.04	8.816
8.367	158.2	39.06	-5.203E-2	-4.787E-3	21.61	10.42
8.400	158.2	39.12	0.657	0.548	9.137	5.152
8.433	158.2	39.10	0.239	-0.220	-6.575	-19.69
8.467	158.3	39.10	0.307	-0.469	-1.482	-0.810
8.500	158.3	39.07	0.153	-0.524	-1.955	1.969
8.533	158.3	39.07	0.115	-0.125	-1.463	8.377
8.567	158.3	39.06	0.126	-6.443E-2	0.584	-2.144
8.600	158.3	39.06	9.644E-2	-0.191	-0.574	1.279
8.633	158.3	39.05	0.131	-0.113	-3.417	1.492
8.667	158.3	39.06	-0.123	5.821E-2	-3.515	0.479
8.700	158.3	39.05	-0.181	-0.161	1.057	-2.151
8.733	158.3	39.05	1.597E-2	-0.100	3.163	2.669
8.767	158.3	39.05	2.431E-2	5.824E-2	1.102	0.936
8.800	158.3	39.05	6.370E-2	-3.000E-2	-0.531	-2.595
8.833	158.3	39.04	2.953E-2	-0.153	-0.626	0.145
8.867	158.3	39.04	-2.611E-2	-2.308E-2	-1.342	2.568
8.900	158.3	39.04	-2.328E-2	6.322E-2	0.246	1.618
8.933	158.3	39.04	-3.585E-2	4.791E-2	1.368	-1.242
8.967	158.3	39.05	7.429E-2	6.508E-3	0.586	1.614E-2
9.000	158.3	39.04	3.562E-2	1.239E-2	-1.774	-0.342
9.033	158.3	39.05	-8.582E-2	2.597E-2	-0.288	-0.131
9.067	158.3	39.05	1.472E-2	-2.784E-2	1.575	-2.435
9.100	158.3	39.04	6.042E-2	-0.110	1.411	0.887
9.133	158.3	39.04	6.551E-2	-2.305E-2	3.842E-2	3.004
9.167	158.3	39.04	9.672E-2	0.155	4.056	11.06
9.200	158.3	39.05	0.284	0.621	0.957	2.621
9.233	158.3	39.08	0.264	0.542	-5.137	-7.873
9.267	158.3	39.08	-0.138	-0.112	-6.414	-12.89
9.300	158.3	39.08	-0.189	-0.263	1.964	-0.832
9.333	158.3	39.07	3.066E-2	-0.182	2.380	0.368
9.367	158.3	39.07	5.945E-3	-0.179	-1.658	0.945
9.400	158.3	39.06	-0.135	-0.188	-3.446	1.424
9.433	158.3	39.05	-0.197	-3.958E-2	0.157	3.463
9.467	158.3	39.05	-0.155	3.179E-2	2.346	-0.341
9.500	158.3	39.05	-9.638E-3	-4.158E-2	3.471	-0.905
9.533	158.3	39.05	6.993E-2	-7.559E-2	2.053	0.383
9.567	158.3	39.05	0.128	1.835E-2	-0.357	0.384
9.600	158.3	39.05	6.049E-2	-4.381E-2	-3.469	-0.158
9.633	158.3	39.05	-0.120	-3.135E-2	-2.299	-0.496
9.667	158.3	39.05	-0.119	-2.604E-2	2.754	0.849
9.700	158.3	39.04	8.654E-2	-2.588E-2	3.373	0.795
9.733	158.3	39.05	0.135	6.444E-2	-1.639	0.819
9.767	158.3	39.05	-4.185E-2	2.293E-2	-2.711	-1.626
9.800	158.3	39.05	-7.874E-2	-5.219E-2	-0.341	-0.628
9.833	158.3	39.05	-2.455E-2	-2.947E-2	0.690	0.322
9.867	158.3	39.05	-4.854E-2	-6.291E-3	1.863	0.238
9.900	158.3	39.05	8.218E-2	-3.112E-2	0.612	-0.903
9.933	158.3	39.04	5.442E-2	-5.587E-2	-0.758	-0.215
9.967	158.3	39.04	-4.317E-2	-5.917E-2	-2.157	2.041
10.000	158.3	39.04	-3.902E-2	7.705E-2	-0.829	1.267
10.033	158.3	39.05	-0.122	6.903E-2	-0.881	2.546
10.067	158.3	39.05	-0.102	0.167	1.455	-0.153
10.100	158.3	39.06	-1.570E-2	0.168	1.672	-3.618
10.133	158.3	39.06	1.768E-2	-0.151		
10.167	158.3	39.05				
