,mass A,,,,,,
t,x,y,vx,vy,ax,ay,
0.000000E0,1.204021E-1,4.445407E-2,,,,
3.333333E-2,1.203866E-1,4.445465E-2,-6.936435E-5,-3.297555E-5,,
6.666667E-2,1.203974E-1,4.445187E-2,-2.654650E-5,-1.939439E-4,1.711629E-3,-2.678527E-4
1.000000E-1,1.203848E-1,4.444172E-2,-1.451929E-4,-1.038737E-4,-5.000609E-3,3.229359E-3
1.333333E-1,1.203878E-1,4.444495E-2,-2.018983E-4,9.474388E-5,-1.050982E-3,4.037671E-3
1.666667E-1,1.203714E-1,4.444804E-2,-3.512033E-4,1.306574E-4,6.743471E-3,-1.562883E-3
2.000000E-1,1.203643E-1,4.445366E-2,2.615214E-4,2.253218E-5,8.720822E-3,-8.616242E-4
2.333333E-1,1.203888E-1,4.444954E-2,3.938231E-4,7.376875E-6,-2.046695E-3,-1.697681E-3
2.666667E-1,1.203906E-1,4.445415E-2,-2.803002E-5,-1.105776E-5,-7.795135E-3,-3.788409E-5
3.000000E-1,1.203869E-1,4.444881E-2,-1.016587E-4,-6.949181E-5,-2.411073E-4,1.689836E-3
3.333333E-1,1.203838E-1,4.444952E-2,-3.814335E-5,1.329578E-4,2.230411E-3,-1.245596E-3
3.666667E-1,1.203844E-1,4.445767E-2,5.625498E-5,-8.636853E-5,3.320565E-3,-1.467959E-4
4.000000E-1,1.203876E-1,4.444376E-2,1.749490E-4,-4.105151E-5,2.813527E-4,2.047934E-3
4.333333E-1,1.203961E-1,4.445493E-2,1.126215E-4,2.211990E-4,8.505513E-5,3.505167E-3
4.666667E-1,1.203951E-1,4.445851E-2,1.087925E-4,1.064371E-4,-1.668936E-3,-4.633801E-3
5.000000E-1,1.204033E-1,4.446203E-2,8.447041E-5,-4.950752E-5,-1.038766E-2,-3.528134E-3
5.333333E-1,1.204007E-1,4.445521E-2,-5.785192E-4,-1.769415E-4,2.697298E-4,-9.250293E-4
5.666667E-1,1.203647E-1,4.445023E-2,-1.499256E-4,-8.961372E-5,8.341815E-3,3.979063E-3
6.000000E-1,1.203907E-1,4.444923E-2,3.725137E-4,8.498052E-5,8.344436E-3,2.350258E-3
6.333333E-1,1.203896E-1,4.445590E-2,1.336258E-4,1.049717E-4,-6.798554E-3,-2.277773E-3
6.666667E-1,1.203996E-1,4.445623E-2,5.969484E-5,-9.538100E-5,1.422886E-3,-2.058287E-3
7.000000E-1,1.203936E-1,4.444954E-2,9.589855E-5,-6.777996E-5,1.004639E-3,5.089530E-4
7.333333E-1,1.204060E-1,4.445171E-2,2.571296E-4,7.933707E-7,-1.724219E-3,2.573732E-4
7.666667E-1,1.204107E-1,4.444959E-2,-6.289618E-5,-8.496530E-5,-4.723555E-3,1.477923E-3
8.000000E-1,1.204018E-1,4.444605E-2,-1.202087E-4,7.632498E-5,2.309999E-4,2.484290E-3
8.333333E-1,1.204027E-1,4.445468E-2,2.372014E-5,1.512773E-4,2.222884E-3,-3.341101E-4
8.666667E-1,1.204034E-1,4.445613E-2,8.282616E-6,2.985682E-6,-3.171145E-3,-7.114094E-4
9.000000E-1,1.204032E-1,4.445488E-2,-1.678052E-4,8.948215E-5,1.231128E-4,-1.531255E-3
9.333333E-1,1.203922E-1,4.446210E-2,-6.603784E-5,-2.279305E-5,-8.658376E-4,-8.340586E-5
9.666667E-1,1.203988E-1,4.445336E-2,-8.592667E-5,-3.506529E-5,1.166270E-3,8.140039E-4
1.000000E0,1.203865E-1,4.445976E-2,-1.403355E-4,1.382365E-4,-8.329053E-4,1.914818E-3
1.033333E0,1.203895E-1,4.446258E-2,-1.938713E-5,4.973733E-5,5.962969E-3,-3.589597E-3
1.066667E0,1.203852E-1,4.446308E-2,1.528529E-4,-8.851115E-5,2.718103E-3,-1.800713E-3
1.100000E0,1.203997E-1,4.445668E-2,2.799403E-4,-1.070740E-4,1.281306E-4,-6.917227E-4
1.133333E0,1.204039E-1,4.445594E-2,8.309941E-5,-8.637332E-5,-3.929983E-3,3.446218E-3
1.166667E0,1.204052E-1,4.445092E-2,2.949858E-5,6.181738E-5,-4.318941E-3,2.774420E-3
1.200000E0,1.204058E-1,4.446006E-2,-1.744465E-4,1.817012E-4,-4.357725E-3,1.295993E-4
1.233333E0,1.203936E-1,4.446303E-2,-3.210669E-4,2.308591E-5,4.452832E-3,-3.684951E-3
1.266667E0,1.203844E-1,4.446160E-2,1.083567E-4,-6.627050E-5,1.790992E-3,7.314316E-4
1.300000E0,1.204008E-1,4.445861E-2,-2.493525E-5,5.409075E-5,-2.771966E-3,1.870404E-4
1.333333E0,1.203828E-1,4.446520E-2,-3.116444E-4,1.648281E-5,-1.054614E-3,7.008371E-4
1.366667E0,1.203800E-1,4.445971E-2,2.849409E-5,4.326329E-6,6.704636E-3,-1.937699E-3
1.400000E0,1.203847E-1,4.446549E-2,1.345801E-4,-1.198127E-5,4.143308E-3,3.034448E-3
1.433333E0,1.203890E-1,4.445891E-2,2.681093E-4,8.861363E-5,-1.897541E-3,2.919687E-3
1.466667E0,1.204025E-1,4.447140E-2,9.273260E-5,3.013534E-4,-9.148460E-3,-3.805785E-4
1.500000E0,1.203952E-1,4.447900E-2,-4.220816E-4,2.976350E-5,1.663495E-3,2.857813E-3
1.533333E0,1.203744E-1,4.447339E-2,8.889343E-5,3.689139E-4,6.451573E-3,2.866646E-3
1.566667E0,1.204011E-1,4.450360E-2,3.106241E-4,4.657049E-4,8.095996E-3,6.119592E-3
1.600000E0,1.203951E-1,4.450443E-2,3.156613E-4,5.055652E-4,-4.593973E-3,-5.487411E-3
1.633333E0,1.204222E-1,4.453730E-2,2.906594E-4,3.858610E-4,-3.368027E-3,-2.110843E-3
1.666667E0,1.204145E-1,4.453016E-2,-1.413250E-4,8.232552E-5,-9.086136E-3,1.722511E-3
1.700000E0,1.204127E-1,4.454279E-2,-1.948393E-4,6.346802E-4,2.078878E-3,7.051512E-4
1.733333E0,1.204015E-1,4.457247E-2,-9.134015E-5,2.512973E-4,3.339523E-4,-6.591924E-3
1.766667E0,1.204066E-1,4.455954E-2,-5.232621E-5,-6.937810E-5,-3.508162E-2,4.765624E-3
1.800000E0,1.203980E-1,4.456784E-2,-2.241294E-3,6.884838E-4,-8.019170E-2,3.645156E-3
1.833333E0,1.202572E-1,4.460544E-2,-5.721134E-3,3.629952E-4,-2.035153E-1,-9.905331E-3
1.866667E0,1.200166E-1,4.459204E-2,-1.486198E-2,-2.718107E-4,-2.963617E-1,-4.798865E-3
1.900000E0,1.192664E-1,4.458732E-2,-2.683036E-2,1.481419E-4,-1.813691E-1,1.084380E-2
1.933333E0,1.182279E-1,4.460192E-2,-2.760457E-2,5.056401E-4,8.177168E-2,3.008736E-2
1.966667E0,1.174261E-1,4.462103E-2,-2.028472E-2,1.937091E-3,1.525108E-1,1.802410E-2
2.000000E0,1.168756E-1,4.473106E-2,-1.682381E-2,2.238918E-3,4.239233E-2,6.580638E-4
2.033333E0,1.163045E-1,4.477029E-2,-1.796568E-2,1.444519E-3,-2.762525E-2,-1.882888E-2
2.066667E0,1.156779E-1,4.482736E-2,-1.885237E-2,1.274326E-3,-3.748101E-2,-5.182598E-3
2.100000E0,1.150477E-1,4.485525E-2,-2.017833E-2,9.233451E-4,-6.819337E-2,-1.113603E-2
2.133333E0,1.143326E-1,4.488892E-2,-2.346704E-2,6.680903E-4,-5.709218E-2,-5.072382E-3
2.166667E0,1.134832E-1,4.489979E-2,-2.451634E-2,4.564631E-4,2.453635E-3,-2.753612E-4
2.200000E0,1.126982E-1,4.491935E-2,-2.284093E-2,7.172070E-4,5.263501E-2,2.008952E-2
2.233333E0,1.119605E-1,4.494760E-2,-2.109124E-2,1.693544E-3,1.018203E-2,2.261791E-2
2.266667E0,1.112921E-1,4.503225E-2,-2.172686E-2,2.459561E-3,-2.052855E-2,-3.688968E-3
2.300000E0,1.105121E-1,4.511157E-2,-2.312667E-2,1.438387E-3,-2.467718E-2,-1.495976E-2
2.333333E0,1.097504E-1,4.512814E-2,-2.302834E-2,1.116289E-3,-1.322470E-2,-1.277716E-2
2.366667E0,1.089768E-1,4.518599E-2,-2.398697E-2,1.002623E-3,1.214241E-2,-6.819167E-3
2.400000E0,1.081512E-1,4.519498E-2,-2.271049E-2,3.521009E-4,5.405927E-2,-2.845054E-3
2.433333E0,1.074628E-1,4.520946E-2,-1.980481E-2,8.778043E-4,3.601119E-2,9.283053E-4
2.466667E0,1.068309E-1,4.525350E-2,-2.018570E-2,6.279614E-4,-1.514697E-2,-9.988483E-3
2.500000E0,1.061171E-1,4.525133E-2,-2.130297E-2,-5.148808E-5,7.891916E-3,-9.172926E-3
2.533333E0,1.054107E-1,4.525007E-2,-1.966939E-2,9.978012E-5,-1.431635E-2,1.118906E-2
2.566667E0,1.048058E-1,4.525798E-2,-2.137725E-2,6.699353E-4,-1.529960E-1,2.428695E-2
2.600000E0,1.039856E-1,4.529473E-2,-3.020893E-2,1.732869E-3,-8.146760E-2,2.387021E-2
2.633333E0,1.027919E-1,4.537350E-2,-2.893059E-2,2.377481E-3,1.383550E-1,-1.096401E-3
2.666667E0,1.020569E-1,4.545323E-2,-1.869798E-2,1.676101E-3,1.380336E-1,-2.159213E-2
2.700000E0,1.015453E-1,4.548524E-2,-1.920256E-2,7.600608E-4,-7.772874E-2,-1.179199E-2
2.733333E0,1.007767E-1,4.550390E-2,-2.516052E-2,8.880942E-4,1.203966E-2,-5.046232E-3
2.766667E0,9.986796E-2,4.554445E-2,-1.955087E-2,6.298548E-4,2.339062E-2,-3.816271E-3
2.800000E0,9.947330E-2,4.554589E-2,-1.994062E-2,3.722011E-4,-2.202480E-1,5.147883E-3
2.833333E0,9.853859E-2,4.556926E-2,-3.644899E-2,1.094598E-3,-1.798124E-1,2.102350E-2
2.866667E0,9.704336E-2,4.561887E-2,-3.463354E-2,1.795320E-3,2.134756E-1,1.334146E-2
2.900000E0,9.622968E-2,4.568895E-2,-1.888466E-2,2.026463E-3,2.189715E-1,-2.749769E-3
2.933333E0,9.578439E-2,4.575396E-2,-1.909735E-2,1.596876E-3,-2.511262E-1,-1.247552E-2
2.966667E0,9.495653E-2,4.579541E-2,-3.640289E-2,1.121972E-3,-2.721255E-1,-4.060669E-3
3.000000E0,9.335753E-2,4.582876E-2,-4.075491E-2,1.299304E-3,-6.038824E-2,-7.668760E-3
3.033333E0,9.223953E-2,4.588203E-2,-3.631797E-2,8.239929E-4,-3.311307E-2,-9.098951E-3
3.066667E0,9.093633E-2,4.588370E-2,-4.407560E-2,3.815109E-4,1.357326E-1,-9.828602E-3
3.100000E0,8.930116E-2,4.590746E-2,-3.088995E-2,4.164378E-4,3.142389E-1,-4.023393E-3
3.133333E0,8.887700E-2,4.591146E-2,-1.666246E-2,-1.503542E-6,4.998976E-2,-7.116048E-3
3.166667E0,8.819033E-2,4.590736E-2,-2.994268E-2,-5.931913E-5,-5.076435E-1,1.243513E-2
3.200000E0,8.688082E-2,4.590750E-2,-5.094631E-2,7.556252E-4,-3.845556E-1,1.033587E-2
3.233333E0,8.479391E-2,4.595774E-2,-5.820559E-2,9.193322E-4,-1.131035E-1,2.296233E-2
3.266667E0,8.300045E-2,4.596879E-2,-5.534316E-2,1.801222E-3,1.612785E-1,1.008042E-2
3.300000E0,8.110437E-2,4.607782E-2,-4.956732E-2,2.242174E-3,1.126249E-1,-4.322874E-4
3.333333E0,7.969596E-2,4.611827E-2,-4.511580E-2,1.261664E-3,-2.378983E-1,-2.149852E-2
3.366667E0,7.809665E-2,4.616193E-2,-6.487653E-2,1.012180E-3,-3.282192E-1,-4.512109E-3
3.400000E0,7.537086E-2,4.618575E-2,-7.271048E-2,8.496295E-4,-9.874512E-2,-4.008863E-3
3.433333E0,7.324928E-2,4.621857E-2,-6.610508E-2,8.458826E-4,3.232326E-2,-5.830210E-3
3.466667E0,7.096385E-2,4.624214E-2,-7.205384E-2,4.401074E-4,-1.526935E-1,-1.140165E-2
3.500000E0,6.844569E-2,4.624791E-2,-7.675770E-2,4.732509E-5,-3.852285E-1,3.811527E-3
3.533333E0,6.584667E-2,4.624530E-2,-9.513193E-2,5.995165E-4,-4.090275E-1,-6.379232E-4
3.566667E0,6.210356E-2,4.628788E-2,-1.091983E-1,3.491386E-4,-3.198369E-1,-8.304665E-3
3.600000E0,5.856678E-2,4.626857E-2,-1.122416E-1,-3.491370E-4,-2.012359E-1,-5.551290E-3
3.633333E0,5.462079E-2,4.626461E-2,-1.240062E-1,1.403902E-4,-4.458609E-1,1.911521E-2
3.666667E0,5.029970E-2,4.627793E-2,-1.410633E-1,8.956035E-4,-4.169049E-1,2.004280E-3
3.700000E0,4.521657E-2,4.632431E-2,-1.540410E-1,5.052264E-4,-4.607361E-1,-2.129435E-2
3.733333E0,4.003030E-2,4.631161E-2,-1.687131E-1,-7.896752E-4,-4.647852E-1,-1.866819E-2
3.766667E0,3.396903E-2,4.627167E-2,-1.877160E-1,-7.880938E-4,-2.982500E-1,2.844042E-5
3.800000E0,2.751590E-2,4.625907E-2,-1.890499E-1,-5.828831E-4,4.364574E-2,5.363239E-3
3.833333E0,2.136570E-2,4.623281E-2,-1.828980E-1,-5.777659E-4,3.312980E-1,7.027067E-3
3.866667E0,1.532269E-2,4.622056E-2,-1.689203E-1,-6.788447E-5,6.035739E-1,2.838854E-3
3.900000E0,1.010435E-2,4.622828E-2,-1.415046E-1,-2.623117E-4,7.569565E-1,-2.301103E-2
3.933333E0,5.889053E-3,4.620307E-2,-1.172416E-1,-1.657263E-3,7.768694E-1,-3.298885E-2
3.966667E0,2.288242E-3,4.611780E-2,-9.157862E-2,-2.637069E-3,7.177920E-1,-1.420976E-3
4.000000E0,-2.161882E-4,4.602726E-2,-6.714754E-2,-1.779648E-3,4.443301E-1,1.331551E-2
4.033333E0,-2.188261E-3,4.599916E-2,-6.166668E-2,-1.392125E-3,-1.172719E-2,5.793877E-3
4.066667E0,-4.327300E-3,4.593446E-2,-6.908388E-2,-1.716116E-3,-1.265873E-1,9.676154E-3
4.100000E0,-6.793853E-3,4.588475E-2,-7.150729E-2,-7.152344E-4,-1.136414E-2,1.315048E-2
4.133333E0,-9.094453E-3,4.588677E-2,-6.850215E-2,-5.610121E-4,1.893001E-1,-3.362410E-2
4.166667E0,-1.136066E-2,4.584735E-2,-6.020685E-2,-2.987521E-3,3.076176E-1,-1.992499E-2
4.200000E0,-1.310824E-2,4.568761E-2,-4.666807E-2,-2.625676E-3,2.812626E-1,3.272573E-2
4.233333E0,-1.447187E-2,4.567230E-2,-4.092019E-2,4.774964E-6,5.524704E-3,3.743399E-2
4.266667E0,-1.583626E-2,4.568792E-2,-4.635153E-2,-2.100970E-4,-1.093900E-1,2.883345E-3
4.300000E0,-1.756197E-2,4.565830E-2,-5.001121E-2,-1.663956E-4,5.687409E-2,-4.924018E-3
4.333333E0,-1.917034E-2,4.567683E-2,-4.215378E-2,-1.361150E-4,2.643784E-1,1.440072E-3
4.366667E0,-2.037222E-2,4.564922E-2,-3.154052E-2,-4.284675E-4,2.354297E-1,1.416359E-2
4.400000E0,-2.127304E-2,4.564827E-2,-2.616236E-2,8.899941E-4,1.592937E-1,2.153897E-2
4.433333E0,-2.211638E-2,4.570855E-2,-2.181732E-2,1.287303E-3,1.491126E-1,-2.145219E-2
4.466667E0,-2.272753E-2,4.573409E-2,-1.572267E-2,-6.220603E-4,1.927691E-1,-1.300972E-2
4.500000E0,-2.316456E-2,4.566708E-2,-9.266586E-3,-1.656027E-4,1.998255E-1,9.039897E-3
4.533333E0,-2.334530E-2,4.572305E-2,-2.144008E-3,8.275012E-4,1.455315E-1,1.015673E-2
4.566667E0,-2.330749E-2,4.572225E-2,8.618625E-4,1.190725E-6,4.959816E-2,-1.827391E-2
4.600000E0,-2.328784E-2,4.572313E-2,6.130401E-4,-2.259498E-4,-6.124248E-3,-4.721940E-3
4.633333E0,-2.326662E-2,4.570719E-2,5.163811E-4,-4.003530E-4,-4.072889E-3,2.013672E-3
4.666667E0,-2.325341E-2,4.569644E-2,3.153590E-4,-6.958998E-5,-3.549180E-3,7.159626E-3
4.700000E0,-2.324560E-2,4.570255E-2,2.689305E-4,1.437778E-4,-2.108244E-3,1.233876E-3
4.733333E0,-2.323549E-2,4.570602E-2,2.095790E-4,-1.741595E-5,-2.062766E-3,-2.328246E-3
4.766667E0,-2.323163E-2,4.570139E-2,1.017258E-4,-5.283140E-5,-9.055256E-3,4.882036E-3
4.800000E0,-2.322870E-2,4.570250E-2,-3.256942E-4,3.104566E-4,1.382495E-3,9.934778E-5
4.833333E0,-2.325334E-2,4.572208E-2,-2.428867E-5,9.152079E-5,1.387477E-3,-1.926482E-3
4.866667E0,-2.323032E-2,4.570860E-2,1.126047E-4,-4.994632E-5,7.253295E-4,-9.305266E-6
4.900000E0,-2.324583E-2,4.571875E-2,-2.708939E-4,2.682692E-4,-2.213671E-3,1.331652E-3
4.933333E0,-2.324838E-2,4.572648E-2,8.064075E-5,9.549925E-6,2.273462E-3,-1.928995E-3
4.966667E0,-2.324046E-2,4.571939E-2,-5.967473E-5,4.456831E-5,-2.314467E-3,7.509256E-4
5.000000E0,-2.325236E-2,4.572946E-2,-2.031281E-4,1.820393E-4,1.505994E-4,-3.181907E-5
5.033333E0,-2.325400E-2,4.573153E-2,2.614182E-5,-1.723769E-5,4.355833E-3,-3.467405E-3
5.066667E0,-2.325062E-2,4.572831E-2,8.856555E-5,-5.991461E-5,3.788620E-3,-6.356562E-4
5.100000E0,-2.324809E-2,4.572753E-2,2.407531E-4,-3.596749E-5,-6.217156E-4,-9.076396E-4
5.133333E0,-2.323457E-2,4.572591E-2,1.347841E-4,-1.192368E-4,-3.938335E-3,1.639700E-3
5.166667E0,-2.323911E-2,4.571958E-2,-1.244529E-4,2.442358E-5,-6.225862E-3,4.082782E-3
5.200000E0,-2.324287E-2,4.572754E-2,-2.225399E-4,2.260137E-4,-7.400973E-4,1.207714E-3
5.233333E0,-2.325394E-2,4.573465E-2,-2.225200E-4,8.858034E-5,4.788021E-3,-2.902030E-3
5.266667E0,-2.325770E-2,4.573344E-2,1.116661E-4,-5.694826E-6,5.497597E-3,-2.258405E-3
5.300000E0,-2.324650E-2,4.573427E-2,2.103615E-4,-2.787408E-5,-3.831574E-4,-2.418515E-3
5.333333E0,-2.324368E-2,4.573158E-2,2.647460E-5,-1.731504E-4,-2.832332E-3,-2.314054E-3
5.366667E0,-2.324473E-2,4.572273E-2,1.603929E-5,-2.091232E-4,-2.151260E-3,2.677976E-3
5.400000E0,-2.324261E-2,4.571764E-2,-7.513044E-5,1.134111E-5,-1.280123E-3,5.211575E-3
5.433333E0,-2.324974E-2,4.572348E-2,-1.281046E-4,1.768413E-4,5.008071E-3,7.084170E-5
5.466667E0,-2.325115E-2,4.572943E-2,2.599900E-4,1.626771E-5,1.564344E-3,-3.404040E-4
5.500000E0,-2.323241E-2,4.572457E-2,1.142132E-4,7.590343E-5,-5.220486E-3,1.161915E-3
5.533333E0,-2.324353E-2,4.573449E-2,-2.684911E-4,1.949449E-4,-3.734377E-3,-1.744400E-3
5.566667E0,-2.325031E-2,4.573756E-2,-7.102483E-5,-7.723130E-5,5.083192E-3,-2.985479E-3
5.600000E0,-2.324827E-2,4.572934E-2,9.416095E-5,-6.391804E-5,1.891016E-5,1.290643E-3
5.633333E0,-2.324403E-2,4.573330E-2,-5.346136E-5,8.942284E-5,1.529671E-3,6.592851E-4
5.666667E0,-2.325183E-2,4.573530E-2,9.312025E-5,-4.015596E-5,-1.598107E-3,-1.030754E-3
5.700000E0,-2.323782E-2,4.573063E-2,1.687807E-5,-2.079765E-5,-1.216324E-3,2.588090E-4
5.733333E0,-2.325071E-2,4.573392E-2,-1.795154E-4,3.471357E-5,-1.234194E-3,8.716652E-4
5.766667E0,-2.324979E-2,4.573294E-2,4.837011E-5,-1.967242E-6,3.704541E-3,-1.700285E-3
5.800000E0,-2.324748E-2,4.573379E-2,4.703889E-5,-5.079340E-5,4.090175E-4,-9.832221E-4
5.833333E0,-2.324666E-2,4.572955E-2,6.110775E-5,-9.741127E-5,-2.598072E-3,2.488853E-3
5.866667E0,-2.324341E-2,4.572729E-2,-8.635915E-5,1.091701E-4,1.651829E-3,8.873684E-4
5.900000E0,-2.325241E-2,4.573683E-2,6.557484E-5,4.286213E-5,6.588771E-4,-1.117800E-3
5.933333E0,-2.323904E-2,4.573015E-2,1.199319E-4,-7.769912E-5,-8.087268E-4,-3.249085E-3
5.966667E0,-2.324442E-2,4.573165E-2,-1.222789E-4,-8.528420E-5,-5.006839E-3,5.262427E-3
6.000000E0,-2.324719E-2,4.572446E-2,-1.525611E-4,1.640996E-4,3.523020E-3,1.287438E-4
6.033333E0,-2.325459E-2,4.574259E-2,4.851687E-5,1.120939E-4,3.395850E-3,-8.852394E-4
6.066667E0,-2.324395E-2,4.573194E-2,1.807828E-4,-1.034103E-4,2.292980E-4,-3.175428E-3
6.100000E0,-2.324254E-2,4.573570E-2,-7.227107E-6,3.497945E-5,-2.062290E-3,1.794629E-3
6.133333E0,-2.324444E-2,4.573427E-2,3.559730E-5,-3.764755E-5,-2.591110E-3,1.850711E-4
6.166667E0,-2.324016E-2,4.573319E-2,-1.120777E-4,4.838574E-5,2.150572E-3,-1.559765E-3
6.200000E0,-2.325191E-2,4.573750E-2,4.091237E-5,-8.822770E-5,1.580600E-3,-2.491726E-3
6.233333E0,-2.323744E-2,4.572731E-2,1.767539E-4,-2.056778E-4,-1.442639E-3,1.878695E-3
6.266667E0,-2.324012E-2,4.572378E-2,-1.719508E-4,7.135067E-5,-5.022796E-3,3.919608E-3
6.300000E0,-2.324890E-2,4.573206E-2,-1.618856E-4,1.114924E-4,3.271126E-3,2.884344E-4
6.333333E0,-2.325092E-2,4.573122E-2,6.954064E-5,1.972047E-5,4.010857E-3,-2.318350E-3
6.366667E0,-2.324426E-2,4.573338E-2,1.371184E-4,-1.175090E-6,-2.643365E-3,-1.007745E-3
6.400000E0,-2.324178E-2,4.573114E-2,-1.159041E-4,-7.208201E-5,-3.468433E-3,-5.798824E-4
6.433333E0,-2.325199E-2,4.572857E-2,-1.604696E-4,-3.743768E-5,4.214394E-3,8.608463E-4
6.466667E0,-2.325247E-2,4.572864E-2,2.029155E-4,-2.107699E-6,-1.271194E-3,3.184452E-3
6.500000E0,-2.323846E-2,4.572843E-2,-1.259100E-4,1.462287E-4,-3.012393E-3,1.234247E-3
6.533333E0,-2.326087E-2,4.573839E-2,-2.459327E-4,1.461516E-4,5.800999E-3,-4.689610E-3
6.566667E0,-2.325486E-2,4.573818E-2,4.255956E-4,-2.036320E-4,3.129799E-3,-1.760046E-3
6.600000E0,-2.323249E-2,4.572482E-2,5.928902E-5,-5.510942E-5,-8.119289E-3,3.774151E-3
6.633333E0,-2.325090E-2,4.573450E-2,-3.538331E-4,1.893798E-4,-2.946723E-3,1.673552E-3
6.666667E0,-2.325608E-2,4.573744E-2,-1.336078E-5,-8.093865E-6,5.271812E-3,-2.217199E-3
6.700000E0,-2.325180E-2,4.573396E-2,2.468306E-5,1.191465E-5,5.812606E-3,-2.886432E-3
6.733333E0,-2.325444E-2,4.573823E-2,2.737361E-4,-1.183363E-4,-7.302397E-4,1.876112E-3
6.766667E0,-2.323355E-2,4.572607E-2,1.585841E-4,-1.903724E-6,-4.630778E-3,2.446933E-3
6.800000E0,-2.324387E-2,4.573811E-2,-2.304670E-4,2.058759E-4,-2.569441E-4,-1.417294E-3
6.833333E0,-2.324891E-2,4.573980E-2,1.831445E-4,-1.621639E-4,6.887899E-3,-5.549414E-3
6.866667E0,-2.323166E-2,4.572730E-2,3.385841E-4,-2.242751E-4,-4.520820E-3,1.275504E-3
6.900000E0,-2.322634E-2,4.572485E-2,-1.701072E-4,-1.237991E-5,-6.334598E-3,4.519438E-3
6.933333E0,-2.324300E-2,4.572647E-2,-1.957426E-4,6.992673E-5,-2.357524E-3,1.670448E-3
6.966667E0,-2.323939E-2,4.572951E-2,-1.556387E-4,9.564826E-5,4.695470E-3,-1.238926E-3
7.000000E0,-2.325337E-2,4.573285E-2,-5.377899E-5,-6.855327E-8,2.321165E-4,-9.413281E-4
7.033333E0,-2.324297E-2,4.572950E-2,4.077009E-5,-9.396370E-6,1.122305E-3,5.734995E-4
7.066667E0,-2.325065E-2,4.573222E-2,-1.239053E-4,7.885551E-5,-2.826735E-3,2.468419E-3
7.100000E0,-2.325123E-2,4.573476E-2,-7.086640E-5,1.332508E-4,4.020115E-3,-1.695886E-4
7.133333E0,-2.325538E-2,4.574111E-2,8.386446E-5,9.750444E-5,2.231671E-3,-4.804150E-3
7.166667E0,-2.324564E-2,4.574126E-2,1.634168E-4,-1.934061E-4,1.134231E-3,-3.900763E-3
7.200000E0,-2.324448E-2,4.572821E-2,8.570171E-5,-2.290806E-4,-1.922673E-3,1.232140E-3
7.233333E0,-2.323993E-2,4.572599E-2,7.672956E-5,-4.032799E-5,-1.858153E-3,3.963893E-3
7.266667E0,-2.323937E-2,4.572552E-2,-5.264530E-5,1.531952E-5,-4.337324E-3,2.226301E-3
7.300000E0,-2.324344E-2,4.572701E-2,-2.110136E-4,1.041903E-4,4.773556E-4,1.529159E-3
7.333333E0,-2.325344E-2,4.573247E-2,-6.925106E-5,1.343051E-4,1.357508E-3,1.359421E-3
7.366667E0,-2.324806E-2,4.573596E-2,-1.649287E-5,1.687626E-4,3.655167E-3,-2.316339E-3
7.400000E0,-2.325454E-2,4.574372E-2,5.501332E-5,3.114138E-5,-2.345622E-5,-4.808038E-3
7.433333E0,-2.324439E-2,4.573804E-2,1.068456E-4,-2.124729E-4,-1.335500E-4,-2.378039E-3
7.466667E0,-2.324741E-2,4.572955E-2,-5.156773E-5,-1.286181E-4,7.433830E-4,2.393173E-3
7.500000E0,-2.324783E-2,4.572947E-2,1.697936E-4,-9.903244E-6,4.280047E-3,3.047259E-4
7.533333E0,-2.323609E-2,4.572889E-2,2.891984E-4,-1.144529E-4,-3.286343E-3,1.423947E-3
7.566667E0,-2.322855E-2,4.572184E-2,-5.330406E-5,2.449601E-5,-1.003339E-3,2.456374E-4
7.600000E0,-2.323965E-2,4.573053E-2,9.081340E-5,1.801474E-5,6.573114E-3,-2.572308E-3
7.633333E0,-2.322249E-2,4.572304E-2,5.420432E-4,-2.469347E-4,2.020943E-3,-3.341819E-3
7.666667E0,-2.320351E-2,4.571407E-2,2.224010E-4,-1.880200E-4,-8.198549E-3,4.188963E-3
7.700000E0,-2.320767E-2,4.571050E-2,-1.097258E-4,3.797408E-5,-7.952523E-3,4.240319E-3
7.733333E0,-2.321083E-2,4.571660E-2,-2.340392E-4,1.317763E-4,-1.268669E-3,8.226705E-4
7.766667E0,-2.322327E-2,4.571929E-2,-2.533451E-4,6.041991E-5,-1.405489E-4,-8.293527E-4
7.800000E0,-2.322772E-2,4.572063E-2,-1.822772E-4,7.326248E-5,1.210344E-3,2.209031E-3
7.833333E0,-2.323542E-2,4.572417E-2,-2.071684E-4,2.058363E-4,6.517462E-4,2.658954E-4
7.866667E0,-2.324153E-2,4.573435E-2,-1.322776E-4,1.385037E-4,4.645762E-3,-2.953208E-3
7.900000E0,-2.324424E-2,4.573340E-2,8.929866E-5,-4.983117E-5,8.000274E-4,-1.391964E-3
7.933333E0,-2.323557E-2,4.573103E-2,-2.855482E-7,4.653532E-5,-7.315981E-3,9.896444E-4
7.966667E0,-2.324426E-2,4.573651E-2,-4.675828E-4,6.685183E-5,6.600499E-4,-1.369488E-3
8.000000E0,-2.326675E-2,4.573548E-2,-6.531537E-5,-8.214696E-5,2.902907E-3,-6.223653E-4
8.033333E0,-2.324861E-2,4.573103E-2,6.419859E-6,4.843289E-6,-5.847132E-4,3.083443E-3
8.066667E0,-2.326632E-2,4.573581E-2,-3.682225E-4,1.669196E-4,-2.181706E-3,2.067090E-3
8.100000E0,-2.327316E-2,4.574216E-2,-3.936865E-5,1.372627E-4,8.743396E-3,-3.593952E-3
8.133333E0,-2.326894E-2,4.574496E-2,2.247582E-4,-6.939518E-5,4.888912E-4,-2.550603E-3
8.166667E0,-2.325818E-2,4.573753E-2,3.826416E-5,-8.818383E-5,-1.948688E-3,-2.473204E-4
8.200000E0,-2.326639E-2,4.573908E-2,-3.127645E-5,-1.655517E-5,5.141793E-4,1.889632E-3
8.233333E0,-2.326026E-2,4.573643E-2,1.758488E-4,-9.407970E-6,-8.042714E-4,1.155092E-3
8.266667E0,-2.325467E-2,4.573845E-2,-8.222051E-5,8.585150E-5,,
8.300000E0,-2.326574E-2,4.574215E-2,,,,
