,mass A,,,,,
t,x,y,vx,ax,ay,
1.096667E1,1.842609E-1,4.451564E-2,,,
1.100000E1,1.842461E-1,4.450693E-2,-2.327827E-4,,
1.103333E1,1.842454E-1,4.450683E-2,-1.035202E-4,4.623669E-3,4.942494E-3
1.106667E1,1.842392E-1,4.449889E-2,-4.627681E-6,4.174778E-4,2.549295E-3
1.110000E1,1.842451E-1,4.451332E-2,1.183797E-5,-4.655551E-4,1.456307E-4
1.113333E1,1.842400E-1,4.451196E-2,-1.145575E-4,-2.909217E-3,-3.798810E-3
1.116667E1,1.842375E-1,4.451248E-2,-1.382917E-4,2.196835E-4,6.254567E-3
1.120000E1,1.842308E-1,4.451119E-2,-1.331844E-4,7.829324E-4,3.533009E-3
1.123333E1,1.842286E-1,4.453506E-2,-5.862520E-5,-4.906666E-4,-5.677422E-3
1.126667E1,1.842269E-1,4.453675E-2,-1.585224E-4,-6.272826E-4,-6.471162E-3
1.130000E1,1.842180E-1,4.452446E-2,-1.484495E-4,-1.581385E-3,1.959892E-3
1.133333E1,1.842170E-1,4.453015E-2,-1.925006E-4,5.557636E-3,7.741601E-4
1.136667E1,1.842052E-1,4.453048E-2,9.545111E-5,2.259671E-3,-1.188778E-3
1.140000E1,1.842233E-1,4.452389E-2,1.635842E-4,-9.429250E-4,1.203983E-3
1.143333E1,1.842161E-1,4.452841E-2,-1.497570E-4,-3.218079E-3,-3.851392E-4
1.146667E1,1.842133E-1,4.452786E-2,9.396460E-6,-1.540753E-4,-2.922874E-3
1.150000E1,1.842167E-1,4.452230E-2,-1.127015E-4,-1.303932E-5,8.064833E-3
1.153333E1,1.842058E-1,4.451796E-2,-9.845636E-5,4.989166E-3,1.785665E-2
1.156667E1,1.842102E-1,4.454817E-2,2.925479E-4,7.554172E-3,1.272096E-2
1.160000E1,1.842253E-1,4.459478E-2,4.234910E-4,1.230256E-3,-5.667405E-4
1.163333E1,1.842384E-1,4.463171E-2,3.484970E-4,-1.217011E-2,-2.905714E-3
1.166667E1,1.842486E-1,4.466456E-2,-3.081134E-4,-1.859929E-1,2.309993E-2
1.170000E1,1.842179E-1,4.470191E-2,-1.080771E-2,-5.606600E-1,1.515324E-2
1.173333E1,1.835281E-1,4.482642E-2,-3.795646E-2,-6.527292E-1,-2.438305E-3
1.176667E1,1.816874E-1,4.487462E-2,-5.751478E-2,-1.905388E-1,-1.967583E-2
1.180000E1,1.796937E-1,4.494064E-2,-5.021919E-2,1.604155E-1,-1.496141E-3
1.183333E1,1.783395E-1,4.497972E-2,-4.336144E-2,5.436287E-2,1.376378E-2
1.186667E1,1.768030E-1,4.503557E-2,-4.841491E-2,-1.778861E-2,1.611707E-2
1.190000E1,1.751118E-1,4.514674E-2,-4.555896E-2,6.161829E-2,-1.755301E-3
1.193333E1,1.737657E-1,4.522084E-2,-4.223269E-2,-4.203915E-2,-1.877305E-2
1.196667E1,1.722963E-1,4.528839E-2,-4.893592E-2,-9.168852E-2,1.352123E-2
1.200000E1,1.705033E-1,4.532982E-2,-5.000812E-2,2.652849E-2,1.238429E-2
1.203333E1,1.689624E-1,4.546957E-2,-4.549759E-2,2.448778E-2,-1.606707E-3
1.206667E1,1.674701E-1,4.553613E-2,-4.821524E-2,-1.155024E-3,-2.327301E-2
1.210000E1,1.657481E-1,4.560790E-2,-4.728822E-2,9.006400E-3,7.004055E-3
1.213333E1,1.643176E-1,4.565454E-2,-4.550311E-2,-8.969744E-2,5.634290E-3
1.216667E1,1.627145E-1,4.576091E-2,-5.381477E-2,-1.166901E-1,-9.211535E-3
1.220000E1,1.607299E-1,4.582473E-2,-5.517166E-2,-4.169494E-2,-2.011885E-2
1.223333E1,1.590364E-1,4.585681E-2,-5.406379E-2,-5.831050E-2,4.244006E-3
1.226667E1,1.571257E-1,4.590080E-2,-6.020236E-2,-2.039417E-1,2.235885E-2
1.230000E1,1.550229E-1,4.597518E-2,-6.740042E-2,-2.120612E-1,8.734214E-3
1.233333E1,1.526323E-1,4.607902E-2,-7.473159E-2,-2.175563E-1,-6.501618E-3
1.236667E1,1.500408E-1,4.614224E-2,-8.159779E-2,-1.754928E-1,-1.836016E-2
1.240000E1,1.471925E-1,4.621164E-2,-8.689518E-2,-1.366067E-2,-3.074254E-2
1.243333E1,1.442478E-1,4.624100E-2,-8.311685E-2,-4.220406E-2,-3.060910E-2
1.246667E1,1.416514E-1,4.620469E-2,-8.674573E-2,-1.606486E-1,2.021009E-3
1.250000E1,1.384648E-1,4.618789E-2,-9.691381E-2,-2.320835E-1,1.114101E-2
1.253333E1,1.351904E-1,4.621535E-2,-1.009422E-1,-4.055427E-1,-1.228587E-2
1.256667E1,1.317353E-1,4.620023E-2,-1.219264E-1,-7.059321E-1,-1.890684E-2
1.260000E1,1.270620E-1,4.615694E-2,-1.512577E-1,-1.047166E0,1.274569E-2
1.263333E1,1.216514E-1,4.612497E-2,-1.885406E-1,-1.294183E0,8.550018E-3
1.266667E1,1.144926E-1,4.615376E-2,-2.398637E-1,-1.732361E0,-1.142376E-2
1.270000E1,1.056605E-1,4.611333E-2,-3.021446E-1,-1.623040E0,-5.177148E-2
1.273333E1,9.434966E-2,4.607154E-2,-3.531319E-1,-6.814096E-1,-5.467206E-2
1.276667E1,8.211841E-2,4.589968E-2,-3.487963E-1,1.055699E0,-4.546488E-2
1.280000E1,7.109657E-2,4.571167E-2,-2.824788E-1,2.571252E0,-5.908905E-3
1.283333E1,6.328649E-2,4.550115E-2,-1.747184E-1,2.589566E0,3.689975E-2
1.286667E1,5.944868E-2,4.531757E-2,-1.016288E-1,1.335170E0,2.260295E-2
1.290000E1,5.651124E-2,4.525959E-2,-9.008075E-2,9.169235E-2,-1.719954E-2
1.293333E1,5.344329E-2,4.507417E-2,-9.725880E-2,1.193739E-1,-1.783163E-2
1.296667E1,5.002732E-2,4.488742E-2,-8.572755E-2,5.201859E-1,1.913322E-2
1.300000E1,4.772812E-2,4.476076E-2,-5.853872E-2,7.468823E-1,8.461769E-3
1.303333E1,4.612473E-2,4.461970E-2,-3.694090E-2,6.657553E-1,3.606150E-2
1.306667E1,4.526540E-2,4.447306E-2,-1.412259E-2,5.252258E-1,5.760398E-2
1.310000E1,4.518323E-2,4.448942E-2,-4.739751E-4,2.429399E-1,3.815642E-2
1.313333E1,4.523380E-2,4.449088E-2,1.044455E-3,1.966357E-2,-6.417362E-3
1.316667E1,4.525286E-2,4.450008E-2,4.367287E-4,-1.178057E-2,-2.328871E-3
1.320000E1,4.526291E-2,4.448762E-2,2.897301E-4,-5.842306E-3,6.682879E-3
1.323333E1,4.527217E-2,4.449085E-2,8.995357E-5,1.626897E-5,7.322306E-3
1.326667E1,4.526891E-2,4.451819E-2,1.967648E-4,3.198974E-3,-6.920375E-3
1.330000E1,4.528529E-2,4.452215E-2,4.238804E-4,1.137501E-3,-1.242176E-2
1.333333E1,4.529717E-2,4.451015E-2,2.293568E-4,-7.588897E-3,-4.921448E-4
1.336667E1,4.530058E-2,4.449717E-2,-8.230486E-5,-1.053962E-2,5.479565E-3
1.340000E1,4.529168E-2,4.449971E-2,-4.777853E-4,5.661870E-4,7.933337E-4
1.343333E1,4.526873E-2,4.450126E-2,-1.546862E-4,5.262536E-3,-8.228772E-4
1.346667E1,4.528137E-2,4.449185E-2,9.615442E-5,5.536911E-3,-6.086798E-4
1.350000E1,4.527514E-2,4.449667E-2,2.676206E-5,-3.901813E-3,2.256046E-3
1.353333E1,4.528315E-2,4.448874E-2,-2.460936E-5,-2.725129E-3,3.017587E-4
1.356667E1,4.527350E-2,4.449448E-2,-2.647315E-4,-7.757643E-4,1.091138E-4
1.360000E1,4.526551E-2,4.449364E-2,-5.739564E-5,6.458961E-3,-2.854247E-3
1.363333E1,4.526967E-2,4.448943E-2,2.032425E-4,2.375781E-3,3.651827E-4
1.366667E1,4.527906E-2,4.448576E-2,1.203094E-4,-2.671235E-3,3.947471E-3
1.370000E1,4.527769E-2,4.448606E-2,-3.316388E-5,-2.926551E-3,-9.263219E-4
1.373333E1,4.527684E-2,4.449521E-2,-4.655836E-5,3.308420E-3,-5.060111E-3
1.376667E1,4.527459E-2,4.448352E-2,1.492823E-4,2.187786E-3,-2.511730E-3
1.380000E1,4.528680E-2,4.447457E-2,1.895278E-4,5.244706E-4,2.985150E-3
1.383333E1,4.528722E-2,4.447257E-2,9.153385E-5,-4.844266E-4,2.402080E-5
1.386667E1,4.529290E-2,4.446901E-2,2.006152E-4,-4.498122E-3,3.753415E-3
1.390000E1,4.530060E-2,4.446094E-2,-1.556615E-4,-3.970705E-3,2.710939E-3
1.393333E1,4.528252E-2,4.447580E-2,-2.243427E-4,3.032793E-3,-4.299858E-3
1.396667E1,4.528564E-2,4.447131E-2,1.802442E-4,6.612274E-3,-4.496869E-3
1.400000E1,4.529454E-2,4.445619E-2,2.046739E-4,-2.310172E-3,5.804945E-3
1.403333E1,4.529929E-2,4.445888E-2,1.439842E-5,-5.976393E-3,5.521158E-3
1.406667E1,4.529550E-2,4.446806E-2,-2.080009E-4,-1.552369E-3,3.035357E-3
1.410000E1,4.528542E-2,4.447116E-2,-1.233042E-4,9.531076E-4,-1.865168E-3
1.413333E1,4.528728E-2,4.448870E-2,-6.290688E-5,4.071462E-3,-3.873897E-3
1.416667E1,4.528123E-2,4.448341E-2,5.490029E-5,9.673038E-4,-4.553346E-3
1.420000E1,4.529094E-2,4.448286E-2,1.117202E-4,2.801890E-3,-4.572586E-4
1.423333E1,4.528868E-2,4.448032E-2,1.285528E-4,-5.577508E-4,4.711587E-4
1.426667E1,4.529951E-2,4.447425E-2,1.773921E-4,-1.513631E-3,3.598799E-3
1.430000E1,4.530050E-2,4.447729E-2,-3.353004E-5,-9.031604E-3,7.133528E-3
1.433333E1,4.529727E-2,4.448419E-2,-3.811248E-4,-2.421344E-3,-8.215795E-4
1.436667E1,4.527509E-2,4.450393E-2,-3.168992E-4,-6.653313E-4,-4.484097E-6
1.440000E1,4.527615E-2,4.449736E-2,-2.456990E-4,5.363582E-3,-2.987873E-3
1.443333E1,4.525871E-2,4.451740E-2,-1.426603E-4,4.386418E-3,-1.778502E-3
1.446667E1,4.526663E-2,4.451222E-2,2.003315E-4,5.039686E-3,-5.940443E-3
1.450000E1,4.527207E-2,4.451134E-2,1.326612E-4,-2.757270E-3,-8.115228E-6
1.453333E1,4.527548E-2,4.450613E-2,2.431583E-5,-7.842226E-4,2.129635E-3
1.456667E1,4.527369E-2,4.450308E-2,4.791714E-5,-3.942192E-3,6.697089E-3
1.460000E1,4.527867E-2,4.450940E-2,-1.548469E-4,-6.578117E-3,8.314654E-3
1.463333E1,4.526337E-2,4.452555E-2,-4.879868E-4,-6.660837E-3,5.517345E-3
1.466667E1,4.524614E-2,4.454992E-2,-5.577853E-4,-2.749638E-2,8.703524E-3
1.470000E1,4.522618E-2,4.457358E-2,-2.112452E-3,-7.113851E-2,-9.813517E-3
1.473333E1,4.510531E-2,4.462393E-2,-5.464355E-3,-4.879316E-2,-4.303618E-2
1.476667E1,4.486189E-2,4.459680E-2,-5.877848E-3,1.364030E-2,-1.623832E-2
1.480000E1,4.471345E-2,4.449184E-2,-3.956289E-3,5.761561E-2,2.327774E-2
1.483333E1,4.459814E-2,4.451795E-2,-2.268539E-3,,
1.486667E1,4.456222E-2,4.451581E-2,,,
