	mass A						
t	x	y	vx	vy	ax	ay	
0.000	258.3	37.07				
0.033	258.3	37.07	3.122E-2	2.484E-2		
0.067	258.3	37.07	4.092E-3	-2.675E-2	6.429E-2	2.427
0.100	258.3	37.07	-1.746E-2	0.136	1.785	0.255
0.133	258.3	37.08	0.150	9.995E-2	1.488	-2.354
0.167	258.3	37.08	0.111	-0.131	-3.232	-3.204
0.200	258.3	37.07	-9.992E-2	-7.272E-2	-2.025	-1.046
0.233	258.3	37.07	-5.109E-2	-0.177	-1.367E-2	0.464
0.267	258.3	37.06	-3.193E-2	-0.113	1.735	4.990
0.300	258.3	37.06	-9.082E-3	0.213	0.685	0.735
0.333	258.3	37.07	7.866E-2	-6.421E-3	0.891	-1.392
0.367	258.3	37.06	1.612E-2	-4.146E-2	-1.172	0.126
0.400	258.3	37.07	5.802E-3	0.157	0.323	2.715
0.433	258.3	37.07	3.430E-2	6.011E-2	1.209	-2.627
0.467	258.3	37.08	9.122E-2	1.205E-2	-1.355	-0.504
0.500	258.3	37.07	-3.119E-2	-1.723E-3	-2.629	-0.322
0.533	258.3	37.08	-0.137	1.880E-2	-7.930E-2	-0.186
0.567	258.3	37.08	-1.392E-2	-2.786E-2	1.153	-0.233
0.600	258.3	37.07	-3.008E-2	-2.834E-3	-0.477	0.979
0.633	258.3	37.07	-8.946E-2	4.980E-2	0.306	-1.576
0.667	258.3	37.08	5.760E-3	-8.901E-2	1.927	-0.785
0.700	258.3	37.07	5.257E-2	-7.114E-2	0.976	-0.910
0.733	258.3	37.07	5.647E-2	-5.802E-2	-2.626	0.382
0.767	258.3	37.07	-9.243E-2	-0.126	0.426	1.144
0.800	258.3	37.06	-1.292E-3	5.208E-2	2.881	3.750
0.833	258.3	37.07	0.204	0.138	0.857	-0.813
0.867	258.3	37.07	2.306E-2	1.912E-3	-4.614	-1.522
0.900	258.3	37.07	-0.130	-1.594E-2	-0.930	8.015E-2
0.933	258.3	37.07	-4.304E-2	6.307E-2	0.306	0.796
0.967	258.3	37.07	-5.684E-2	1.353E-2	1.725	-0.554
1.000	258.3	37.07	-4.697E-3	2.295E-2	1.552	1.069
1.033	258.3	37.07	0.122	8.841E-2	1.670	-0.473
1.067	258.3	37.08	6.773E-2	1.556E-2	-2.909	-1.453
1.100	258.3	37.08	-4.978E-2	-5.298E-2	0.871	0.648
1.133	258.3	37.08	6.192E-2	7.572E-2	-0.325	0.490
1.167	258.3	37.08	4.369E-2	1.759E-2	-0.148	-0.504
1.200	258.3	37.08	-6.827E-2	-2.472E-2	-3.185	0.608
1.233	258.3	37.08	-7.652E-2	0.103	0.863	-1.153
1.267	258.3	37.08	-8.765E-2	-7.803E-2	0.106	1.609
1.300	258.3	37.07	-6.196E-3	9.238E-2	0.977	-0.831
1.333	258.3	37.09	-5.405E-2	6.310E-2	-3.345	-2.186
1.367	258.3	37.08	-0.202	-0.239	0.739	-2.888
1.400	258.3	37.07	-8.429E-2	-5.238E-2	4.058	4.566
1.433	258.3	37.07	0.167	6.743E-2	2.432	0.206
1.467	258.3	37.08	5.105E-2	-2.098E-2	-1.607	-2.421
1.500	258.3	37.07	2.179E-2	-0.137	2.148	0.847
1.533	258.3	37.07	0.213	3.381E-2	15.62	34.90
1.567	258.3	37.08	0.992	1.979	22.95	39.63
1.600	258.3	37.20	1.883	3.238	0.974	7.641
1.633	258.4	37.29	1.164	2.162	-136.1	-1.745
1.667	258.4	37.34	-6.532	2.861	-495.6	10.30
1.700	258.0	37.48	-31.12	3.387	-667.6	-2.271
1.733	256.3	37.57	-54.40	2.367	-331.5	-21.93
1.767	254.3	37.64	-53.18	1.959	-11.49	9.693
1.800	252.8	37.70	-51.74	2.877	-200.4	11.72
1.833	250.9	37.83	-67.47	3.157	-447.6	-6.368
1.867	248.3	37.91	-83.11	2.131	-266.9	-24.98
1.900	245.4	37.97	-85.60	1.561	-145.1	0.613
1.933	242.6	38.02	-90.26	2.020	-196.7	3.417
1.967	239.3	38.11	-100.7	2.137	-365.5	-13.00
2.000	235.9	38.16	-113.2	0.944	-546.2	-35.46
2.033	231.8	38.17	-137.2	-0.210	-536.0	-18.97
2.067	226.7	38.14	-151.8	-0.461	-528.1	-1.393
2.100	221.7	38.14	-167.9	-0.118	-610.6	6.110
2.133	215.5	38.14	-195.6	-0.106	-845.7	-22.98
2.167	208.6	38.13	-223.0	-1.451	-616.8	-35.99
2.200	200.7	38.04	-239.6	-2.885	70.58	-39.87
2.233	192.7	37.94	-219.1	-3.814	1.134E3	-25.94
2.267	186.1	37.79	-162.9	-4.826	1.392E3	-21.03
2.300	181.8	37.62	-120.4	-5.120	788.1	-6.356
2.333	178.0	37.44	-113.3	-5.265	220.8	-15.72
2.367	174.3	37.27	-107.6	-6.041	158.2	-30.20
2.400	170.9	37.04	-101.1	-7.411	187.6	-27.23
2.433	167.5	36.77	-96.36	-7.930	229.9	8.203
2.467	164.4	36.51	-85.64	-6.891	275.8	24.99
2.500	161.8	36.31	-76.95	-5.994	273.2	31.95
2.533	159.3	36.11	-68.68	-5.057	537.3	33.18
2.567	157.2	35.98	-42.49	-3.560	811.3	65.29
2.600	156.5	35.88	-11.37	-0.998	630.6	58.63
2.633	156.5	35.91	-0.129	0.891	198.1	25.97
2.667	156.5	35.94	0.230	0.431	2.916	-9.239
2.700	156.5	35.94	0.176	0.208	-1.273	-3.968
2.733	156.5	35.95	-5.837E-3	0.232	-2.251	7.494E-2
2.767	156.5	35.96	0.115	0.192	1.419	-0.743
2.800	156.5	35.96	6.676E-2	0.189	1.236	-2.583
2.833	156.5	35.97	0.173	3.903E-2	-0.137	-1.611
2.867	156.5	35.96	0.126	2.192E-2	-0.986	-1.792
2.900	156.5	35.97	2.491E-2	-8.540E-4	-0.995	1.024
2.933	156.5	35.96	0.108	5.612E-3	-0.481	-1.459
2.967	156.5	35.97	-1.912E-3	-6.676E-3	-1.719	0.480
3.000	156.5	35.96	-4.856E-2	-5.183E-2	0.339	0.813
3.033	156.5	35.97	5.062E-2	0.104	2.807	1.416
3.067	156.5	35.97	0.132	4.559E-2	-0.663	-0.356
3.100	156.5	35.97	3.586E-2	3.896E-2	-3.490	-2.441
3.133	156.5	35.97	-0.144	-5.625E-2	0.204	-0.243
3.167	156.5	35.97	3.002E-2	-6.336E-2	3.828	-2.103
3.200	156.5	35.97	0.184	-9.434E-2	-0.711	1.620
3.233	156.5	35.96	-3.879E-2	-6.890E-2	-3.614	1.857
3.267	156.5	35.96	-0.111	0.127	0.887	2.328
3.300	156.5	35.97	6.114E-2	5.197E-2	1.856	-1.331
3.333	156.5	35.97	3.529E-2	2.670E-2	-0.137	0.185
3.367	156.5	35.97	2.509E-3	7.258E-2	-2.070	-0.699
3.400	156.5	35.97	-5.123E-2	-9.642E-4	0.298	-0.923
3.433	156.5	35.97	-4.121E-2	-3.116E-2	0.617	-2.936E-2
3.467	156.5	35.97	5.092E-2	3.213E-2	0.426	0.982
3.500	156.5	35.97	-3.642E-2	2.299E-2	-2.934	0.192
3.533	156.5	35.97	-0.144	4.193E-2	0.313	0.804
3.567	156.5	35.97	-4.828E-2	8.080E-2	3.549	-0.952
3.600	156.5	35.98	0.141	-5.078E-3	2.571	-1.743
3.633	156.5	35.97	0.119	-7.235E-2	-1.884	-1.426
3.667	156.5	35.97	3.100E-3	-7.044E-2	-2.303	1.744
3.700	156.5	35.97	-4.543E-2	1.247E-2	-0.233	-0.907
3.733	156.5	35.97	-5.147E-3	-6.501E-2	1.250	-4.276
3.767	156.5	35.97	4.229E-2	-0.334	0.454	-2.986
3.800	156.5	35.95	3.026E-2	-0.277	-1.246	4.586
3.833	156.5	35.95	-4.533E-2	-3.779E-4	1.588	4.551
3.867	156.5	35.95	0.100	6.087E-2	1.959	0.950
3.900	156.5	35.95	0.164	1.367E-2	-0.301	-2.191
3.933	156.5	35.95	1.916E-2	-4.912E-2	-3.141	0.476
3.967	156.5	35.95	-2.807E-2	-7.725E-3	1.787	0.254
4.000	156.5	35.95	0.109	3.557E-2	-0.535	0.249
4.033	156.5	35.95	2.361E-2	-4.145E-2	-3.239	-3.999
4.067	156.5	35.95	-0.205	-0.188	-1.739	0.732
4.100	156.5	35.94	-6.673E-2	-8.173E-2	4.111	2.999
4.133	156.5	35.94	9.260E-2	0.123	1.684	3.867
4.167	156.5	35.95	5.289E-2	0.110	-2.047	-0.358
4.200	156.5	35.95	-6.803E-2	0.129	-2.600	-0.203
4.233	156.5	35.95	-0.118	8.064E-2	0.366	-1.562
4.267	156.5	35.96	-5.245E-2	3.152E-2	2.137	-1.242
4.300	156.5	35.96	4.520E-2	-9.594E-3	2.897	-0.720
4.333	156.5	35.96	0.127	-1.323E-2	0.624	-0.847
4.367	156.5	35.96	0.112	-5.806E-2	-1.620	0.391
4.400	156.5	35.95	-5.584E-3	-1.376E-2	-1.112	1.925
4.433	156.5	35.95	2.625E-2	9.973E-2	0.307	0.169
4.467	156.5	35.96	4.926E-2	7.302E-3	1.513	-4.824
4.500	156.5	35.95	8.909E-2	-0.239	-1.611	-6.917
4.533	156.5	35.94	6.403E-4	-0.462	-1.520	2.824
4.567	156.5	35.92	-8.917E-2	-0.120	-1.871	8.048
4.600	156.5	35.93	-6.382E-2	0.224	0.153	5.748
4.633	156.5	35.94	-0.112	0.171	1.380	-1.282
4.667	156.5	35.95	2.446E-2	0.167	0.293	-1.782
4.700	156.5	35.95	-3.460E-2	4.720E-2	-0.517	-1.955
4.733	156.5	35.95	-9.580E-2	1.274E-2	-0.972	0.989
4.767	156.5	35.95	-3.179E-2	0.128	1.255	1.537
4.800	156.5	35.96	-5.007E-2	0.137	1.146	-3.020
4.833	156.5	35.96	5.340E-2	-7.827E-2		
4.867	156.5	35.95				
