,mass A,,,,,,
t,x,y,vx,vy,ax,ay,
8.133333E0,1.629143E-1,4.515869E-2,,,,
8.166667E0,1.629178E-1,4.516006E-2,1.046631E-4,-9.382931E-6,,
8.200000E0,1.629212E-1,4.515806E-2,9.045304E-6,-2.047739E-4,-6.518548E-3,4.158519E-4
8.233333E0,1.629184E-1,4.514641E-2,-3.225508E-4,-5.752700E-5,-4.590210E-4,1.678834E-3
8.266667E0,1.628997E-1,4.515423E-2,-1.365637E-4,3.918366E-5,-3.096672E-3,-2.873979E-3
8.300000E0,1.629093E-1,4.514902E-2,-2.913637E-4,-3.228460E-4,4.202819E-4,-6.393720E-4
8.333333E0,1.628803E-1,4.513270E-2,-4.012736E-4,-8.145764E-5,3.333557E-3,7.671694E-3
8.366667E0,1.628825E-1,4.514359E-2,1.373652E-4,3.287083E-4,5.311320E-3,3.463601E-3
8.400000E0,1.628895E-1,4.515462E-2,-5.639852E-5,1.216299E-4,-9.606294E-4,-2.807223E-3
8.433333E0,1.628788E-1,4.515170E-2,-5.060142E-5,6.037024E-5,6.855011E-3,-5.215963E-3
8.466667E0,1.628861E-1,4.515864E-2,4.783056E-4,-1.086811E-4,3.479951E-3,-4.511619E-4
8.500000E0,1.629107E-1,4.514445E-2,2.820207E-4,-1.244267E-4,-5.563929E-3,4.153672E-3
8.533333E0,1.629049E-1,4.515035E-2,-7.402443E-5,2.842228E-4,-8.912200E-3,7.510041E-4
8.566667E0,1.629057E-1,4.516340E-2,-1.881128E-4,-2.689969E-5,4.697633E-3,-4.446077E-5
8.600000E0,1.628923E-1,4.514855E-2,9.321514E-5,7.234960E-5,3.640320E-3,-7.648341E-4
8.633333E0,1.629120E-1,4.516823E-2,2.716922E-4,1.873893E-4,5.380158E-4,1.431158E-2
8.666667E0,1.629105E-1,4.516105E-2,-3.361506E-5,7.058075E-4,4.139870E-3,6.085799E-3
8.700000E0,1.629097E-1,4.521528E-2,5.187454E-4,1.002988E-3,3.158381E-3,6.363930E-3
8.733333E0,1.629450E-1,4.522791E-2,4.212433E-4,7.650333E-4,-1.870448E-3,6.709880E-3
8.766667E0,1.629378E-1,4.526628E-2,9.026547E-5,1.587424E-3,-7.693235E-3,2.831425E-2
8.800000E0,1.629511E-1,4.533374E-2,1.263529E-4,2.634867E-3,-3.480307E-2,1.045372E-2
8.833333E0,1.629462E-1,4.544194E-2,-2.075751E-3,2.502777E-3,-2.640972E-1,-1.495321E-2
8.866667E0,1.628127E-1,4.550059E-2,-1.624453E-2,1.390998E-3,-6.580301E-1,-2.326658E-2
8.900000E0,1.618633E-1,4.553467E-2,-4.658002E-2,9.612683E-4,-6.303540E-1,-3.272428E-3
8.933333E0,1.597073E-1,4.556468E-2,-6.206375E-2,1.169533E-3,-2.202143E-1,7.579830E-3
8.966667E0,1.577257E-1,4.561264E-2,-5.811915E-2,1.538131E-3,1.088534E-1,2.925320E-2
9.000000E0,1.558327E-1,4.566722E-2,-5.504837E-2,2.925563E-3,4.281614E-2,1.224225E-2
9.033333E0,1.540558E-1,4.580768E-2,-5.475175E-2,2.896385E-3,-9.427153E-2,-1.587839E-2
9.066667E0,1.521826E-1,4.586031E-2,-6.126903E-2,1.340612E-3,-1.742693E-1,-3.480735E-2
9.100000E0,1.499712E-1,4.589705E-2,-6.745461E-2,7.467808E-4,-7.443778E-2,9.861387E-3
9.133333E0,1.476856E-1,4.591010E-2,-6.616687E-2,1.738119E-3,4.542958E-2,2.698220E-2
9.166667E0,1.455600E-1,4.601293E-2,-6.360504E-2,2.994152E-3,1.077018E-1,6.732470E-3
9.200000E0,1.434453E-1,4.610971E-2,-5.980286E-2,2.085454E-3,2.696454E-2,-8.161601E-3
9.233333E0,1.415732E-1,4.615196E-2,-6.021242E-2,2.109102E-3,-7.836709E-2,-1.345862E-2
9.266667E0,1.394311E-1,4.625031E-2,-6.639875E-2,1.721148E-3,-6.888896E-2,-1.537870E-2
9.300000E0,1.371466E-1,4.626670E-2,-6.529964E-2,5.972534E-4,7.464262E-2,1.019213E-2
9.333333E0,1.350778E-1,4.629013E-2,-6.042635E-2,2.368499E-3,3.698576E-2,2.227767E-2
9.366667E0,1.331182E-1,4.642460E-2,-6.232374E-2,2.729597E-3,-1.199373E-1,-3.355388E-3
9.400000E0,1.309229E-1,4.647210E-2,-6.918979E-2,1.520504E-3,-4.510018E-2,-2.804855E-2
9.433333E0,1.285055E-1,4.652597E-2,-6.662051E-2,1.141149E-3,8.044428E-3,-3.799174E-3
9.466667E0,1.264816E-1,4.654818E-2,-6.576996E-2,1.061490E-3,1.221314E-1,-1.750424E-2
9.500000E0,1.241209E-1,4.659674E-2,-6.202147E-2,3.176345E-4,1.293683E-1,-7.006389E-3
9.533333E0,1.223468E-1,4.656936E-2,-5.382394E-2,8.329021E-5,2.967599E-1,-7.611542E-3
9.566667E0,1.205326E-1,4.660229E-2,-4.501125E-2,3.259500E-4,2.293061E-1,-2.401154E-3
9.600000E0,1.193460E-1,4.659109E-2,-3.574063E-2,-3.877694E-4,-5.726683E-2,-1.257544E-2
9.633333E0,1.181499E-1,4.657644E-2,-4.842362E-2,-4.334846E-4,-1.157846E-1,1.066598E-2
9.666667E0,1.161178E-1,4.656219E-2,-4.876442E-2,2.374225E-4,9.914469E-2,6.265325E-3
9.700000E0,1.148989E-1,4.659226E-2,-3.654089E-2,2.644365E-4,7.857354E-2,-3.289541E-3
9.733333E0,1.136817E-1,4.657982E-2,-4.416849E-2,-2.734042E-4,-8.817763E-2,-1.022640E-2
9.766667E0,1.119544E-1,4.657404E-2,-4.551086E-2,-2.820871E-4,5.024325E-2,1.665277E-3
9.800000E0,1.106477E-1,4.656101E-2,-3.808255E-2,-2.306209E-4,-1.186097E-1,7.626889E-3
9.833333E0,1.094155E-1,4.655866E-2,-5.187069E-2,2.429058E-4,-4.096647E-1,8.710763E-3
9.866667E0,1.071896E-1,4.657720E-2,-6.943279E-2,4.341793E-4,-2.540131E-1,-1.875873E-3
9.900000E0,1.047867E-1,4.658761E-2,-6.801603E-2,7.244421E-5,-2.125584E-1,-1.183735E-2
9.933333E0,1.026552E-1,4.658203E-2,-7.979574E-2,-3.761648E-4,-4.800562E-1,5.294088E-3
9.966667E0,9.946697E-2,4.656253E-2,-1.039455E-1,2.767934E-4,-7.594688E-1,1.360915E-2
1.000000E1,9.572554E-2,4.660049E-2,-1.282468E-1,8.486542E-4,-8.850933E-1,3.284223E-2
1.003333E1,9.091718E-2,4.661911E-2,-1.635779E-1,2.047569E-3,-1.347459E0,2.951745E-3
1.006667E1,8.482035E-2,4.673699E-2,-2.165121E-1,1.765318E-3,-1.729282E0,-1.080756E-2
1.010000E1,7.648304E-2,4.673680E-2,-2.812562E-1,5.315239E-4,-2.082122E0,-4.531832E-2
1.013333E1,6.606993E-2,4.677243E-2,-3.535377E-1,-6.095441E-4,-1.614453E0,-6.490104E-2
1.016667E1,5.291386E-2,4.669616E-2,-3.960049E-1,-4.093611E-3,-1.501475E-1,-1.031956E-1
1.020000E1,3.966961E-2,4.649952E-2,-3.629576E-1,-7.532081E-3,1.997298E0,-6.149300E-2
1.023333E1,2.871668E-2,4.619402E-2,-2.623109E-1,-8.497145E-3,3.090917E0,5.935272E-3
1.026667E1,2.218221E-2,4.593304E-2,-1.495157E-1,-6.851947E-3,2.460597E0,6.256562E-2
1.030000E1,1.874897E-2,4.573722E-2,-9.551689E-2,-4.358795E-3,8.901198E-1,4.978026E-2
1.033333E1,1.581442E-2,4.564246E-2,-9.385186E-2,-3.190212E-3,5.495358E-2,-5.115737E-3
1.036667E1,1.249218E-2,4.552454E-2,-9.521896E-2,-4.830808E-3,2.291671E-1,1.445802E-3
1.040000E1,9.466490E-3,4.532040E-2,-7.825963E-2,-3.752576E-3,6.661310E-1,1.480612E-2
1.043333E1,7.274870E-3,4.527437E-2,-5.010580E-2,-2.781299E-3,8.111458E-1,3.996728E-2
1.046667E1,6.126103E-3,4.513498E-2,-2.312140E-2,-2.121332E-3,6.746150E-1,2.671878E-2
1.050000E1,5.733443E-3,4.513295E-2,-5.082456E-3,-1.925396E-4,3.607294E-1,2.864221E-2
1.053333E1,5.787273E-3,4.512215E-2,1.269824E-3,-5.163038E-4,9.811453E-2,7.889326E-4
1.056667E1,5.818098E-3,4.509853E-2,4.683595E-4,-2.426333E-4,-1.958848E-2,8.350159E-3
1.060000E1,5.818497E-3,4.510597E-2,-1.010379E-4,2.037388E-4,-6.312901E-3,8.692205E-3
1.063333E1,5.811362E-3,4.511211E-2,4.360865E-5,2.546480E-4,6.365033E-3,4.569047E-4
1.066667E1,5.821404E-3,4.512295E-2,3.990772E-4,2.656101E-4,3.538196E-3,1.773517E-3
1.070000E1,5.837967E-3,4.512982E-2,2.989162E-4,3.283657E-4,1.143532E-3,-3.840742E-3
1.073333E1,5.841332E-3,4.514484E-2,3.667900E-4,1.026821E-4,-5.129600E-3,-3.416422E-3
1.076667E1,5.862420E-3,4.513666E-2,1.326197E-4,-4.488263E-5,-7.745435E-3,-2.308912E-3
1.080000E1,5.850173E-3,4.514185E-2,-3.350424E-4,6.817030E-5,-3.002230E-3,-1.100485E-3
1.083333E1,5.840084E-3,4.514121E-2,-2.632613E-5,-1.527258E-4,4.307498E-3,-2.227867E-3
1.086667E1,5.848418E-3,4.513166E-2,5.440221E-5,-1.285885E-4,-6.957894E-6,2.050037E-3
1.090000E1,5.843711E-3,4.513264E-2,-1.245417E-4,4.572818E-5,-3.411189E-3,4.372256E-3
1.093333E1,5.840115E-3,4.513471E-2,-1.362461E-4,1.347496E-4,1.897191E-3,-6.993727E-4
1.096667E1,5.834628E-3,4.514162E-2,-2.806219E-5,4.115235E-5,7.276265E-4,-9.444198E-4
1.100000E1,5.838244E-3,4.513746E-2,-2.551932E-5,-3.361089E-6,-1.858804E-3,1.697904E-3
1.103333E1,5.832926E-3,4.514140E-2,-2.035029E-4,2.009596E-4,1.028161E-3,-1.960532E-3
1.106667E1,5.824678E-3,4.515085E-2,1.247540E-5,-7.632796E-5,1.974089E-3,-2.244958E-3
1.110000E1,5.833758E-3,4.513631E-2,4.162277E-5,-1.100376E-4,1.174427E-3,-8.595952E-4
1.113333E1,5.827452E-3,4.514352E-2,-3.441315E-5,3.671546E-5,-2.641187E-3,4.204178E-3
1.116667E1,5.831464E-3,4.513875E-2,-3.506765E-5,4.539618E-5,1.599024E-3,-5.173783E-4
1.120000E1,5.825115E-3,4.514654E-2,-1.884283E-5,1.006854E-4,-2.693994E-4,-3.313507E-3
1.123333E1,5.830208E-3,4.514547E-2,3.503586E-5,-2.143975E-4,2.646256E-3,-2.988675E-3
1.126667E1,5.827450E-3,4.513225E-2,7.664297E-5,-1.646897E-4,-1.320515E-3,3.185627E-3
1.130000E1,5.835317E-3,4.513449E-2,3.768852E-5,8.732033E-5,1.625842E-3,2.475360E-3
1.133333E1,5.829963E-3,4.513807E-2,7.232383E-5,-1.017824E-5,-2.740426E-3,2.632849E-3
1.136667E1,5.840139E-3,4.513381E-2,-5.692064E-6,1.820385E-4,-3.909221E-3,2.943263E-3
1.140000E1,5.829583E-3,4.515021E-2,-3.111996E-4,3.164852E-4,-1.093793E-2,1.998391E-3
1.143333E1,5.819392E-3,4.515491E-2,-6.410064E-4,2.108615E-4,4.131677E-4,-4.474999E-3
1.146667E1,5.786850E-3,4.516427E-2,-4.547333E-4,9.038151E-5,1.557264E-2,-5.499288E-3
1.150000E1,5.789077E-3,4.516093E-2,5.281692E-4,-2.051082E-4,3.420319E-3,1.386097E-3
1.153333E1,5.822061E-3,4.515059E-2,-2.453518E-5,1.186703E-4,-8.837706E-3,7.498330E-4
1.156667E1,5.787441E-3,4.516885E-2,-4.943954E-4,5.308823E-5,-9.893051E-3,-1.251791E-3
1.160000E1,5.789101E-3,4.515413E-2,-3.295282E-4,-2.015981E-4,5.016876E-3,8.635270E-4
1.163333E1,5.765472E-3,4.515541E-2,-3.914124E-4,2.233647E-4,8.082930E-3,4.955980E-3
1.166667E1,5.763007E-3,4.516902E-2,3.007020E-4,1.800781E-4,1.710977E-2,-3.501989E-3
1.170000E1,5.785519E-3,4.516741E-2,7.939887E-4,-9.513866E-5,2.829830E-3,-3.594778E-3
1.173333E1,5.815940E-3,4.516268E-2,5.250875E-4,-5.300507E-5,-3.909803E-3,-4.295726E-3
1.176667E1,5.820525E-3,4.516388E-2,3.721542E-4,-3.012681E-4,-6.013936E-3,-2.194973E-3
1.180000E1,5.840750E-3,4.514260E-2,2.915706E-4,-3.496313E-4,-3.986273E-3,2.111394E-3
1.183333E1,5.839963E-3,4.514057E-2,-1.796618E-5,-3.369894E-5,-7.502246E-3,5.632452E-3
1.186667E1,5.839552E-3,4.514035E-2,-1.432410E-4,-7.509955E-6,1.932723E-3,2.102459E-3
1.190000E1,5.830414E-3,4.514007E-2,2.931916E-5,8.847739E-5,1.263164E-3,3.444087E-4
1.193333E1,5.841507E-3,4.514625E-2,8.218048E-5,6.104134E-5,-1.026598E-3,1.193632E-3
1.196667E1,5.835892E-3,4.514414E-2,-1.558720E-4,9.592713E-5,-9.225058E-3,4.261240E-3
1.200000E1,5.831115E-3,4.515264E-2,-4.496679E-4,3.892354E-4,-1.271713E-3,7.637309E-3
1.203333E1,5.805915E-3,4.517009E-2,-3.832332E-4,6.084692E-4,5.228775E-3,1.290994E-3
1.206667E1,5.805566E-3,4.519321E-2,4.173929E-5,5.071279E-4,4.232133E-3,-6.999460E-4
1.210000E1,5.808697E-3,4.520389E-2,-1.102678E-4,4.743838E-4,-5.241188E-3,-5.281934E-3
1.213333E1,5.798215E-3,4.522483E-2,-3.660912E-4,2.758982E-4,-1.268422E-2,7.750627E-3
1.216667E1,5.784291E-3,4.522229E-2,-8.759979E-4,7.503777E-4,-7.978519E-3,-1.887119E-3
1.220000E1,5.739815E-3,4.527486E-2,-1.060641E-3,5.791820E-4,1.481453E-2,-1.518069E-2
1.223333E1,5.713582E-3,4.526090E-2,1.249976E-4,-6.341263E-4,2.191344E-2,-1.795256E-2
1.226667E1,5.748149E-3,4.523258E-2,6.736479E-4,-5.757412E-4,-1.164565E-2,1.103950E-2
1.230000E1,5.758492E-3,4.522252E-2,-7.360114E-4,1.467277E-4,-5.671246E-2,7.890081E-3
1.233333E1,5.699081E-3,4.524236E-2,-3.157729E-3,1.088649E-4,-4.012900E-2,9.569038E-3
1.236667E1,5.547976E-3,4.522977E-2,-3.764578E-3,4.616389E-4,3.307157E-2,-6.559768E-3
1.240000E1,5.448109E-3,4.527314E-2,-8.442700E-4,1.458815E-4,5.841013E-2,-1.392884E-2
1.243333E1,5.491692E-3,4.523950E-2,7.185495E-4,-9.284253E-4,2.181425E-2,-1.496334E-2
1.246667E1,5.496013E-3,4.521125E-2,1.337679E-4,-6.865847E-4,-1.343876E-2,8.751935E-3
1.250000E1,5.500609E-3,4.519373E-2,-6.330852E-5,-3.373704E-4,-1.142698E-2,1.276996E-2
1.253333E1,5.491792E-3,4.518875E-2,-6.334136E-4,1.524117E-4,-2.291846E-2,1.224847E-2
1.256667E1,5.458382E-3,4.520389E-2,-1.584664E-3,5.279326E-4,-1.236726E-2,2.889369E-4
1.260000E1,5.386148E-3,4.522395E-2,-1.646017E-3,2.062176E-4,3.602411E-2,-3.051652E-2
1.263333E1,5.348647E-3,4.521764E-2,7.772462E-4,-1.450006E-3,3.994657E-2,-1.713043E-2
1.266667E1,5.437964E-3,4.512728E-2,1.635328E-3,-1.423361E-3,-3.813630E-5,1.850274E-2
1.270000E1,5.457669E-3,4.512275E-2,2.529342E-4,2.729461E-4,,
1.273333E1,5.454826E-3,4.514548E-2,,,,
