	mass A						
t	x	y	vx	vy	ax	ay	
0.000	206.8	37.29				
0.033	206.8	37.29	3.103E-2	5.646E-2		
0.067	206.8	37.29	2.191E-2	0.148	0.923	-5.486
0.100	206.8	37.30	9.796E-2	-0.223	0.882	-2.400
0.133	206.8	37.28	9.827E-2	-0.218	1.175	-1.534
0.167	206.8	37.28	0.142	-8.401E-2	-0.295	4.198
0.200	206.8	37.27	0.128	-0.135	-1.282	0.852
0.233	206.8	37.27	1.339E-2	0.102	0.622	3.651
0.267	206.8	37.28	0.160	6.064E-2	0.206	-1.460
0.300	206.8	37.28	0.102	1.375E-2	2.872	-1.675
0.333	206.8	37.28	0.222	-5.789E-2	1.168	0.558
0.367	206.8	37.28	0.336	3.128E-2	0.539	3.314
0.400	206.8	37.28	0.145	0.195	-0.226	-2.270
0.433	206.8	37.29	0.336	-7.884E-2	2.238	-5.459
0.467	206.9	37.27	0.358	-0.283	-3.438	-2.079
0.500	206.9	37.27	6.371E-2	-0.143	-8.042	1.376
0.533	206.9	37.27	-0.187	-0.190	-5.692	1.259
0.567	206.9	37.26	-0.318	-0.105	-4.135	3.513
0.600	206.8	37.26	-0.444	9.342E-2	0.202	2.898
0.633	206.8	37.26	-0.353	8.481E-2	3.833	0.862
0.667	206.8	37.26	-0.128	0.118	2.398	1.203
0.700	206.8	37.27	-0.193	0.197	-0.667	0.804
0.733	206.8	37.28	-0.219	0.162	2.008	-1.420
0.767	206.8	37.28	-3.639E-2	9.966E-2	0.523	-1.978
0.800	206.8	37.28	-0.137	3.038E-2	-3.932	-1.779
0.833	206.8	37.28	-0.368	-2.209E-2	9.171E-3	2.358E-2
0.867	206.8	37.28	-0.150	2.353E-2	5.257	1.321
0.900	206.8	37.29	6.113E-2	8.602E-2	4.123	1.527
0.933	206.8	37.29	7.370E-2	0.113	-3.024	0.456
0.967	206.8	37.29	-9.169E-2	0.126	-1.089	0.673
1.000	206.8	37.30	-9.610E-2	0.145	2.345	-0.551
1.033	206.8	37.30	0.149	0.110	1.350	1.955
1.067	206.8	37.30	1.261E-3	0.225	-3.657	-1.237
1.100	206.8	37.32	-0.157	0.130	-1.252	-3.286
1.133	206.8	37.31	-5.824E-2	-0.106	5.192	-5.096
1.167	206.8	37.31	0.182	-0.146	14.87	39.52
1.200	206.8	37.30	0.894	2.158	27.29	47.84
1.233	206.8	37.45	2.045	3.838	-8.633	36.92
1.267	206.9	37.56	0.694	3.958	-30.05	-11.58
1.300	206.9	37.72	-0.688	3.576	-79.79	-6.836
1.333	206.9	37.80	-3.671	2.955	-252.5	-27.70
1.367	206.6	37.91	-17.20	2.254	-280.6	-20.78
1.400	205.7	37.95	-25.02	1.099	-164.2	9.370
1.433	205.0	37.99	-25.70	2.867	-149.8	20.49
1.467	204.0	38.14	-35.17	3.111	-259.6	-1.587
1.500	202.6	38.20	-44.17	2.079	-184.5	-31.19
1.533	201.1	38.28	-47.11	1.471	-255.7	-13.33
1.567	199.5	38.29	-59.38	0.819	-303.9	17.37
1.600	197.1	38.33	-70.68	2.641	-235.2	22.04
1.633	194.8	38.47	-72.91	2.859	-380.0	-7.357
1.667	192.3	38.52	-94.14	1.567	-811.5	-29.58
1.700	188.5	38.57	-129.6	1.133	-1.085E3	2.711
1.733	183.6	38.60	-165.8	1.508	-976.9	-17.58
1.767	177.4	38.67	-196.3	0.511	-629.3	-37.01
1.800	170.5	38.63	-208.0	-1.554	-380.3	-34.85
1.833	163.6	38.57	-218.9	-1.651	-197.7	-21.88
1.867	155.9	38.52	-224.6	-2.749	362.7	-36.53
1.900	148.6	38.39	-195.5	-4.412	1.191E3	-26.27
1.933	142.9	38.23	-142.8	-4.483	1.282E3	-10.72
1.967	139.1	38.09	-106.7	-4.871	509.2	2.067
2.000	135.8	37.90	-109.1	-4.723	-52.56	-19.41
2.033	131.8	37.77	-115.0	-5.569	-2.931	-39.59
2.067	128.1	37.53	-107.0	-7.890	369.1	-44.34
2.100	124.7	37.25	-91.67	-8.458	484.5	18.79
2.133	122.0	36.97	-72.83	-6.775	433.5	71.55
2.167	119.8	36.80	-62.88	-3.462	457.1	85.10
2.200	117.8	36.74	-44.70	-0.977	688.7	66.34
2.233	116.8	36.73	-15.09	0.817	639.8	31.91
2.267	116.8	36.79	-0.189	1.373	260.0	-2.544
2.300	116.8	36.82	0.346	0.458	6.158	-9.099
2.333	116.8	36.82	0.172	0.595	-0.534	1.912
2.367	116.8	36.86	0.226	0.885	-0.846	0.699
2.400	116.9	36.88	0.239	0.465	-1.114	-8.509
2.433	116.9	36.89	5.122E-2	0.350	-1.838	-3.821
2.467	116.9	36.90	0.148	0.223	2.890	-3.273
2.500	116.9	36.91	0.252	0.114	1.791	-4.395
2.533	116.9	36.91	0.272	-4.305E-2	-2.448	-1.205
2.567	116.9	36.91	9.935E-2	-2.459E-2	-2.239	-0.717
2.600	116.9	36.91	6.510E-2	-7.131E-3	-0.205	-3.396
2.633	116.9	36.91	0.147	-0.292	1.256	0.954
2.667	116.9	36.89	0.120	-2.477E-2	-2.462	6.011
2.700	116.9	36.90	8.070E-3	0.266	-2.604	4.477
2.733	116.9	36.91	-9.299E-2	0.175	-0.627	-2.464
2.767	116.9	36.92	-1.803E-2	0.138	1.675	-1.721
2.800	116.9	36.92	3.170E-2	3.997E-2	-0.730	8.109E-3
2.833	116.9	36.92	-6.273E-2	0.124	-0.843	1.315
2.867	116.9	36.93	-6.253E-2	0.173	0.718	0.438
2.900	116.9	36.93	2.437E-2	0.118	0.910	-2.108
2.933	116.9	36.93	-1.119E-2	5.439E-2	-1.917	-1.828
2.967	116.9	36.93	-0.103	-2.478E-2	-0.687	-0.494
3.000	116.9	36.93	-8.135E-2	2.173E-2	2.612	0.994
3.033	116.9	36.93	9.004E-2	6.031E-2	1.426	1.904
3.067	116.9	36.94	4.633E-2	0.125	-1.275	0.216
3.100	116.9	36.94	-5.071E-2	0.113	-0.673	-1.285
3.133	116.9	36.94	2.490E-2	3.894E-3	3.381	-4.131
3.167	116.9	36.94	0.166	-0.136	-0.217	-2.879
3.200	116.9	36.93	6.307E-2	-0.226	-2.289	0.668
3.233	116.9	36.93	-6.959E-2	-8.044E-2	-2.835	4.295
3.267	116.9	36.93	-6.610E-2	8.044E-2	-0.149	1.916
3.300	116.9	36.93	-0.113	5.608E-2	-7.710E-2	-0.931
3.333	116.9	36.93	-5.945E-2	-1.083E-2	0.982	-1.502
3.367	116.9	36.93	-3.996E-2	-2.801E-2	-1.668	2.851
3.400	116.9	36.93	-0.163	0.143	0.150	-0.231
3.433	116.9	36.94	-8.675E-2	5.632E-2	3.392	-2.203
3.467	116.9	36.93	0.129	-0.126	3.036	-3.786
3.500	116.9	36.93	0.105	-0.115	-0.948	0.603
3.533	116.9	36.93	4.704E-2	-0.135	-1.718	-0.490
3.567	116.9	36.92	2.025E-3	-0.110	-1.616	2.071
3.600	116.9	36.92	-6.728E-2	-3.520E-2	-0.463	0.856
3.633	116.9	36.92	-3.957E-2	-1.682E-3	1.586	-0.560
3.667	116.9	36.92	5.369E-2	-0.109	1.802	-0.441
3.700	116.9	36.92	8.375E-2	-3.994E-2	-2.011	2.501
3.733	116.9	36.92	-6.679E-2	8.396E-2	-2.727	1.899
3.767	116.9	36.92	-0.147	8.571E-2	0.321	-1.894
3.800	116.9	36.92	-1.628E-2	-4.054E-2	1.890	0.263
3.833	116.9	36.92	-3.419E-3	5.195E-2	1.151	-8.238E-2
3.867	116.9	36.93	2.346E-2	5.002E-2	0.836	0.440
3.900	116.9	36.92	8.616E-2	-1.868E-2	0.225	-2.116
3.933	116.9	36.92	2.712E-2	-1.144E-2	-2.114	-0.509
3.967	116.9	36.92	-5.721E-2	-0.107	-1.276	-1.112
4.000	116.9	36.92	-6.943E-2	-6.560E-2	-3.589	1.083
4.033	116.9	36.92	-0.251	-3.370E-2	0.247	0.485
4.067	116.9	36.92	-0.162	-3.123E-2	2.078	2.026
4.100	116.9	36.91	2.169E-2	7.966E-2	5.413	1.315
4.133	116.9	36.92	9.477E-2	0.106	0.252	-2.651
4.167	116.9	36.92	0.132	-0.122	0.876	-1.078
4.200	116.9	36.91	6.874E-2	-2.385E-2	-1.521	1.646
4.233	116.9	36.92	8.894E-2	8.970E-2	0.423	2.040
4.267	116.9	36.92	5.816E-2	3.602E-2	-0.536	-2.624
4.300	116.9	36.92	7.756E-2	-3.107E-2	0.337	2.365
4.333	116.9	36.92	6.764E-2	0.108	5.365	23.34
4.367	116.9	36.93	0.396	1.466	3.062	10.89
4.400	116.9	37.01	0.405	1.287	-6.913	-21.27
4.433	116.9	37.01	-0.162	-0.408	-11.51	-32.24
4.467	116.9	36.99	-0.395	-0.808	-3.637	-2.478
4.500	116.9	36.96	-0.361	-0.538	3.675	5.883
4.533	116.9	36.95	-0.176	-0.345	5.629	3.244
4.567	116.9	36.94	5.481E-2	-0.373	5.509	-0.361
4.600	116.9	36.93	0.173	-0.356	1.808	5.486
4.633	116.9	36.91	0.191	-5.396E-2		
4.667	116.9	36.92				
