,mass A,,,,,,
t,x,y,vx,vy,ax,ay,
8.900000E0,1.949623E-1,4.451451E-2,,,,
8.933333E0,1.949691E-1,4.450174E-2,-1.702936E-4,-4.283525E-5,,
8.966667E0,1.949509E-1,4.451165E-2,-2.821876E-5,1.294697E-4,2.677003E-3,-5.740496E-4
9.000000E0,1.949672E-1,4.451037E-2,2.440841E-4,-1.602256E-4,5.018590E-4,-1.334078E-3
9.033333E0,1.949672E-1,4.450097E-2,-1.210114E-4,-9.295025E-6,-5.377987E-3,2.910268E-3
9.066667E0,1.949591E-1,4.450975E-2,-1.301118E-4,1.459488E-4,7.586939E-4,3.336588E-3
9.100000E0,1.949585E-1,4.451070E-2,-2.082446E-5,1.265524E-4,3.603908E-3,-5.642017E-3
9.133333E0,1.949577E-1,4.451819E-2,7.883003E-5,-1.340802E-4,1.064462E-3,3.644000E-5
9.166667E0,1.949638E-1,4.450176E-2,9.238253E-5,-5.072693E-5,-4.799676E-3,1.834205E-3
9.200000E0,1.949639E-1,4.451481E-2,-2.454882E-4,1.939967E-4,-1.543849E-3,5.289427E-3
9.233333E0,1.949474E-1,4.451469E-2,-1.222736E-4,1.591032E-4,6.282358E-3,-7.378051E-3
9.266667E0,1.949557E-1,4.452542E-2,3.071882E-4,-1.551166E-4,6.733380E-3,-3.094653E-3
9.300000E0,1.949679E-1,4.450435E-2,2.990323E-4,-2.598011E-4,-2.764331E-3,1.606060E-3
9.333333E0,1.949757E-1,4.450810E-2,1.133323E-4,1.246109E-4,-9.402652E-3,7.092651E-3
9.366667E0,1.949754E-1,4.451266E-2,-3.097024E-4,1.601022E-4,-4.846087E-3,4.510417E-4
9.400000E0,1.949550E-1,4.451877E-2,-3.206268E-4,1.625019E-4,-3.092895E-4,-3.764665E-3
9.433333E0,1.949541E-1,4.452349E-2,-1.819358E-4,-6.988370E-5,1.117138E-2,-4.686538E-3
9.466667E0,1.949429E-1,4.451411E-2,2.545738E-4,-2.166918E-4,5.133748E-3,2.854878E-3
9.500000E0,1.949710E-1,4.450905E-2,4.122506E-4,1.290591E-4,2.154204E-3,1.237231E-2
9.533333E0,1.949704E-1,4.452271E-2,1.643563E-4,6.454936E-4,-7.382676E-3,1.580917E-2
9.566667E0,1.949820E-1,4.455208E-2,7.352674E-5,1.169011E-3,-2.866993E-3,8.654109E-3
9.600000E0,1.949753E-1,4.460065E-2,-1.402320E-4,1.294325E-3,-1.086024E-2,9.005953E-4
9.633333E0,1.949726E-1,4.463837E-2,-5.295196E-4,1.140194E-3,2.975909E-3,1.835667E-2
9.666667E0,1.949400E-1,4.467666E-2,-1.917488E-4,2.369416E-3,-1.725366E-2,1.512446E-2
9.700000E0,1.949599E-1,4.479633E-2,-1.141986E-3,2.632780E-3,-1.951591E-1,3.072367E-3
9.733333E0,1.948639E-1,4.485218E-2,-1.244515E-2,2.069994E-3,-5.958415E-1,-2.395964E-2
9.766667E0,1.941302E-1,4.493433E-2,-4.068187E-2,1.432385E-3,-6.155058E-1,-9.009593E-3
9.800000E0,1.921517E-1,4.494767E-2,-5.768555E-2,1.028379E-3,-1.681645E-1,1.764243E-2
9.833333E0,1.902845E-1,4.500289E-2,-4.965741E-2,2.775579E-3,1.543792E-1,2.655332E-2
9.866667E0,1.888412E-1,4.513271E-2,-4.550008E-2,3.136871E-3,8.957621E-3,-2.608963E-3
9.900000E0,1.872511E-1,4.521201E-2,-5.023623E-2,2.244488E-3,-1.407690E-1,-1.695102E-2
9.933333E0,1.854922E-1,4.528234E-2,-5.497833E-2,2.080772E-3,-1.526770E-1,1.088246E-2
9.966667E0,1.835859E-1,4.535073E-2,-6.024671E-2,2.864729E-3,-7.733063E-2,1.375184E-3
1.000000E1,1.814757E-1,4.547333E-2,-6.101915E-2,2.567538E-3,-3.986722E-3,-5.428634E-3
1.003333E1,1.795180E-1,4.552190E-2,-5.933562E-2,1.992916E-3,-2.509589E-2,-1.690446E-2
1.006667E1,1.775200E-1,4.560619E-2,-6.278496E-2,1.849277E-3,-1.191978E-1,1.558223E-2
1.010000E1,1.753323E-1,4.564519E-2,-6.771161E-2,2.562228E-3,-7.458370E-2,1.088229E-2
1.013333E1,1.730059E-1,4.577700E-2,-6.817622E-2,3.180204E-3,-2.904545E-2,-1.439211E-3
1.016667E1,1.707872E-1,4.585720E-2,-6.859769E-2,2.091135E-3,1.147301E-2,-2.958725E-2
1.020000E1,1.684327E-1,4.591641E-2,-6.852593E-2,1.296886E-3,4.814336E-2,8.858361E-3
1.023333E1,1.662188E-1,4.594366E-2,-6.473448E-2,2.368144E-3,-2.252057E-2,1.884486E-2
1.026667E1,1.641171E-1,4.607429E-2,-6.899876E-2,3.171528E-3,-7.852686E-2,-4.205552E-3
1.030000E1,1.616189E-1,4.615509E-2,-7.228823E-2,1.749154E-3,-6.178204E-2,-3.556191E-2
1.033333E1,1.592979E-1,4.619090E-2,-7.127443E-2,7.595617E-4,-5.101134E-2,-1.749816E-2
1.036667E1,1.568673E-1,4.620573E-2,-7.608527E-2,5.711529E-4,-9.903019E-2,2.864759E-5
1.040000E1,1.542255E-1,4.622897E-2,-7.863523E-2,8.243036E-4,1.263438E-1,3.282952E-2
1.043333E1,1.516249E-1,4.626068E-2,-6.840615E-2,2.549713E-3,9.826340E-2,1.754590E-2
1.046667E1,1.496651E-1,4.639896E-2,-6.809772E-2,2.647014E-3,-6.203868E-2,-1.025186E-2
1.050000E1,1.470851E-1,4.643715E-2,-7.667633E-2,1.201138E-3,-8.202543E-2,-2.737567E-2
1.053333E1,1.445534E-1,4.647903E-2,-7.252058E-2,1.077711E-3,1.437255E-1,-8.884721E-3
1.056667E1,1.422504E-1,4.650900E-2,-6.657643E-2,5.935382E-4,-8.526181E-2,-2.007616E-2
1.060000E1,1.401149E-1,4.651860E-2,-7.623803E-2,-2.461599E-4,-2.666339E-1,-4.820023E-3
1.063333E1,1.371679E-1,4.649259E-2,-8.821703E-2,4.528298E-5,-3.390124E-1,-3.250150E-4
1.066667E1,1.342338E-1,4.652162E-2,-9.591630E-2,1.476896E-4,-3.900983E-1,4.415796E-3
1.070000E1,1.307734E-1,4.650244E-2,-1.149199E-1,-5.873433E-5,-7.341818E-1,-5.186756E-3
1.073333E1,1.265725E-1,4.651770E-2,-1.442983E-1,1.035222E-4,-9.914166E-1,-2.217324E-3
1.076667E1,1.211536E-1,4.650934E-2,-1.818870E-1,-3.653434E-4,-1.350589E0,-2.065643E-2
1.080000E1,1.144467E-1,4.649335E-2,-2.327425E-1,-1.158604E-3,-1.486886E0,-3.349589E-2
1.083333E1,1.056374E-1,4.643210E-2,-2.843899E-1,-2.658733E-3,-1.467356E0,-4.672904E-2
1.086667E1,9.548734E-2,4.631610E-2,-3.283941E-1,-4.295066E-3,-1.360886E0,-2.967305E-2
1.090000E1,8.374445E-2,4.614576E-2,-3.757211E-1,-4.797225E-3,-3.901977E-1,-2.778729E-2
1.093333E1,7.043926E-2,4.599628E-2,-3.628729E-1,-5.759506E-3,1.621086E0,-3.405880E-2
1.096667E1,5.955293E-2,4.576179E-2,-2.630163E-1,-7.421614E-3,3.023010E0,-7.954206E-3
1.100000E1,5.290484E-2,4.550151E-2,-1.547438E-1,-6.416930E-3,2.405238E0,4.588882E-2
1.103333E1,4.923668E-2,4.533400E-2,-1.003614E-1,-4.048996E-3,9.775705E-1,2.503186E-2
1.106667E1,4.621408E-2,4.523158E-2,-9.287702E-2,-4.468542E-3,2.464771E-2,-6.662356E-3
1.110000E1,4.304488E-2,4.503609E-2,-1.000232E-1,-5.135603E-3,9.049423E-2,-1.552323E-2
1.113333E1,3.954587E-2,4.488920E-2,-9.007166E-2,-5.009625E-3,5.548138E-1,3.575987E-2
1.116667E1,3.704010E-2,4.470212E-2,-6.020984E-2,-3.351060E-3,8.917730E-1,2.289303E-2
1.120000E1,3.553188E-2,4.466580E-2,-3.056990E-2,-2.543466E-3,7.624783E-1,2.939313E-2
1.123333E1,3.500210E-2,4.453255E-2,-8.393630E-3,-2.363396E-3,4.596954E-1,2.162978E-2
1.126667E1,3.497231E-2,4.450824E-2,-4.509080E-6,-4.647587E-4,1.490788E-1,3.463139E-2
1.130000E1,3.500180E-2,4.450157E-2,7.473600E-4,-2.108831E-4,1.034151E-2,1.158148E-2
1.133333E1,3.502213E-2,4.449418E-2,5.299528E-4,2.054168E-4,-6.199186E-3,4.992125E-3
1.136667E1,3.503713E-2,4.451526E-2,3.458303E-4,2.938852E-4,-3.443201E-3,-1.530468E-3
1.140000E1,3.504518E-2,4.451377E-2,2.769487E-4,-5.318734E-5,-4.659643E-4,-4.845386E-3
1.143333E1,3.505560E-2,4.451172E-2,3.363589E-4,7.028329E-6,-3.562996E-3,1.419059E-3
1.146667E1,3.506761E-2,4.451424E-2,8.110249E-5,6.390836E-5,-6.270254E-3,2.322284E-3
1.150000E1,3.506100E-2,4.451598E-2,-1.690293E-4,1.366177E-4,-4.201712E-3,-1.110369E-3
1.153333E1,3.505634E-2,4.452335E-2,-1.494399E-4,4.136873E-5,3.118625E-3,-1.610834E-3
1.156667E1,3.505104E-2,4.451874E-2,8.127688E-6,-4.720402E-5,5.797926E-5,-2.953532E-3
1.160000E1,3.505688E-2,4.452020E-2,-6.251118E-5,-8.535068E-5,7.118641E-4,-3.876268E-3
1.163333E1,3.504687E-2,4.451305E-2,-6.921289E-5,-3.379630E-4,-5.225983E-4,6.033288E-4
1.166667E1,3.505227E-2,4.449767E-2,2.251906E-5,-1.118193E-4,-7.479508E-4,6.097289E-3
1.170000E1,3.504838E-2,4.450559E-2,-1.824925E-4,1.924469E-4,3.241674E-3,3.479864E-3
1.173333E1,3.504010E-2,4.451050E-2,1.787601E-4,6.857119E-5,3.769596E-3,-1.603980E-3
1.176667E1,3.506029E-2,4.451016E-2,2.508835E-4,5.954509E-5,-3.487940E-3,1.605395E-4
1.180000E1,3.505683E-2,4.451447E-2,-2.021243E-4,1.127592E-4,-6.380523E-3,-5.827903E-4
1.183333E1,3.504682E-2,4.451768E-2,-1.703963E-4,1.733282E-5,3.431519E-3,-3.021716E-3
1.186667E1,3.504547E-2,4.451563E-2,6.299432E-5,-1.030046E-4,2.333906E-3,-1.381366E-3
1.190000E1,3.505102E-2,4.451081E-2,1.749686E-5,-8.391852E-5,1.323269E-3,7.432624E-4
1.193333E1,3.504663E-2,4.451003E-2,6.568764E-5,-2.943292E-5,9.699907E-4,2.602541E-3
1.196667E1,3.505540E-2,4.450885E-2,1.726724E-4,6.492452E-5,-2.308942E-3,-4.893939E-4
1.200000E1,3.505815E-2,4.451436E-2,-1.141010E-4,-7.830295E-6,-4.570386E-3,1.024295E-3
1.203333E1,3.504779E-2,4.450833E-2,-1.922197E-4,3.814705E-5,4.791354E-4,-1.021053E-4
1.206667E1,3.504533E-2,4.451690E-2,-2.692447E-5,9.573024E-5,2.685421E-3,-1.208977E-3
1.210000E1,3.504599E-2,4.451471E-2,-1.214952E-5,-1.131017E-4,1.322654E-3,-1.404209E-3
1.213333E1,3.504452E-2,4.450936E-2,3.419714E-5,-9.872841E-6,1.732041E-3,2.048490E-3
1.216667E1,3.504827E-2,4.451405E-2,1.280927E-4,8.169885E-5,-1.683552E-3,-1.279682E-3
1.220000E1,3.505306E-2,4.451481E-2,-5.626877E-5,-1.140404E-4,-1.544414E-3,-1.076711E-3
1.223333E1,3.504452E-2,4.450645E-2,-6.192012E-5,-4.945950E-5,-1.119081E-5,2.448788E-4
1.226667E1,3.504893E-2,4.451151E-2,4.017481E-5,8.848287E-7,1.081031E-3,2.526897E-3
1.230000E1,3.504720E-2,4.450651E-2,-4.490888E-5,2.247433E-5,-1.710840E-3,1.350371E-3
1.233333E1,3.504594E-2,4.451301E-2,-5.611713E-5,1.659197E-4,5.717308E-5,8.297004E-4
1.236667E1,3.504346E-2,4.451757E-2,-5.068498E-5,5.633299E-5,-5.265579E-4,-1.537788E-3
1.240000E1,3.504256E-2,4.451677E-2,-7.500574E-5,3.596257E-5,3.028813E-3,-5.570898E-3
1.243333E1,3.503846E-2,4.451997E-2,1.020081E-4,-2.385685E-4,-3.164405E-4,1.389372E-3
1.246667E1,3.504936E-2,4.450086E-2,1.902981E-5,-5.032387E-5,-4.398593E-3,3.535747E-3
1.250000E1,3.503973E-2,4.451661E-2,-3.085602E-4,2.291389E-4,-4.451283E-3,3.536462E-3
1.253333E1,3.502879E-2,4.451614E-2,-2.504396E-4,3.424568E-5,4.657695E-3,-5.701642E-3
1.256667E1,3.502303E-2,4.451890E-2,2.010228E-6,-7.917945E-5,4.641123E-3,-1.536428E-3
1.260000E1,3.502892E-2,4.451086E-2,1.076459E-4,-1.363693E-4,2.517581E-3,1.339637E-3
1.263333E1,3.503021E-2,4.450981E-2,1.143336E-4,5.136114E-5,6.728070E-5,2.166451E-3
1.266667E1,3.503655E-2,4.451428E-2,1.494500E-4,3.147715E-5,-1.329463E-3,-1.450290E-3
1.270000E1,3.504017E-2,4.451190E-2,1.646042E-5,-8.465123E-5,-3.390074E-3,4.455726E-4
1.273333E1,3.503764E-2,4.450864E-2,-9.447795E-5,5.081683E-5,-1.541757E-3,1.785831E-3
1.276667E1,3.503387E-2,4.451529E-2,-8.277097E-5,9.390833E-5,4.800037E-3,1.684184E-3
1.280000E1,3.503212E-2,4.451490E-2,2.006733E-4,9.622058E-5,1.095553E-3,6.679520E-4
1.283333E1,3.504725E-2,4.452171E-2,1.077094E-4,1.868687E-4,-5.870024E-4,-1.076258E-3
1.286667E1,3.503931E-2,4.452736E-2,-6.623532E-6,2.476642E-5,1.715003E-3,-2.140568E-3
1.290000E1,3.504681E-2,4.452336E-2,3.236398E-4,-1.037649E-5,3.753233E-3,5.309031E-3
1.293333E1,3.506088E-2,4.452667E-2,2.615582E-4,3.892672E-4,-1.126573E-2,1.976079E-2
1.296667E1,3.506425E-2,4.454931E-2,-4.138120E-4,1.287351E-3,-8.066292E-3,-5.820753E-3
1.300000E1,3.503329E-2,4.461249E-2,-4.663767E-4,3.537504E-4,3.959126E-3,-2.241456E-2
1.303333E1,3.503316E-2,4.457289E-2,4.825584E-5,-7.909928E-4,1.143263E-2,-1.681806E-2
1.306667E1,3.503651E-2,4.455976E-2,2.267241E-4,-4.288476E-4,2.483781E-3,8.065714E-3
1.310000E1,3.504827E-2,4.454430E-2,2.561797E-4,-3.378759E-4,-2.616518E-3,2.344379E-3
1.313333E1,3.505359E-2,4.453723E-2,2.578505E-5,-2.292232E-4,-3.603733E-3,3.799996E-3
1.316667E1,3.504999E-2,4.452902E-2,-2.092648E-5,-1.247521E-4,,
1.320000E1,3.505219E-2,4.452891E-2,,,,
