	mass A						
t	x	y	vx	vy	ax	ay	
0.000	224.9	37.86				
0.033	224.9	37.87	6.236E-2	0.104		
0.067	224.9	37.87	1.123E-2	-3.083E-2	0.872	-2.764
0.100	224.9	37.87	3.689E-2	-9.161E-2	-0.180	0.246
0.133	224.9	37.86	8.991E-2	-1.253E-2	7.653E-3	2.160
0.167	224.9	37.87	-2.533E-2	6.997E-2	-1.314	-0.494
0.200	224.9	37.87	1.830E-2	-3.571E-2	0.696	-1.359
0.233	224.9	37.86	3.201E-2	-6.778E-2	-1.202	-0.262
0.267	224.9	37.86	-6.171E-2	-8.524E-3	-1.103	2.570
0.300	224.9	37.86	-6.926E-2	6.928E-2	1.416	-0.677
0.333	224.9	37.87	5.408E-2	3.733E-3	2.759	-1.594
0.367	224.9	37.86	0.120	-0.108	-3.589	0.580
0.400	224.9	37.86	-0.151	6.612E-2	-2.108	0.956
0.433	224.9	37.87	-0.143	6.164E-3	2.864	-0.100
0.467	224.9	37.86	0.160	-2.833E-2	3.342	-1.715
0.500	224.9	37.87	5.970E-2	-2.254E-2	-2.761	1.610
0.533	224.9	37.86	-5.862E-2	-2.866E-3	-0.265	-0.603
0.567	224.9	37.87	4.301E-2	2.060E-2	0.572	-0.400
0.600	224.9	37.86	2.681E-2	-9.279E-2	-5.459E-2	-2.785
0.633	224.9	37.86	-2.035E-2	-0.132	-0.216	1.454
0.667	224.9	37.85	5.080E-2	-3.747E-2	-0.144	2.755
0.700	224.9	37.86	-2.975E-2	0.105	-0.594	3.533
0.733	224.9	37.86	-2.310E-2	0.163	-0.725	-2.208
0.767	224.9	37.87	-2.947E-2	1.088E-2	1.000	-5.042
0.800	224.9	37.86	-1.052E-2	-0.241	-0.622	-1.266
0.833	224.9	37.85	-1.052E-2	-7.864E-2	0.140	4.048
0.867	224.9	37.86	-5.760E-2	9.185E-2	0.422	3.436
0.900	224.9	37.86	4.580E-2	0.110	0.392	-0.124
0.933	224.9	37.86	-1.476E-2	0.105	-0.277	-1.145
0.967	224.9	37.87	-2.066E-2	2.014E-2	-1.121	-1.257
1.000	224.9	37.86	-3.285E-2	1.263E-2	1.079	-0.557
1.033	224.9	37.87	-1.116E-2	3.418E-3	-0.237	-1.954
1.067	224.9	37.86	1.760E-2	-0.122	0.297	-2.039
1.100	224.9	37.86	-4.373E-2	-0.158	-1.426	2.348
1.133	224.9	37.85	-4.636E-2	3.942E-2	2.322	3.038
1.167	224.9	37.86	7.116E-2	9.383E-2	1.262	-1.231
1.200	224.9	37.86	0.107	-7.957E-2	0.552	-1.134
1.233	224.9	37.86	4.177E-2	-1.186E-2	-1.484	1.755
1.267	224.9	37.86	4.919E-2	9.618E-2	-2.206	1.590
1.300	224.9	37.86	-0.112	6.149E-2	-2.220	-0.901
1.333	224.9	37.86	-0.136	4.567E-2	1.413	-9.950E-2
1.367	224.9	37.86	1.373E-2	4.575E-2	2.971	-0.988
1.400	224.9	37.87	6.870E-2	-1.957E-3	2.291	-2.860
1.433	224.9	37.86	0.144	-0.155	-1.137	-4.796E-2
1.467	224.9	37.86	4.346E-2	-4.740E-2	-3.416	1.821
1.500	224.9	37.86	-0.147	4.773E-2	-2.096	1.894
1.533	224.9	37.86	-8.258E-2	1.424E-2	2.208	-3.318
1.567	224.9	37.86	1.799E-2	-0.114	0.394	0.296
1.600	224.9	37.85	-4.512E-2	-6.454E-2	2.220E-2	2.542
1.633	224.9	37.86	-2.673E-2	0.155	2.150	2.236
1.667	224.9	37.86	0.136	5.516E-2	1.552	-2.030
1.700	224.9	37.86	8.974E-2	-2.456E-3	-1.812	0.483
1.733	224.9	37.86	-1.897E-2	9.382E-2	-1.627	-0.522
1.767	224.9	37.87	-1.072E-2	4.742E-3	-1.469	-1.619
1.800	224.9	37.86	-9.500E-2	-8.283E-2	-1.277	-6.827E-2
1.833	224.9	37.86	-0.137	3.916E-2	2.288	-1.327
1.867	224.9	37.87	6.924E-2	-0.138	4.075	-1.570
1.900	224.9	37.85	0.173	-0.163	0.711	0.647
1.933	224.9	37.85	9.026E-2	-1.813E-3	-3.452	5.639
1.967	224.9	37.85	-4.927E-2	0.148	-3.300	-0.822
2.000	224.9	37.86	-0.151	4.254E-2	-1.024	0.328
2.033	224.9	37.86	-0.111	2.221E-2	6.847	3.406
2.067	224.9	37.87	0.270	0.376	14.38	27.09
2.100	224.9	37.88	0.896	1.645	23.99	30.37
2.133	224.9	37.98	1.814	2.740	17.34	10.91
2.167	225.0	38.06	2.222	2.237	-185.7	13.76
2.200	225.1	38.12	-9.128	3.335	-688.4	-1.183
2.233	224.4	38.29	-43.50	2.924	-951.2	-13.31
2.267	222.2	38.32	-76.23	1.597	-518.3	-14.59
2.300	219.3	38.39	-78.48	2.372	84.06	30.26
2.333	216.9	38.48	-67.70	3.451	107.6	-2.615
2.367	214.8	38.62	-70.44	2.670	-227.3	-18.04
2.400	212.2	38.66	-84.09	1.557	-283.5	-32.80
2.433	209.2	38.73	-90.67	1.042	-38.23	-8.537
2.467	206.2	38.73	-85.91	0.517	23.54	11.79
2.500	203.5	38.76	-87.32	2.009	-352.8	20.52
2.533	200.4	38.86	-109.2	2.180	-756.7	-21.77
2.567	196.2	38.91	-139.7	0.358	-860.8	-47.76
2.600	191.1	38.88	-166.4	-1.136	-585.9	-37.26
2.633	185.1	38.83	-180.2	-2.033	-397.8	-24.24
2.667	179.0	38.75	-190.2	-2.781	-439.0	-16.33
2.700	172.4	38.65	-210.2	-3.129	-437.2	-6.216
2.733	165.0	38.54	-221.3	-3.174	242.3	-11.96
2.767	157.7	38.43	-196.0	-3.819	1.083E3	-17.71
2.800	152.0	38.28	-145.5	-4.538	1.182E3	-11.78
2.833	148.0	38.13	-114.4	-4.535	576.9	-15.41
2.867	144.3	37.98	-109.0	-5.406	71.71	-39.75
2.900	140.7	37.77	-110.4	-7.320	131.1	-24.13
2.933	137.0	37.49	-101.9	-7.305	295.3	23.03
2.967	133.9	37.28	-88.40	-5.478	352.1	8.015
3.000	131.1	37.13	-79.39	-6.422	309.0	23.83
3.033	128.6	36.86	-67.82	-4.975	561.1	54.52
3.067	126.6	36.80	-43.42	-1.631	785.4	86.77
3.100	125.7	36.75	-13.04	0.148	629.7	39.92
3.133	125.7	36.81	-0.463	1.527	220.5	16.97
3.167	125.7	36.85	-0.119	0.999	5.326	-12.36
3.200	125.7	36.87	-4.508E-2	0.681	2.370	-8.156
3.233	125.7	36.89	-5.077E-2	0.489	1.459	-7.151
3.267	125.7	36.91	0.108	0.202	3.046	-5.845
3.300	125.7	36.91	0.138	6.613E-2	-2.775	0.389
3.333	125.7	36.91	-5.034E-2	0.239	-2.858	0.868
3.367	125.7	36.92	-0.126	0.189	1.094	-0.612
3.400	125.7	36.92	7.367E-2	0.106	3.084	-3.200
3.433	125.7	36.93	9.328E-2	5.831E-2	-1.074	0.462
3.467	125.7	36.93	-1.906E-2	5.349E-2	-0.189	-0.872
3.500	125.7	36.93	5.616E-2	8.429E-2	0.764	0.553
3.533	125.7	36.93	8.920E-2	2.432E-2	2.450	-4.067
3.567	125.7	36.94	0.152	-0.121	-1.256	-1.329
3.600	125.7	36.92	9.445E-2	-0.158	-1.455	1.602
3.633	125.7	36.93	-4.025E-2	5.827E-2	-2.579	3.277
3.667	125.7	36.93	-1.610E-2	5.520E-2	1.007	-0.339
3.700	125.7	36.93	-9.329E-3	1.541E-2	-0.256	-2.298
3.733	125.7	36.93	1.690E-4	-7.564E-2	0.401	-0.653
3.767	125.7	36.92	-1.240E-2	-7.144E-2	0.677	0.360
3.800	125.7	36.92	5.984E-2	-3.803E-3	1.994	1.589
3.833	125.7	36.92	0.120	4.244E-3	-2.135	-0.536
3.867	125.7	36.93	-5.066E-2	-1.407E-2	-3.002	1.968
3.900	125.7	36.92	-0.155	8.884E-2	-1.867	2.653
3.933	125.7	36.93	-0.112	0.222	2.970	7.980E-2
3.967	125.7	36.94	-7.492E-3	7.860E-2	2.874	-4.866
4.000	125.7	36.94	0.134	-0.118	1.430	-2.528
4.033	125.7	36.93	6.809E-2	-0.110	-0.992	1.183
4.067	125.7	36.93	5.093E-2	-3.871E-3	-0.926	2.083
4.100	125.7	36.93	3.061E-2	1.878E-2	-2.081	1.266
4.133	125.7	36.93	-9.717E-2	7.360E-2	-2.422	0.405
4.167	125.7	36.93	-0.148	6.622E-2	-0.308	-8.167E-2
4.200	125.7	36.93	-0.103	4.134E-2	4.922	-2.982
4.233	125.7	36.94	0.150	-9.265E-2	3.626	-1.252
4.267	125.7	36.93	0.224	-0.114	-1.132	0.676
4.300	125.7	36.93	4.875E-3	1.831E-2	-3.981	2.188
4.333	125.7	36.93	-3.890E-2	8.398E-3	-0.253	-0.571
4.367	125.7	36.93	-8.435E-4	-1.448E-2	-0.239	0.532
4.400	125.7	36.93	-4.286E-2	2.748E-2	-0.595	6.109E-2
4.433	125.7	36.93	-6.659E-2	2.200E-2	0.433	0.214
4.467	125.7	36.93	1.580E-3	4.303E-3	1.973	-0.182
4.500	125.7	36.93	6.343E-2	3.821E-2	-1.686	1.008
4.533	125.7	36.93	-8.081E-2	5.325E-2	-0.989	-0.791
4.567	125.7	36.94	-8.236E-2	9.469E-3	-0.835	-0.626
4.600	125.7	36.93	-4.219E-2	-2.254E-2	2.156	-1.074
4.633	125.7	36.93	-2.383E-2	-2.995E-2	0.654	-1.408E-2
4.667	125.7	36.93	7.237E-2	-5.032E-2	1.230	0.627
4.700	125.7	36.93	1.961E-2	2.338E-2	7.898E-2	0.236
4.733	125.7	36.93	7.893E-2	-1.650E-2	0.473	0.324
4.767	125.7	36.93	7.491E-2	2.253E-3	-1.881	0.536
4.800	125.7	36.93	-6.052E-2	6.418E-2	-2.138	1.254
4.833	125.7	36.93	-8.779E-2	5.697E-2	-0.228	-0.208
4.867	125.7	36.94	-4.948E-2	6.687E-2	0.365	0.167
4.900	125.7	36.94	-7.173E-2	5.682E-2	1.524	-1.921
4.933	125.7	36.94	3.349E-2	-4.030E-2	3.232	1.068
4.967	125.7	36.94	0.175	6.570E-2	-0.186	1.782
5.000	125.7	36.95	3.503E-2	0.170	-1.807	-1.936
5.033	125.7	36.95	-1.264E-2	-0.101	-2.085	-5.697
5.067	125.7	36.94	-2.787E-2	-0.244	1.683	-1.414
5.100	125.7	36.93	1.918E-2	-0.174	-0.429	1.831
5.133	125.7	36.93	3.696E-2	-0.112	-0.125	2.433
5.167	125.7	36.92	-6.906E-2	-2.571E-2	-1.151	2.051
5.200	125.7	36.92	-2.226E-3	4.476E-2	1.766	0.869
5.233	125.7	36.93	3.943E-2	2.284E-2	-0.794	-0.612
5.267	125.7	36.93	-3.319E-2	2.110E-4	-1.497	0.259
5.300	125.7	36.93	-9.955E-2	3.548E-2	-2.696E-2	2.690
5.333	125.7	36.93	-1.626E-2	0.177	0.743	1.827
5.367	125.7	36.94	-3.308E-2	0.193	0.976	-2.463
5.400	125.7	36.94	9.140E-3	-9.386E-3	-0.190	-3.922
5.433	125.7	36.94	8.474E-3	-9.414E-2	-0.935	-1.350
5.467	125.7	36.94	-9.840E-2	-7.234E-2	-2.909	0.251
5.500	125.7	36.93	-0.162	-8.435E-2	-0.309	0.618
5.533	125.7	36.93	-0.148	-3.742E-2	4.142	-0.519
5.567	125.7	36.93	0.118	-9.006E-2	3.953	-3.487E-2
5.600	125.7	36.92	0.178	-9.037E-2	-1.260	1.815
5.633	125.7	36.92	-2.029E-2	6.657E-2	-2.639	3.132
5.667	125.7	36.93	-1.032E-2	0.120	0.754	-3.331E-2
5.700	125.7	36.93	6.270E-2	6.367E-2	0.494	-2.364
5.733	125.7	36.93	1.597E-2	-4.506E-2	-0.177	-1.594
5.767	125.7	36.93	3.155E-2	-5.643E-2		
5.800	125.7	36.93				
