	mass A						
t	x	y	vx	vy	ax	ay	
0.000	249.3	37.30				
0.033	249.3	37.30	-2.036E-2	7.527E-2		
0.067	249.3	37.30	-7.734E-3	3.260E-2	1.233	-1.989
0.100	249.3	37.30	8.682E-2	-0.164	2.974	-3.706
0.133	249.3	37.29	0.178	-0.158	-1.484	0.835
0.167	249.3	37.29	3.368E-2	-0.138	-11.34	-2.879
0.200	249.3	37.28	-0.589	-0.294	-8.204	2.000
0.233	249.3	37.27	-0.651	-0.132	5.958	4.076
0.267	249.3	37.28	-6.643E-2	0.135	15.69	3.420
0.300	249.3	37.28	0.382	9.824E-3	2.985	0.169
0.333	249.3	37.28	0.215	0.141	-7.043	3.824
0.367	249.3	37.29	-0.220	0.303	-4.445	-0.994
0.400	249.3	37.30	-7.117E-2	9.371E-2	5.415	-5.292
0.433	249.3	37.29	0.197	-0.122	4.884	-2.756
0.467	249.3	37.29	0.247	-5.892E-2	-5.342	-2.424
0.500	249.3	37.29	-0.123	-0.240	-8.526	-3.842
0.533	249.3	37.27	-0.427	-0.397	-12.35	-2.205E-2
0.567	249.3	37.26	-0.819	-0.206	-1.967	-4.982
0.600	249.2	37.26	-0.762	-0.627	14.03	1.445
0.633	249.2	37.22	0.249	-0.392	20.32	10.69
0.667	249.2	37.23	0.680	0.385	3.294	17.45
0.700	249.3	37.25	0.400	0.626	-6.860	3.577
0.733	249.3	37.27	0.181	0.713	-5.728	-4.685
0.767	249.3	37.29	5.510E-2	0.276	-5.408	-13.36
0.800	249.3	37.29	-0.187	-0.208	-8.216	-7.067
0.833	249.3	37.28	-0.493	-0.236	1.171	1.862
0.867	249.2	37.28	-0.203	-1.354E-2	7.510	5.773
0.900	249.2	37.28	0.174	0.126	3.919	3.932
0.933	249.3	37.29	-1.490E-2	0.260	-5.734	-0.292
0.967	249.2	37.30	-0.214	0.132	-0.461	-4.259
1.000	249.2	37.29	-8.751E-2	-7.487E-2	3.409	-3.707
1.033	249.2	37.29	9.368E-2	-0.101	4.991	0.204
1.067	249.2	37.29	0.185	-5.950E-2	0.903	1.626
1.100	249.3	37.29	0.211	1.114E-2	0.789	0.954
1.133	249.3	37.29	0.180	1.419E-2	-1.260	-3.286E-3
1.167	249.3	37.29	0.173	-5.562E-3	-0.359	-0.821
1.200	249.3	37.29	0.119	-2.706E-2	-1.326	-0.223
1.233	249.3	37.29	0.108	-3.596E-2	0.273	1.314
1.267	249.3	37.29	0.117	6.253E-2	0.103	-2.408
1.300	249.3	37.29	0.137	-0.140	0.599	-0.671
1.333	249.3	37.28	0.139	-0.114	-1.478	4.607
1.367	249.3	37.28	6.465E-2	0.279	-2.694	5.536
1.400	249.3	37.29	-6.920E-2	0.255	-3.228	-3.241
1.433	249.3	37.30	-0.139	3.179E-2	0.403	-4.742
1.467	249.3	37.30	-6.518E-2	-7.495E-2	1.577	-0.556
1.500	249.3	37.29	9.351E-3	-8.003E-4	0.922	1.524
1.533	249.3	37.30	-3.058E-2	5.121E-2	1.012	2.241
1.567	249.3	37.30	6.757E-2	0.119	1.540	1.329
1.600	249.3	37.30	0.109	0.174	-0.497	1.102
1.633	249.3	37.31	9.479E-3	0.165	-1.567	-5.287
1.667	249.3	37.32	-3.047E-3	-0.121	-0.788	-3.937
1.700	249.3	37.30	-2.205E-2	-0.221	1.072	-2.190
1.733	249.3	37.30	3.556E-2	-0.142	0.456	1.208
1.767	249.3	37.29	5.731E-2	-0.218	-3.774	2.064
1.800	249.3	37.29	-0.226	7.896E-3	-3.741	6.970
1.833	249.3	37.29	-0.261	0.272	2.335	-0.484
1.867	249.3	37.30	-7.504E-3	2.835E-2	6.628	-5.672
1.900	249.3	37.29	0.170	-0.229	-0.579	-3.292
1.933	249.3	37.29	3.385E-3	-0.122	-2.880	2.176
1.967	249.3	37.29	-0.126	-9.041E-2	-1.868	3.980
2.000	249.3	37.28	-4.256E-2	0.114	3.007	0.301
2.033	249.3	37.29	2.803E-2	2.552E-2	2.046	-0.363
2.067	249.3	37.28	0.133	-4.992E-2	0.797	-1.285
2.100	249.3	37.29	7.063E-2	5.537E-2	-1.177	0.752
2.133	249.3	37.29	3.720E-2	-5.821E-2	-1.460	-1.245
2.167	249.3	37.29	-3.815E-3	-2.185E-2	13.61	20.63
2.200	249.3	37.29	0.800	1.168	21.65	29.94
2.233	249.3	37.36	1.692	2.297	3.546	25.43
2.267	249.4	37.44	1.020	2.644	-49.99	20.64
2.300	249.4	37.54	-1.573	3.682	-247.5	3.202
2.333	249.3	37.69	-14.36	3.168	-735.3	-23.13
2.367	248.4	37.75	-49.91	1.738	-1.053E3	-39.30
2.400	246.0	37.80	-88.10	0.755	-780.8	-15.40
2.433	242.6	37.80	-102.2	0.469	-290.9	14.94
2.467	239.1	37.83	-105.4	1.854	-199.6	12.24
2.500	235.5	37.93	-115.1	1.648	-262.1	-20.97
2.533	231.5	37.94	-124.3	6.250E-2	-154.5	-27.11
2.567	227.3	37.93	-125.1	-0.158	161.0	-5.810
2.600	223.1	37.93	-114.3	-0.162	276.0	27.32
2.633	219.6	37.92	-104.1	1.319	-34.90	14.70
2.667	216.2	38.02	-116.1	1.552	-315.1	-2.794
2.700	211.9	38.02	-128.8	0.416	-581.3	-46.31
2.733	207.6	38.05	-150.1	-0.977	-788.8	-43.33
2.767	201.9	37.96	-185.4	-2.981	-821.5	-38.94
2.800	195.2	37.85	-205.1	-3.382	-537.2	-5.441
2.833	188.2	37.73	-219.5	-3.366	-217.3	-9.989
2.867	180.6	37.62	-222.2	-3.889	533.2	-28.03
2.900	173.4	37.47	-185.3	-5.338	1.200E3	-24.38
2.933	168.3	37.27	-136.9	-5.698	1.079E3	0.118
2.967	164.3	37.09	-113.5	-5.124	490.4	6.278
3.000	160.7	36.93	-105.5	-5.252	150.6	-31.44
3.033	157.3	36.74	-103.5	-7.102	127.2	-21.49
3.067	153.8	36.45	-98.30	-7.287	224.3	-19.45
3.100	150.7	36.26	-87.57	-7.548	256.1	13.81
3.133	147.9	35.95	-80.82	-7.300	278.6	28.14
3.167	145.3	35.77	-70.49	-4.964	586.8	59.59
3.200	143.2	35.62	-42.25	-3.599	851.3	50.28
3.233	142.5	35.53	-11.04	-1.574	641.4	45.37
3.267	142.5	35.51	0.984	-0.397	205.5	20.64
3.300	142.6	35.50	1.132	-0.337	-3.385	2.565
3.333	142.6	35.49	0.669	-0.250	-9.117	1.985
3.367	142.6	35.49	0.487	-0.175	-3.921	1.527
3.400	142.6	35.48	0.463	-0.170	-2.933	1.590
3.433	142.6	35.48	0.281	-7.111E-2	-4.926	1.192
3.467	142.6	35.48	0.119	-6.212E-2	-3.341	1.165
3.500	142.6	35.47	6.143E-2	-3.694E-2	0.936	-0.545
3.533	142.6	35.47	0.170	-4.748E-2	0.509	-0.183
3.567	142.7	35.47	0.149	-9.928E-2	-0.520	1.038
3.600	142.7	35.47	7.108E-2	3.885E-2	-2.922	1.875
3.633	142.7	35.47	7.764E-3	5.338E-2	-0.336	0.485
3.667	142.7	35.47	-9.451E-3	3.111E-2	1.450	0.744
3.700	142.7	35.47	0.145	0.122	-0.858	-0.374
3.733	142.7	35.48	-3.475E-2	2.969E-2	-0.118	-1.940
3.767	142.7	35.48	2.333E-2	-5.785E-2	-0.351	-2.212
3.800	142.7	35.47	8.823E-2	-7.673E-2	2.325	-1.781
3.833	142.7	35.47	4.797E-2	-0.194	-1.273	0.674
3.867	142.7	35.46	0.105	-6.390E-2	0.573	1.654
3.900	142.7	35.47	1.896E-2	-5.884E-3	-3.587	2.622
3.933	142.7	35.46	-8.487E-2	2.661E-2	-2.341	1.313
3.967	142.7	35.47	-0.189	0.149	-0.250	1.599
4.000	142.7	35.47	-8.010E-2	0.103	4.323	-1.189
4.033	142.7	35.47	9.826E-2	7.392E-2	1.643	-0.975
4.067	142.7	35.48	6.986E-2	3.750E-2	-0.389	-3.159
4.100	142.7	35.48	7.294E-3	-0.120	-1.696	-1.479
4.133	142.7	35.47	7.937E-3	-0.118	-0.194	2.085
4.167	142.7	35.47	-4.074E-2	7.157E-2	-1.407	3.504
4.200	142.7	35.47	-6.181E-2	0.111	2.819	-0.762
4.233	142.7	35.48	0.101	2.250E-2	2.061	-1.557
4.267	142.7	35.47	0.163	-1.941E-2	-0.678	0.209
4.300	142.7	35.48	-1.204E-2	5.340E-2	-2.802	-0.199
4.333	142.7	35.48	-1.489E-2	-1.332E-2	-0.329	-2.416
4.367	142.7	35.47	-1.861E-2	-0.139	-0.322	0.801
4.400	142.7	35.47	-4.814E-2	2.186E-2	-0.710	-0.807
4.433	142.7	35.48	-6.030E-2	-9.388E-2	0.889	-0.169
4.467	142.7	35.46	-2.063E-3	-0.138	1.778	0.956
4.500	142.7	35.47	7.834E-2	8.964E-2	-0.309	4.926
4.533	142.7	35.47	-1.482E-2	0.136	-0.913	2.263
4.567	142.7	35.48	-2.681E-2	0.259	2.033	-1.062
4.600	142.7	35.49	0.150	9.813E-2	0.163	-4.410
4.633	142.7	35.48	2.506E-2	-0.103	-2.776	-2.503
4.667	142.7	35.48	-0.117	-4.383E-2	-1.494	1.852
4.700	142.7	35.48	-2.845E-2	3.041E-2	0.458	1.582
4.733	142.7	35.48	-7.963E-2	5.991E-2	2.207	-1.221
4.767	142.7	35.48	6.407E-2	-3.750E-2	1.520	-4.390
4.800	142.7	35.48	0.117	-0.248	-1.615	-2.170
4.833	142.7	35.47	-0.112	-0.217	-2.626	1.856
4.867	142.7	35.46	-6.890E-2	-7.119E-2	0.243	3.649
4.900	142.7	35.46	-4.326E-2	-1.823E-4	1.437	1.030
4.933	142.7	35.46	-2.648E-2	1.999E-2	0.644	0.573
4.967	142.7	35.46	4.408E-2	1.222E-2	0.458	0.562
5.000	142.7	35.46	-1.427E-2	6.992E-2	-0.216	2.114
5.033	142.7	35.47	1.680E-2	0.147	-2.232	-1.740
5.067	142.7	35.47	-0.114	-4.609E-3	0.217	-4.757
5.100	142.7	35.47	-6.630E-2	-0.233	1.472	-1.112
5.133	142.7	35.46	9.134E-2	-8.085E-2	3.361	3.819
5.167	142.7	35.46	8.889E-2	7.716E-2	-0.431	3.050
5.200	142.7	35.46	0.106	8.858E-2	1.431	-1.859
5.233	142.7	35.47	0.141	-1.706E-2	-2.309	-0.946
5.267	142.7	35.46	1.998E-2	-3.363E-2	-3.752	-0.343
5.300	142.7	35.47	-0.187	2.170E-2	-1.238	-0.930
5.333	142.7	35.46	-4.632E-2	-0.119	3.411	-1.324
5.367	142.7	35.46	7.635E-2	-9.482E-2	0.679	2.647
5.400	142.7	35.46	-9.856E-3	8.678E-2	-0.154	2.663
5.433	142.7	35.46	2.744E-2	9.998E-2	-0.682	2.214
5.467	142.7	35.46	8.934E-3	0.183	0.938	-0.537
5.500	142.7	35.48	1.431E-2	0.143	-0.169	-2.687
5.533	142.7	35.47	6.962E-2	-6.808E-2	-0.196	-4.104
5.567	142.7	35.47	-3.999E-2	-0.107	-3.096	-1.793
5.600	142.7	35.47	-0.123	-0.181	6.928E-2	0.107
5.633	142.7	35.46	-6.547E-2	-0.130	1.572	5.162
5.667	142.7	35.46	2.702E-2	0.174	3.261	1.434
5.700	142.7	35.47	0.113	5.175E-2	-3.448E-2	-2.232
5.733	142.7	35.46	7.986E-2	-0.115	-1.639	-1.662
5.767	142.7	35.46	-5.415E-2	3.021E-2	-1.560	2.004
5.800	142.7	35.46	-6.838E-3	-8.713E-4	0.584	1.242
5.833	142.7	35.46	-7.113E-4	8.992E-2	-0.266	1.325
5.867	142.7	35.47	-3.862E-2	0.135	-1.540	-0.813
5.900	142.7	35.47	-9.318E-2	6.675E-3	0.723	-1.803
5.933	142.7	35.47	-2.107E-2	1.214E-3	0.913	-1.052
5.967	142.7	35.47	2.077E-2	-2.933E-2		
6.000	142.7	35.47				
