,mass A,,,,,,
t,x,y,vx,vy,ax,ay,
1.310000E1,1.927806E-1,4.222284E-2,,,,
1.313333E1,1.927773E-1,4.222155E-2,4.464086E-5,2.162097E-4,,
1.316667E1,1.927836E-1,4.223725E-2,1.702585E-4,-1.295525E-4,1.698753E-3,-3.366257E-3
1.320000E1,1.927887E-1,4.221291E-2,1.350926E-4,-2.805347E-4,-3.846930E-3,1.450946E-3
1.323333E1,1.927926E-1,4.221855E-2,-6.308648E-5,1.799742E-4,-9.522731E-4,7.027556E-3
1.326667E1,1.927845E-1,4.222491E-2,-1.060545E-5,1.347723E-4,1.215590E-3,-5.121827E-3
1.330000E1,1.927919E-1,4.222754E-2,1.242122E-4,-1.467662E-4,3.533859E-3,-3.669652E-3
1.333333E1,1.927928E-1,4.221512E-2,1.465559E-4,-1.920928E-4,-3.864788E-5,-2.556096E-3
1.336667E1,1.928016E-1,4.221473E-2,1.821101E-4,-2.057330E-4,-3.026219E-3,6.034910E-3
1.340000E1,1.928049E-1,4.220141E-2,-7.234876E-5,6.298474E-5,-2.176357E-3,5.334333E-3
1.343333E1,1.927968E-1,4.221893E-2,-2.969831E-5,3.367541E-4,2.560761E-3,-5.560007E-3
1.346667E1,1.928029E-1,4.222386E-2,1.832084E-4,-3.557820E-4,3.230029E-3,1.370973E-3
1.350000E1,1.928090E-1,4.219521E-2,1.589939E-4,1.648925E-4,-5.960961E-3,5.138593E-3
1.353333E1,1.928135E-1,4.223485E-2,-1.768955E-4,4.561415E-4,1.696031E-3,-5.024757E-4
1.356667E1,1.927972E-1,4.222562E-2,1.023655E-4,-2.309664E-4,-2.553378E-3,-3.885229E-3
1.360000E1,1.928203E-1,4.221945E-2,-3.064845E-5,2.524970E-4,3.250603E-4,1.665470E-3
1.363333E1,1.927952E-1,4.224245E-2,-2.403737E-4,8.492388E-5,-2.364547E-3,-2.834356E-3
1.366667E1,1.928043E-1,4.222512E-2,8.825808E-5,-2.153648E-4,-5.549418E-4,-6.677962E-3
1.370000E1,1.928011E-1,4.222810E-2,-3.652679E-4,-1.522439E-4,-5.578802E-3,4.985353E-3
1.373333E1,1.927800E-1,4.221497E-2,-3.714125E-4,-4.537213E-5,5.152208E-3,4.669781E-3
1.376667E1,1.927763E-1,4.222507E-2,6.644573E-5,2.944154E-4,6.517251E-3,2.296059E-3
1.380000E1,1.927844E-1,4.223459E-2,9.652151E-5,8.420305E-5,1.478858E-3,-3.961990E-3
1.383333E1,1.927828E-1,4.223068E-2,7.998937E-5,-3.744519E-5,-2.576764E-3,-1.101913E-3
1.386667E1,1.927897E-1,4.223210E-2,1.066732E-5,5.984525E-5,2.701972E-3,-3.342786E-4
1.390000E1,1.927835E-1,4.223467E-2,1.384864E-4,-4.822001E-5,1.845433E-3,-5.326388E-4
1.393333E1,1.927990E-1,4.222888E-2,2.813451E-4,-3.398274E-5,-2.420633E-3,-1.360873E-3
1.396667E1,1.928022E-1,4.223241E-2,-9.431540E-5,-5.772822E-5,-5.068011E-3,2.578113E-3
1.400000E1,1.927927E-1,4.222503E-2,-1.105209E-4,3.465842E-5,2.421598E-3,5.490204E-3
1.403333E1,1.927949E-1,4.223472E-2,1.350738E-4,3.904757E-4,-8.163407E-4,5.711100E-3
1.406667E1,1.928017E-1,4.225107E-2,-1.234728E-4,4.177725E-4,1.658050E-3,6.141070E-3
1.410000E1,1.927866E-1,4.226257E-2,6.785207E-5,7.123867E-4,1.096291E-2,1.692635E-2
1.413333E1,1.928062E-1,4.229856E-2,7.756343E-4,1.588768E-3,-2.058007E-2,1.774661E-2
1.416667E1,1.928383E-1,4.236849E-2,-1.038364E-3,2.002171E-3,-2.565344E-1,1.543332E-2
1.420000E1,1.927370E-1,4.243204E-2,-1.519016E-2,2.441181E-3,-5.856845E-1,4.847757E-3
1.423333E1,1.918257E-1,4.253123E-2,-4.127791E-2,2.552326E-3,-5.285804E-1,-1.542041E-4
1.426667E1,1.899851E-1,4.260219E-2,-5.299328E-2,2.220389E-3,-1.028468E-1,-1.077015E-2
1.430000E1,1.882928E-1,4.267926E-2,-4.616573E-2,1.969895E-3,8.054816E-2,1.157061E-2
1.433333E1,1.869074E-1,4.273352E-2,-4.599244E-2,2.724266E-3,-1.263017E-1,1.036448E-2
1.436667E1,1.852266E-1,4.286088E-2,-5.574888E-2,3.122750E-3,-2.086379E-1,-2.993105E-4
1.440000E1,1.831908E-1,4.294170E-2,-6.082565E-2,2.357788E-3,-6.700974E-2,1.337615E-4
1.443333E1,1.811716E-1,4.301806E-2,-5.953350E-2,3.097091E-3,-9.557631E-3,1.144439E-2
1.446667E1,1.792219E-1,4.314817E-2,-6.086138E-2,3.428491E-3,-8.629100E-2,-6.395184E-3
1.450000E1,1.771141E-1,4.324663E-2,-6.575287E-2,2.486625E-3,-9.710933E-3,-3.443008E-2
1.453333E1,1.748384E-1,4.331395E-2,-6.268786E-2,1.186550E-3,7.848582E-2,7.628812E-3
1.456667E1,1.729350E-1,4.332573E-2,-5.838202E-2,2.515121E-3,3.337389E-2,1.565012E-2
1.460000E1,1.709462E-1,4.348162E-2,-6.138065E-2,3.180277E-3,-8.387937E-2,-1.333680E-3
1.463333E1,1.688429E-1,4.353775E-2,-6.413470E-2,1.689098E-3,4.921472E-1,-4.971792E-2
1.466667E1,1.666706E-1,4.359423E-2,-3.318937E-2,2.827006E-4,2.878970E-1,-6.892996E-3
1.470000E1,1.666303E-1,4.355660E-2,-3.135074E-2,5.811723E-4,-2.800564E-1,2.796114E-2
1.473333E1,1.645805E-1,4.363298E-2,-6.459665E-2,2.768838E-3,-5.385289E-1,3.977076E-2
1.476667E1,1.623238E-1,4.374119E-2,-6.431722E-2,3.139896E-3,5.748462E-2,-7.934867E-3
1.480000E1,1.602927E-1,4.384230E-2,-5.955137E-2,2.252737E-3,-4.037129E-2,-2.747454E-2
1.483333E1,1.583537E-1,4.389137E-2,-6.598130E-2,1.146868E-3,-1.899736E-1,-1.552310E-2
1.486667E1,1.558940E-1,4.391876E-2,-7.453904E-2,1.184635E-3,-8.917622E-2,2.440877E-2
1.490000E1,1.533845E-1,4.397035E-2,-7.155624E-2,2.752184E-3,5.201536E-2,1.544251E-2
1.493333E1,1.511236E-1,4.410224E-2,-6.964042E-2,2.687751E-3,-1.054039E-1,-1.161431E-2
1.496667E1,1.487418E-1,4.414953E-2,-7.861128E-2,1.440163E-3,-1.327948E-1,-2.667768E-2
1.500000E1,1.458828E-1,4.419825E-2,-8.096573E-2,1.142279E-3,-1.337865E-1,-1.129421E-2
1.503333E1,1.433441E-1,4.422568E-2,-8.401377E-2,6.216660E-4,-2.618992E-1,-1.128479E-2
1.506667E1,1.402819E-1,4.423969E-2,-1.001689E-1,3.833610E-4,-4.335424E-1,7.694297E-3
1.510000E1,1.366661E-1,4.425124E-2,-1.134556E-1,1.051986E-3,-4.634969E-1,3.301786E-2
1.513333E1,1.327182E-1,4.430983E-2,-1.296977E-1,2.662229E-3,-6.413790E-1,1.939634E-3
1.516667E1,1.280196E-1,4.442872E-2,-1.564989E-1,1.617426E-3,-9.177576E-1,-2.487125E-2
1.520000E1,1.222849E-1,4.441765E-2,-1.910046E-1,2.367095E-4,-1.091791E0,-4.948501E-2
1.523333E1,1.152860E-1,4.444450E-2,-2.296686E-1,-9.848612E-4,-1.221218E0,-4.176715E-2
1.526667E1,1.069737E-1,4.435200E-2,-2.720925E-1,-3.094831E-3,-1.385041E0,-5.959961E-2
1.530000E1,9.714649E-2,4.423818E-2,-3.218244E-1,-4.621366E-3,-1.071875E0,-4.863224E-2
1.533333E1,8.551873E-2,4.404391E-2,-3.481227E-1,-6.535118E-3,2.322486E-2,-5.005911E-2
1.536667E1,7.393831E-2,4.380250E-2,-3.201146E-1,-7.894951E-3,1.749471E0,-1.323099E-2
1.540000E1,6.417776E-2,4.351758E-2,-2.324212E-1,-7.633372E-3,2.698633E0,1.867254E-2
1.543333E1,5.844356E-2,4.329361E-2,-1.324966E-1,-6.348483E-3,2.108788E0,4.437966E-2
1.546667E1,5.534465E-2,4.309434E-2,-8.964399E-2,-4.859351E-3,6.711431E-1,8.319057E-3
1.550000E1,5.246730E-2,4.296966E-2,-9.168490E-2,-5.303847E-3,-7.367139E-2,5.572363E-3
1.553333E1,4.923232E-2,4.274075E-2,-9.662367E-2,-5.315902E-3,1.958772E-1,6.062125E-3
1.556667E1,4.602572E-2,4.261526E-2,-8.004594E-2,-4.174645E-3,6.348935E-1,4.317022E-2
1.560000E1,4.389592E-2,4.246244E-2,-5.151214E-2,-3.002589E-3,8.364543E-1,5.085535E-2
1.563333E1,4.259157E-2,4.241509E-2,-2.506194E-2,-4.171053E-4,6.773013E-1,4.995283E-2
1.566667E1,4.222513E-2,4.243464E-2,-4.968625E-3,4.130906E-4,3.976822E-1,1.489309E-2
1.570000E1,4.226033E-2,4.244263E-2,1.148573E-3,3.649916E-4,9.604560E-2,1.036631E-3
1.573333E1,4.230170E-2,4.245897E-2,6.802472E-4,5.361778E-4,-1.172218E-2,-5.996787E-5
1.576667E1,4.230568E-2,4.247837E-2,1.844037E-4,3.844695E-4,-1.054733E-2,-1.935242E-3
1.580000E1,4.231399E-2,4.248460E-2,9.744042E-5,3.244585E-4,-4.937077E-4,-1.832475E-3
1.583333E1,4.231218E-2,4.250001E-2,7.966849E-5,3.463998E-4,2.462645E-3,-4.555790E-3
1.586667E1,4.231930E-2,4.250770E-2,3.081443E-4,8.500521E-7,-4.277139E-3,-1.860949E-3
1.590000E1,4.233272E-2,4.250006E-2,-1.226430E-4,1.229236E-4,-6.101767E-3,3.684390E-4
1.593333E1,4.231113E-2,4.251589E-2,-3.103741E-4,1.982999E-4,4.156894E-4,-2.533482E-3
1.596667E1,4.231203E-2,4.251328E-2,7.032196E-5,-1.631323E-4,8.193779E-3,-4.351261E-3
1.600000E1,4.231582E-2,4.250501E-2,1.892280E-4,-9.797032E-5,-2.443296E-3,2.951855E-3
1.603333E1,4.232465E-2,4.250675E-2,-3.438225E-5,8.408694E-5,-5.176925E-3,4.988302E-3
1.606667E1,4.231352E-2,4.251062E-2,-2.623858E-4,2.090149E-4,1.096393E-3,-5.191086E-3
1.610000E1,4.230715E-2,4.252069E-2,6.519871E-5,-1.722633E-4,6.579520E-3,-3.753424E-3
1.613333E1,4.231787E-2,4.249914E-2,2.495871E-4,-2.470370E-4,-1.819485E-5,6.778717E-5
1.616667E1,4.232379E-2,4.250422E-2,2.816399E-5,3.140627E-5,-6.223988E-3,5.379111E-3
1.620000E1,4.231975E-2,4.250123E-2,-1.882171E-4,6.250759E-6,-6.719370E-3,2.184076E-3
1.623333E1,4.231124E-2,4.250463E-2,-3.972515E-4,2.067267E-4,-2.877413E-4,1.826466E-3
1.626667E1,4.229327E-2,4.251501E-2,-2.760669E-4,1.651166E-4,1.219911E-2,-4.846856E-3
1.630000E1,4.229284E-2,4.251564E-2,4.460206E-4,-1.491336E-4,8.717578E-3,-3.716341E-3
1.633333E1,4.232300E-2,4.250507E-2,4.618450E-4,-1.356680E-4,-8.560958E-3,3.336865E-3
1.636667E1,4.232363E-2,4.250660E-2,-2.748429E-4,1.362477E-4,-9.128614E-3,4.884298E-3
1.640000E1,4.230468E-2,4.251415E-2,-2.175272E-4,1.944764E-4,3.292014E-3,-2.591335E-3
1.643333E1,4.230913E-2,4.251956E-2,9.271875E-5,-3.102616E-5,5.247826E-3,-2.694975E-3
1.646667E1,4.231086E-2,4.251208E-2,6.819142E-5,-5.936908E-5,-1.792711E-3,-3.161881E-3
1.650000E1,4.231367E-2,4.251560E-2,-3.715117E-6,-1.330021E-4,2.247987E-3,-3.726925E-5
1.653333E1,4.231061E-2,4.250322E-2,1.552298E-4,-1.808267E-4,-2.877797E-3,9.931231E-4
1.656667E1,4.232402E-2,4.250355E-2,-4.801997E-5,2.030140E-5,-3.108898E-4,2.955223E-3
1.660000E1,4.230741E-2,4.250457E-2,-8.809698E-5,-3.245950E-6,-6.576480E-3,1.650908E-3
1.663333E1,4.231815E-2,4.250333E-2,-2.264950E-4,9.963789E-5,-2.711877E-3,2.993335E-3
1.666667E1,4.229231E-2,4.251121E-2,-5.206418E-4,2.397736E-4,7.949420E-3,-3.493720E-3
1.670000E1,4.228344E-2,4.251932E-2,3.644998E-4,-1.025029E-4,1.095168E-2,-4.403104E-3
1.673333E1,4.231661E-2,4.250438E-2,4.334986E-4,-1.898719E-4,-1.497404E-3,1.193139E-3
1.676667E1,4.231234E-2,4.250666E-2,-3.641574E-6,9.621012E-5,-8.465559E-3,1.688087E-3
1.680000E1,4.231637E-2,4.251079E-2,1.897022E-6,-7.747243E-5,-1.808380E-3,2.509493E-4
1.683333E1,4.231247E-2,4.250149E-2,-1.685838E-4,1.007984E-5,-3.549938E-3,2.110356E-3
1.686667E1,4.230513E-2,4.251147E-2,-2.309697E-4,1.901768E-4,-2.169219E-3,-1.082221E-4
1.690000E1,4.229707E-2,4.251417E-2,-3.005275E-4,-5.072978E-5,5.246049E-3,-2.286861E-3
1.693333E1,4.228509E-2,4.250808E-2,4.567682E-5,-9.180075E-6,7.864941E-3,8.794073E-4
1.696667E1,4.230011E-2,4.251356E-2,3.607359E-4,8.730045E-5,3.508417E-3,-2.183090E-3
1.700000E1,4.230914E-2,4.251390E-2,2.053888E-4,-1.750182E-4,-5.292389E-3,-4.020615E-3
1.703333E1,4.231381E-2,4.250189E-2,1.928531E-5,-2.399035E-4,-3.720300E-3,2.196741E-3
1.706667E1,4.231043E-2,4.249791E-2,-7.195254E-5,1.335049E-5,6.964549E-5,5.452173E-3
1.710000E1,4.230901E-2,4.250278E-2,3.805292E-5,1.445414E-4,2.111913E-3,-6.121476E-4
1.713333E1,4.231296E-2,4.250755E-2,9.154014E-5,-2.316420E-5,-5.199159E-4,3.178755E-4
1.716667E1,4.231511E-2,4.250124E-2,-5.829667E-6,8.003745E-5,-3.083918E-3,2.322764E-3
1.720000E1,4.231258E-2,4.251288E-2,-1.234858E-4,2.469779E-4,3.948278E-4,-4.992905E-4
1.723333E1,4.230688E-2,4.251770E-2,-6.495382E-6,-2.651696E-7,-3.881861E-6,-7.344374E-3
1.726667E1,4.231214E-2,4.251286E-2,-4.151971E-5,-2.538881E-4,-2.094598E-4,4.707607E-4
1.730000E1,4.230411E-2,4.250078E-2,-1.184186E-4,-2.717139E-5,-1.989560E-3,2.071248E-3
1.733333E1,4.230425E-2,4.251105E-2,-9.632211E-5,3.466031E-5,1.355775E-3,2.875886E-3
1.736667E1,4.229769E-2,4.250309E-2,-8.953875E-5,3.778837E-6,3.849021E-4,-7.096550E-4
1.740000E1,4.229828E-2,4.251130E-2,-2.027077E-5,1.146328E-4,2.164469E-3,-1.669406E-3
1.743333E1,4.229634E-2,4.251073E-2,1.775723E-5,-1.595452E-4,-2.706776E-3,-1.280833E-2
1.746667E1,4.229946E-2,4.250067E-2,-1.401873E-4,-7.036665E-4,-2.543408E-3,-8.695742E-3
1.750000E1,4.228699E-2,4.246382E-2,-2.475592E-4,-8.677105E-4,-3.233144E-4,-4.268497E-4
1.753333E1,4.228296E-2,4.244282E-2,-9.578229E-5,-6.096744E-4,-2.555959E-4,1.374104E-2
1.756667E1,4.228061E-2,4.242317E-2,-2.498456E-4,-5.602371E-5,-5.050183E-3,1.671786E-2
1.760000E1,4.226630E-2,4.243909E-2,-4.800314E-4,6.322332E-4,7.989808E-3,7.918389E-3
1.763333E1,4.224861E-2,4.246532E-2,1.907887E-4,4.833118E-4,1.160556E-2,-4.283738E-3
1.766667E1,4.227902E-2,4.247131E-2,5.578076E-4,2.304583E-4,6.269602E-3,-5.368152E-3
1.770000E1,4.228579E-2,4.248069E-2,3.791771E-4,1.956331E-4,-7.715854E-3,3.289277E-4
1.773333E1,4.230430E-2,4.248435E-2,1.957393E-4,2.067697E-4,-2.379263E-3,1.835023E-4
1.776667E1,4.229884E-2,4.249447E-2,6.064462E-5,2.547817E-4,-6.737032E-3,2.763467E-3
1.780000E1,4.230834E-2,4.250133E-2,-8.505947E-5,3.435336E-4,,
1.783333E1,4.229317E-2,4.251737E-2,,,,
