,mass A,,,,,,
t,x,y,vx,vy,ax,ay,
1.143333E1,1.606089E-1,4.313172E-2,,,,
1.146667E1,1.606053E-1,4.312488E-2,-1.657690E-4,-2.660445E-4,,
1.150000E1,1.605978E-1,4.311398E-2,-6.209877E-5,7.260938E-5,5.132343E-3,4.607691E-3
1.153333E1,1.606012E-1,4.312972E-2,2.146507E-4,2.025523E-4,-6.122827E-4,-3.053200E-3
1.156667E1,1.606122E-1,4.312748E-2,-4.047355E-5,-2.403373E-4,-1.825865E-3,-4.144642E-3
1.160000E1,1.605985E-1,4.311370E-2,-7.676191E-5,-1.258200E-4,-2.306686E-3,2.753018E-3
1.163333E1,1.606070E-1,4.311910E-2,-8.270549E-6,6.411553E-5,1.342208E-3,4.758750E-3
1.166667E1,1.605979E-1,4.311797E-2,-1.309805E-4,1.028814E-4,-6.852545E-4,-2.061078E-3
1.170000E1,1.605983E-1,4.312595E-2,2.291531E-5,1.216127E-5,-4.472606E-3,1.029137E-3
1.173333E1,1.605995E-1,4.311878E-2,-3.860936E-4,4.927900E-5,3.191171E-3,-2.774264E-3
1.176667E1,1.605726E-1,4.312924E-2,-1.226362E-6,-1.747656E-5,9.033713E-3,-3.337161E-3
1.180000E1,1.605994E-1,4.311762E-2,5.435999E-4,-3.109608E-4,4.573453E-3,1.169775E-3
1.183333E1,1.606088E-1,4.310851E-2,1.352446E-4,6.959022E-5,-8.907957E-3,7.138807E-3
1.186667E1,1.606084E-1,4.312226E-2,-4.989477E-5,2.769152E-4,-2.574654E-4,2.905418E-3
1.190000E1,1.606055E-1,4.312697E-2,1.015200E-4,1.712899E-4,6.445101E-3,1.129017E-2
1.193333E1,1.606152E-1,4.313368E-2,4.204826E-4,9.504787E-4,8.378246E-3,1.555992E-2
1.196667E1,1.606335E-1,4.319034E-2,6.553191E-4,1.453576E-3,-7.587936E-3,1.467011E-2
1.200000E1,1.606588E-1,4.323058E-2,3.020313E-5,1.683160E-3,-5.342942E-2,1.967626E-2
1.203333E1,1.606355E-1,4.330255E-2,-2.826305E-3,2.839225E-3,-2.889955E-1,1.065065E-2
1.206667E1,1.604704E-1,4.341986E-2,-1.789121E-2,2.644613E-3,-6.934900E-1,-1.878924E-2
1.210000E1,1.594428E-1,4.347885E-2,-4.974900E-2,1.305715E-3,-6.796406E-1,-1.967939E-2
1.213333E1,1.571538E-1,4.350691E-2,-6.699670E-2,1.264671E-3,-1.212381E-1,-1.617367E-3
1.216667E1,1.549763E-1,4.356316E-2,-5.598529E-2,1.422824E-3,2.468535E-1,7.308554E-3
1.220000E1,1.534215E-1,4.360177E-2,-4.792714E-2,1.558624E-3,3.467038E-2,1.099809E-2
1.223333E1,1.517812E-1,4.366707E-2,-5.460355E-2,2.264658E-3,-1.089302E-1,6.879192E-3
1.226667E1,1.497812E-1,4.375274E-2,-5.697891E-2,2.112648E-3,-3.418394E-2,-7.041392E-3
1.230000E1,1.479826E-1,4.380792E-2,-5.508779E-2,1.625167E-3,5.533296E-2,-9.208764E-3
1.233333E1,1.461087E-1,4.386109E-2,-5.431541E-2,1.560473E-3,7.918393E-2,-7.095430E-3
1.236667E1,1.443616E-1,4.391195E-2,-4.951828E-2,1.193917E-3,5.037010E-2,1.665398E-2
1.240000E1,1.428075E-1,4.394068E-2,-4.992904E-2,2.366027E-3,-3.431783E-2,1.739129E-2
1.243333E1,1.410330E-1,4.406968E-2,-5.317365E-2,2.960392E-3,-6.759215E-2,-8.073214E-3
1.246667E1,1.392626E-1,4.413804E-2,-5.384072E-2,1.440289E-3,2.383077E-2,-2.761732E-2
1.250000E1,1.374436E-1,4.416570E-2,-5.214825E-2,1.044131E-3,1.797216E-2,-9.001759E-3
1.253333E1,1.357860E-1,4.420765E-2,-5.158138E-2,1.022359E-3,-3.255683E-3,-7.408532E-3
1.256667E1,1.340048E-1,4.423386E-2,-5.326569E-2,4.939086E-4,9.644666E-3,-6.588891E-4
1.260000E1,1.322350E-1,4.424058E-2,-5.093340E-2,8.377565E-4,-1.725872E-2,3.117021E-2
1.263333E1,1.306093E-1,4.428971E-2,-5.319168E-2,2.630262E-3,-1.068936E-1,2.646879E-2
1.266667E1,1.286889E-1,4.441593E-2,-5.937877E-2,2.959931E-3,2.046464E-2,-1.983998E-2
1.270000E1,1.266507E-1,4.448704E-2,-5.288154E-2,1.059603E-3,2.744244E-1,-3.769322E-2
1.273333E1,1.251634E-1,4.448657E-2,-3.923843E-2,2.243224E-4,1.100004E-1,-6.659139E-3
1.276667E1,1.240348E-1,4.450199E-2,-4.377555E-2,7.903497E-4,-1.476732E-1,1.356612E-2
1.280000E1,1.222451E-1,4.453926E-2,-5.281056E-2,1.179496E-3,-1.457390E-2,2.269623E-2
1.283333E1,1.205141E-1,4.458063E-2,-4.418533E-2,2.145053E-3,-3.471767E-2,1.825316E-2
1.286667E1,1.192994E-1,4.468226E-2,-5.096350E-2,2.696286E-3,-1.983299E-1,2.245941E-5
1.290000E1,1.171165E-1,4.476038E-2,-6.301592E-2,1.969957E-3,-3.852826E-1,-2.241518E-2
1.293333E1,1.150983E-1,4.481359E-2,-7.220319E-2,1.201975E-3,-2.542014E-1,-2.323015E-2
1.296667E1,1.123030E-1,4.484051E-2,-8.367310E-2,4.176329E-4,-3.014645E-1,-1.241991E-2
1.300000E1,1.095201E-1,4.484144E-2,-8.969481E-2,2.825420E-4,-5.014404E-1,-4.835279E-3
1.303333E1,1.063233E-1,4.485935E-2,-1.160285E-1,2.629680E-4,-9.700929E-1,-9.244977E-3
1.306667E1,1.017849E-1,4.485897E-2,-1.563457E-1,-3.939284E-4,-1.302926E0,-1.211472E-2
1.310000E1,9.590026E-2,4.483308E-2,-2.021290E-1,-6.349922E-4,-1.439484E0,-5.190951E-3
1.313333E1,8.830962E-2,4.481663E-2,-2.531108E-1,-6.259976E-4,-1.585580E0,-2.134585E-2
1.316667E1,7.902621E-2,4.479135E-2,-3.073169E-1,-1.946406E-3,-1.433862E0,-4.164114E-2
1.320000E1,6.782183E-2,4.468687E-2,-3.511600E-1,-3.649029E-3,-6.189357E-1,-6.042911E-2
1.323333E1,5.561554E-2,4.454808E-2,-3.509358E-1,-5.728784E-3,8.707823E-1,-3.807346E-2
1.326667E1,4.442611E-2,4.430495E-2,-2.927380E-1,-6.652512E-3,2.377328E0,-1.267100E-2
1.330000E1,3.609967E-2,4.410458E-2,-1.907858E-1,-6.147258E-3,2.581201E0,1.554262E-2
1.333333E1,3.170705E-2,4.389514E-2,-1.126644E-1,-5.813899E-3,1.445044E0,2.073771E-2
1.336667E1,2.858872E-2,4.371699E-2,-9.693447E-2,-4.702839E-3,2.357703E-1,3.870279E-3
1.340000E1,2.524475E-2,4.358162E-2,-1.006033E-1,-5.267322E-3,8.062229E-2,-1.313479E-2
1.343333E1,2.188183E-2,4.336583E-2,-9.237371E-2,-6.072087E-3,4.819639E-1,1.800891E-2
1.346667E1,1.908651E-2,4.317681E-2,-6.823173E-2,-4.016133E-3,6.905877E-1,3.670981E-2
1.350000E1,1.733305E-2,4.309809E-2,-4.427545E-2,-3.103374E-3,7.314676E-1,8.753756E-3
1.353333E1,1.613481E-2,4.296992E-2,-2.139863E-2,-3.876425E-3,5.692847E-1,1.048618E-2
1.356667E1,1.590647E-2,4.283966E-2,-3.792922E-3,-2.507278E-3,3.336232E-1,4.083216E-2
1.360000E1,1.588195E-2,4.280277E-2,-4.086750E-4,-7.943776E-4,5.977098E-2,3.387563E-2
1.363333E1,1.587923E-2,4.278671E-2,-1.427630E-4,-3.749201E-4,5.308978E-3,1.497840E-2
1.366667E1,1.587243E-2,4.277777E-2,-1.295474E-4,1.328122E-4,8.620986E-4,1.154731E-2
1.370000E1,1.587059E-2,4.279556E-2,-5.530335E-5,4.990896E-4,-2.242219E-3,2.851178E-3
1.373333E1,1.586874E-2,4.281104E-2,-2.603921E-4,2.818533E-4,3.244512E-6,-6.421445E-3
1.376667E1,1.585323E-2,4.281435E-2,-1.576099E-4,3.316480E-5,6.180968E-3,-9.233586E-3
1.380000E1,1.585824E-2,4.281325E-2,2.540513E-4,-2.897763E-4,4.456133E-3,-3.935246E-3
1.383333E1,1.587017E-2,4.279503E-2,1.542749E-4,-3.248580E-4,-2.802912E-3,1.134919E-3
1.386667E1,1.586852E-2,4.279160E-2,-1.128383E-5,-1.126467E-4,-7.511450E-3,7.588441E-3
1.390000E1,1.586941E-2,4.278752E-2,-2.648405E-4,1.129807E-4,-2.820406E-3,2.509875E-3
1.393333E1,1.585086E-2,4.279913E-2,-3.216384E-4,1.513967E-4,2.756020E-3,5.654671E-4
1.396667E1,1.584797E-2,4.279761E-2,1.335926E-5,4.754024E-5,4.506106E-3,-1.642695E-3
1.400000E1,1.585176E-2,4.280230E-2,-8.715298E-6,1.020707E-4,-2.152901E-3,-8.558195E-4
1.403333E1,1.584739E-2,4.280442E-2,-1.733308E-4,-2.161521E-5,3.545153E-4,-5.833282E-3
1.406667E1,1.584020E-2,4.280086E-2,-9.238798E-6,-2.808144E-4,3.480035E-3,-4.393988E-4
1.410000E1,1.584678E-2,4.278570E-2,1.329208E-4,-1.342361E-4,4.776318E-3,1.354240E-3
1.413333E1,1.584906E-2,4.279191E-2,2.372100E-4,-4.153864E-5,-2.525114E-3,4.280912E-3
1.416667E1,1.586259E-2,4.278293E-2,6.993684E-5,1.553997E-6,-7.008894E-3,3.012386E-3
1.420000E1,1.585372E-2,4.279201E-2,-3.395931E-4,2.696600E-4,1.261305E-3,1.400642E-4
1.423333E1,1.583995E-2,4.280091E-2,1.066989E-4,8.301330E-6,3.091372E-3,-2.130851E-3
1.426667E1,1.586084E-2,4.279257E-2,1.006970E-4,1.610407E-5,-6.280918E-4,-2.295257E-3
1.430000E1,1.584666E-2,4.280198E-2,-1.929008E-4,7.568927E-6,-4.680361E-3,3.782670E-3
1.433333E1,1.584798E-2,4.279307E-2,-5.616191E-5,9.933467E-5,3.322251E-3,-2.057714E-3
1.436667E1,1.584292E-2,4.280860E-2,-4.689553E-5,7.084365E-5,-2.482579E-3,-4.091108E-4
1.440000E1,1.584485E-2,4.279779E-2,-1.485531E-4,-1.220837E-4,3.607734E-3,-1.447119E-3
1.443333E1,1.583302E-2,4.280046E-2,6.030091E-5,8.751824E-5,4.470945E-3,2.010049E-3
1.446667E1,1.584887E-2,4.280363E-2,3.199337E-4,-1.119762E-6,-7.151806E-4,-1.743213E-3
1.450000E1,1.585434E-2,4.280039E-2,-5.928326E-5,-6.219924E-5,-4.216912E-3,-3.508713E-3
1.453333E1,1.584492E-2,4.279948E-2,-3.779601E-5,-1.883044E-4,9.135996E-4,6.844979E-4
1.456667E1,1.585182E-2,4.278784E-2,1.164969E-4,-1.028131E-4,2.751817E-3,2.115465E-3
1.460000E1,1.585268E-2,4.279263E-2,7.738627E-5,5.838630E-5,-2.300429E-3,2.328057E-3
1.463333E1,1.585698E-2,4.279173E-2,8.090239E-6,-9.698569E-6,-5.152664E-3,2.324131E-3
1.466667E1,1.585322E-2,4.279198E-2,-2.836189E-4,2.026070E-4,-1.640126E-3,1.861211E-3
1.470000E1,1.583808E-2,4.280523E-2,-1.730053E-4,1.963785E-4,5.363908E-3,-4.008339E-3
1.473333E1,1.584169E-2,4.280507E-2,1.700040E-4,-1.318334E-4,4.073947E-3,-4.584530E-3
1.476667E1,1.584941E-2,4.279645E-2,9.541799E-5,-1.345377E-4,-1.343845E-3,1.528734E-3
1.480000E1,1.584805E-2,4.279610E-2,2.354370E-5,1.947590E-5,-3.060777E-3,3.811032E-3
1.483333E1,1.585098E-2,4.279774E-2,-5.099514E-5,1.026462E-4,5.776872E-4,1.201129E-3
1.486667E1,1.584465E-2,4.280295E-2,-1.215950E-5,1.162532E-4,-3.192333E-3,2.220233E-4
1.490000E1,1.585017E-2,4.280549E-2,-1.483951E-4,9.568960E-5,1.483452E-3,-5.370791E-3
1.493333E1,1.583476E-2,4.280933E-2,-8.256206E-5,-1.874168E-4,9.067005E-4,-1.087557E-3
1.496667E1,1.584466E-2,4.279300E-2,9.434953E-5,-1.189305E-4,2.382632E-3,3.995296E-3
1.500000E1,1.584105E-2,4.280140E-2,-4.497317E-5,2.310646E-4,2.117355E-4,1.702733E-3
1.503333E1,1.584167E-2,4.280840E-2,1.384374E-4,-3.002930E-5,1.251468E-3,-5.520028E-3
1.506667E1,1.585028E-2,4.279940E-2,8.799781E-5,-2.110591E-4,-3.897082E-3,4.587191E-5
1.510000E1,1.584753E-2,4.279433E-2,-1.740808E-4,2.253703E-6,-3.163919E-3,3.748499E-3
1.513333E1,1.583867E-2,4.279955E-2,-1.424150E-4,8.465261E-5,2.522963E-3,6.864986E-4
1.516667E1,1.583804E-2,4.279998E-2,3.477579E-5,6.449629E-6,-2.235990E-3,1.486384E-3
1.520000E1,1.584099E-2,4.279998E-2,-2.459361E-4,1.681067E-4,-1.387938E-2,9.135450E-3
1.523333E1,1.582164E-2,4.281118E-2,-9.421223E-4,6.234311E-4,-1.395398E-2,1.368928E-2
1.526667E1,1.577818E-2,4.284154E-2,-1.240744E-3,1.110230E-3,4.205307E-3,-3.829248E-3
1.530000E1,1.573893E-2,4.288520E-2,-6.652981E-4,4.998759E-4,1.781967E-2,-1.892445E-2
1.533333E1,1.573383E-2,4.287486E-2,5.494491E-5,-3.986908E-4,1.511381E-2,-1.596262E-2
1.536667E1,1.574259E-2,4.285862E-2,3.202542E-4,-4.755655E-4,7.404361E-3,2.368961E-3
1.540000E1,1.575518E-2,4.284316E-2,5.156075E-4,-2.546502E-4,4.819900E-3,1.670566E-3
1.543333E1,1.577696E-2,4.284164E-2,6.703502E-4,-2.735094E-4,5.353265E-3,-6.951195E-3
1.546667E1,1.579987E-2,4.282492E-2,8.363175E-4,-7.741727E-4,-1.924113E-3,-4.098591E-3
1.550000E1,1.583272E-2,4.279003E-2,6.326577E-4,-6.488895E-4,-1.767023E-2,1.221543E-2
1.553333E1,1.584205E-2,4.278166E-2,-3.708232E-4,1.373311E-4,-1.124793E-2,1.378214E-2
1.556667E1,1.580800E-2,4.279919E-2,-3.488346E-4,3.492421E-4,5.079240E-3,-1.949513E-3
1.560000E1,1.581879E-2,4.280495E-2,2.618232E-4,-6.460808E-5,7.155697E-3,-6.176908E-3
1.563333E1,1.582545E-2,4.279488E-2,3.755245E-5,-1.297850E-4,-7.596384E-4,1.223892E-3
1.566667E1,1.582130E-2,4.279630E-2,1.364041E-4,9.290461E-5,-2.036084E-3,6.749737E-3
1.570000E1,1.583454E-2,4.280107E-2,4.931357E-5,2.891755E-4,-6.361549E-3,2.467446E-3
1.573333E1,1.582458E-2,4.281557E-2,-4.087642E-4,3.097486E-4,-8.743811E-3,-1.338097E-2
1.576667E1,1.580729E-2,4.282172E-2,-5.157030E-4,-5.540043E-4,,
1.580000E1,1.579020E-2,4.277864E-2,,,,
