	mass A						
t	x	y	vx	vy	ax	ay	
0.000	223.3	37.61				
0.033	223.3	37.61	-7.212E-2	9.848E-3		
0.067	223.3	37.61	-7.266E-2	-4.054E-2	-0.567	2.710
0.100	223.3	37.61	-8.109E-2	0.155	2.016	-2.749E-2
0.133	223.3	37.62	1.664E-2	6.848E-2	2.758	-1.836
0.167	223.3	37.61	0.157	-0.106	-0.188	-3.176
0.200	223.3	37.61	-1.316E-3	-5.001E-2	-1.518	2.306
0.233	223.3	37.61	-3.704E-3	-1.022E-2	-1.093	1.407
0.267	223.3	37.61	5.846E-3	9.080E-2	-0.130	0.520
0.300	223.3	37.62	-7.740E-2	1.187E-2	-0.450	-3.802
0.333	223.3	37.61	4.136E-3	-0.162	1.445	-1.269
0.367	223.3	37.60	2.316E-2	-0.118	-1.502	3.736
0.400	223.3	37.61	-9.020E-2	0.134	1.978	3.664
0.433	223.3	37.61	8.859E-2	0.144	2.209	-1.238
0.467	223.3	37.62	0.178	1.858E-2	0.158	-2.213
0.500	223.3	37.61	3.173E-3	-5.121E-3	-4.089	-1.405
0.533	223.3	37.61	-5.334E-2	-5.560E-2	-0.210	-1.069
0.567	223.3	37.61	-4.458E-2	-0.100	-1.201	1.645
0.600	223.3	37.61	-8.350E-2	5.092E-2	0.693	1.325
0.633	223.3	37.61	-6.349E-2	4.191E-2	1.747	-1.225
0.667	223.3	37.61	8.775E-2	-9.013E-2	2.492	-2.748
0.700	223.3	37.61	8.814E-2	-0.115	-1.904	1.264
0.733	223.3	37.60	-2.937E-2	-3.230E-2	-2.730	4.477
0.767	223.3	37.61	-0.124	0.204	0.632	0.577
0.800	223.3	37.62	1.294E-2	6.211E-2	3.020	-2.806
0.833	223.3	37.61	0.115	-9.160E-2	1.734	-3.737
0.867	223.3	37.61	0.102	-0.101	-1.418	1.497
0.900	223.3	37.60	3.782E-2	-6.373E-2	-2.576	0.687
0.933	223.3	37.61	-8.548E-2	1.703E-2	-1.586	1.568
0.967	223.3	37.60	-7.877E-2	-1.010E-2	-0.181	1.131
1.000	223.3	37.61	-6.858E-2	0.107	2.582	1.822
1.033	223.3	37.61	4.949E-2	0.131	1.687	-2.318
1.067	223.3	37.61	0.111	-5.070E-2	-0.363	-4.287
1.100	223.3	37.61	-2.222E-2	-0.187	-3.289	0.215
1.133	223.3	37.60	-9.685E-2	-3.858E-2	-0.705	3.265
1.167	223.3	37.61	-8.446E-2	7.793E-2	1.207	1.728
1.200	223.3	37.61	8.247E-4	4.569E-2	2.062	-2.238
1.233	223.3	37.61	5.119E-2	-5.223E-2	0.316	-0.820
1.267	223.3	37.60	2.906E-2	-5.154E-2	-0.494	1.132
1.300	223.3	37.61	1.477E-3	6.351E-2	-2.680	2.017
1.333	223.3	37.61	-0.120	7.393E-2	0.614	-1.049
1.367	223.2	37.61	-3.060E-2	-3.088E-4	1.316	-2.000
1.400	223.3	37.61	6.932E-2	-7.722E-2	2.048	1.056
1.433	223.3	37.61	2.613E-2	5.737E-2	8.462E-2	-0.447
1.467	223.3	37.61	0.115	-3.206E-2	-0.279	-2.402
1.500	223.3	37.60	1.335E-2	-0.199	-1.116	-1.438
1.533	223.3	37.60	-4.218E-3	-8.329E-2	1.264	3.168
1.567	223.3	37.60	0.133	1.117E-2	-0.332	1.548
1.600	223.3	37.60	-7.769E-4	2.913E-2	-1.732	0.246
1.633	223.3	37.60	-5.781E-2	1.234E-2	-2.440	0.893
1.667	223.3	37.60	-8.205E-2	8.597E-2	2.398	2.644
1.700	223.3	37.61	8.875E-3	0.199	-0.129	1.020
1.733	223.3	37.61	2.911E-2	0.170	-0.972	-2.574
1.767	223.3	37.62	-0.156	9.750E-3	-0.156	-3.889
1.800	223.3	37.61	3.582E-2	-9.844E-2	2.996	-2.231
1.833	223.3	37.61	9.867E-2	-0.133	0.845	1.376
1.867	223.3	37.61	3.621E-2	-2.272E-2	-2.872	2.909
1.900	223.3	37.61	-5.123E-2	9.631E-2	0.152	1.601
1.933	223.3	37.61	-1.631E-2	7.038E-2	1.116	-1.386
1.967	223.3	37.61	9.271E-2	2.776E-3	1.220	-1.688
2.000	223.3	37.61	3.054E-2	-4.921E-2	-3.821	-0.658
2.033	223.3	37.61	-0.137	-4.048E-2	-1.610	1.008
2.067	223.3	37.61	-0.140	1.881E-2	4.136	3.486E-2
2.100	223.3	37.61	0.180	-1.804E-2	4.026	-1.191
2.133	223.3	37.61	0.179	-8.948E-2	-3.275	-0.318
2.167	223.3	37.60	-9.632E-2	-3.347E-2	-5.303	-5.612E-2
2.200	223.3	37.61	-0.183	-6.786E-2	0.292	2.355
2.233	223.3	37.60	-6.974E-2	6.183E-2	2.744	0.818
2.267	223.3	37.61	2.415E-2	8.678E-2	2.581	1.530
2.300	223.3	37.61	8.062E-2	5.662E-2	0.398	-2.843
2.333	223.3	37.61	7.577E-2	3.332E-4	-1.724	-0.639
2.367	223.3	37.61	-5.077E-2	-8.821E-2	-1.729	-0.311
2.400	223.3	37.61	-5.753E-2	4.543E-2	-0.375	0.485
2.433	223.3	37.61	-4.357E-2	-5.633E-2	2.168	0.577
2.467	223.3	37.60	4.688E-2	2.462E-2	-8.028E-2	-0.152
2.500	223.3	37.61	1.903E-2	2.971E-2	-0.859	-0.439
2.533	223.3	37.61	-8.446E-2	-9.340E-2	-1.171	-0.569
2.567	223.3	37.60	-1.979E-2	2.732E-2	5.099	2.058
2.600	223.3	37.61	0.216	5.621E-2	3.267	0.202
2.633	223.3	37.61	0.286	2.401E-2	-3.909	0.412
2.667	223.3	37.61	-9.220E-2	7.924E-2	-8.276	1.524
2.700	223.3	37.61	-0.306	0.142	-0.924	-1.605
2.733	223.3	37.62	-0.144	-1.187E-2	5.825	-3.607
2.767	223.3	37.61	0.113	-0.148	2.557	-1.653
2.800	223.3	37.61	5.458E-2	-9.718E-2	-2.686	-0.181
2.833	223.3	37.61	-0.122	-0.144	-1.313	0.275
2.867	223.3	37.60	-3.205E-2	-0.119	3.252	1.149
2.900	223.3	37.60	0.122	-2.678E-2	1.954	6.127
2.933	223.3	37.60	0.104	0.234	-1.049	1.749
2.967	223.3	37.61	3.004E-2	0.210	-2.922	-3.170
3.000	223.3	37.61	-7.223E-2	-9.770E-2	-2.323	-4.828
3.033	223.3	37.61	-0.151	-7.877E-2	0.169	1.127
3.067	223.3	37.61	-5.629E-2	-1.536E-2	4.056	1.532
3.100	223.3	37.61	0.127	2.567E-2	1.678	8.889E-2
3.133	223.3	37.61	9.201E-2	-4.761E-3	-0.602	-0.124
3.167	223.3	37.61	2.391E-2	-2.201E-3	-1.574	0.955
3.200	223.3	37.61	3.405E-2	7.284E-2	-1.332	0.612
3.233	223.3	37.61	-8.254E-2	4.909E-2	-2.345	-0.554
3.267	223.3	37.61	-0.132	1.306E-2	0.908	-1.044
3.300	223.3	37.61	-2.493E-2	-2.331E-3	4.315	-3.238
3.333	223.3	37.61	0.168	-0.193	1.502	1.518
3.367	223.3	37.60	0.110	8.035E-3	-2.239	1.990
3.400	223.3	37.61	-3.888E-2	0.102	-4.448	1.144
3.433	223.3	37.61	-0.147	-5.710E-2	1.178	-2.749
3.467	223.3	37.61	-2.638E-2	-6.218E-3	1.545	0.155
3.500	223.3	37.61	5.964E-2	-7.503E-2	8.038E-2	-0.283
3.533	223.3	37.60	-9.520E-2	-3.017E-2	-0.714	3.659
3.567	223.3	37.60	1.405E-2	0.168	1.176	1.517
3.600	223.3	37.61	3.194E-2	0.128	1.353	-0.728
3.633	223.3	37.61	4.337E-2	3.618E-2	0.779	-3.331
3.667	223.3	37.62	0.133	-2.276E-2	-0.408	-0.610
3.700	223.3	37.61	8.909E-3	-7.272E-2	4.658	5.229
3.733	223.3	37.61	0.353	0.331	9.018	20.81
3.767	223.3	37.63	0.758	1.295	11.82	27.24
3.800	223.3	37.70	1.022	2.248	12.66	12.05
3.833	223.4	37.78	1.650	2.146	-31.54	22.71
3.867	223.4	37.84	-0.656	3.374	-248.9	11.48
3.900	223.3	38.01	-14.18	3.629	-407.3	-8.746
3.933	222.5	38.08	-29.86	2.178	-274.7	-25.10
3.967	221.3	38.15	-32.60	2.125	-90.56	-12.86
4.000	220.3	38.22	-34.12	1.441	-124.2	4.772
4.033	219.0	38.25	-41.63	2.048	-294.8	17.61
4.067	217.5	38.36	-53.29	3.127	-405.8	-12.90
4.100	215.5	38.46	-69.16	1.176	-266.4	-38.72
4.133	212.9	38.44	-72.90	1.246E-2	-82.88	-9.479
4.167	210.6	38.46	-71.79	0.898	-227.7	23.08
4.200	208.1	38.50	-87.83	1.527	-554.7	12.96
4.233	204.8	38.56	-110.5	1.800	-781.2	-24.29
4.267	200.8	38.62	-138.4	0.100	-955.2	-57.17
4.300	195.6	38.57	-175.2	-2.375	-725.3	-47.53
4.333	189.1	38.46	-190.1	-3.070	-485.9	-8.858
4.367	182.9	38.36	-201.6	-2.842	-472.9	2.190
4.400	175.6	38.27	-225.4	-2.878	-221.3	-23.89
4.433	167.9	38.17	-218.7	-4.318	713.4	-38.20
4.467	161.1	37.98	-176.2	-5.744	2.226E3	27.30
4.500	156.1	37.79	-75.17	-2.801	1.456E3	32.49
4.533	156.1	37.80	-54.38	-2.302	-62.68	-8.411
4.567	152.5	37.63	-105.3	-4.589	-1.051E3	-64.76
4.600	149.0	37.49	-114.7	-5.925	-101.3	-41.71
4.633	144.8	37.24	-116.9	-7.844	155.6	-30.18
4.667	141.2	36.97	-101.0	-7.823	405.8	7.104
4.700	138.1	36.72	-89.90	-7.282	404.7	24.56
4.733	135.2	36.48	-75.20	-6.268	509.3	55.84
4.767	133.1	36.30	-55.06	-3.640	725.4	77.11
4.800	131.6	36.24	-27.95	-0.840	683.8	72.81
4.833	131.2	36.24	-6.550	1.078	412.9	33.46
4.867	131.1	36.31	-1.788	1.600	93.04	0.579
4.900	131.1	36.35	-0.823	0.885	18.96	-13.11
4.933	131.1	36.37	-0.499	0.705	6.138	-5.053
4.967	131.1	36.40	-0.485	0.631	1.563	-2.902
5.000	131.1	36.41	-0.381	0.458	4.117	-5.564
5.033	131.0	36.43	-0.220	0.297	4.269	-4.619
5.067	131.0	36.43	-7.642E-2	0.117	3.247	-1.793
5.100	131.0	36.44	-1.401E-2	0.174	1.806	0.174
5.133	131.0	36.44	4.341E-2	0.174	0.866	-0.261
5.167	131.0	36.45	5.074E-2	0.112	0.915	-4.102
5.200	131.0	36.45	8.625E-2	-4.905E-2	-0.437	-2.603
5.233	131.0	36.44	5.357E-2	-0.136	-1.528	-0.165
5.267	131.0	36.44	-4.753E-2	-6.288E-3	-2.228	2.660
5.300	131.0	36.44	-8.229E-2	3.141E-2	0.341	0.922
5.333	131.0	36.44	-3.915E-2	5.365E-2	1.411	-0.647
5.367	131.0	36.45	3.311E-2	-1.351E-3	1.494	-0.152
5.400	131.0	36.44	5.104E-2	1.229E-2	-0.832	-1.691
5.433	131.0	36.45	-9.513E-3	-6.071E-2	-1.508	0.518
5.467	131.0	36.44	-7.308E-2	-3.328E-2	0.234	1.015
5.500	131.0	36.45	8.522E-3	8.799E-2	2.139	2.068
5.533	131.0	36.45	8.813E-2	5.849E-2	-2.245	0.135
5.567	131.0	36.45	-0.119	0.110	-1.699	-7.259E-2
5.600	131.0	36.45	-0.118	6.589E-2	1.519	-1.145
5.633	131.0	36.45	7.709E-2	9.520E-3	3.423	-1.765
5.667	131.0	36.45	7.169E-2	-3.157E-2	-1.237	-0.605
5.700	131.0	36.45	1.228E-2	-5.184E-2	-0.287	-1.175
5.733	131.0	36.45	1.792E-2	-8.422E-2	-0.353	1.746
5.767	131.0	36.45	3.152E-2	1.789E-2	0.410	1.856
5.800	131.0	36.45	8.802E-3	0.107	-1.807	1.984
5.833	131.0	36.45	-5.218E-2	9.515E-2	-0.801	-2.141
5.867	131.0	36.46	-9.012E-2	1.480E-2	1.610	-2.952
5.900	131.0	36.45	7.496E-2	-0.150	4.019	-2.720
5.933	131.0	36.45	0.194	-0.153	0.863	2.458
5.967	131.0	36.44	0.135	1.404E-3	-0.900	4.548
6.000	131.1	36.45	0.102	0.182	-0.685	2.363
6.033	131.1	36.46	0.118	0.160	-1.965	-3.352
6.067	131.1	36.46	-2.721E-2	-4.531E-2	-3.027	-3.014
6.100	131.1	36.45	-0.117	-8.736E-2	-1.920	-0.216
6.133	131.1	36.45	-0.126	-7.789E-3	0.703	1.750
6.167	131.0	36.45	-9.352E-2	4.398E-3	0.890	-2.515
6.200	131.0	36.45	-3.992E-2	-0.138	1.960	-2.147
6.233	131.0	36.44	1.352E-2	-0.208	1.359	2.082
6.267	131.0	36.44	7.338E-2	3.587E-2	0.381	2.809
6.300	131.0	36.45	3.167E-2	2.513E-2	-2.126	0.612
6.333	131.0	36.44	-6.740E-2	-3.532E-3	-1.652	0.117
6.367	131.0	36.45	-9.745E-2	9.274E-2	1.536	0.735
6.400	131.0	36.45	3.994E-2	2.671E-2	2.821	-4.629
6.433	131.0	36.45	0.118	-0.198	-1.163	-0.373
6.467	131.0	36.43	-3.979E-2	-8.685E-2	-2.042	2.250
6.500	131.0	36.44	-6.811E-2	8.080E-2	0.398	1.193
6.533	131.0	36.44	3.631E-2	-8.062E-2	0.478	7.865E-2
6.567	131.0	36.44	-4.091E-2	6.805E-2	-1.323	2.071
6.600	131.0	36.44	-7.880E-2	0.132	1.031E-2	2.303
6.633	131.0	36.44	-2.131E-2	0.143	1.229	-3.085
6.667	131.0	36.45	2.611E-3	1.706E-2	-0.419	-1.501
6.700	131.0	36.45	-4.352E-2	-7.287E-2	-0.739	-1.097
6.733	131.0	36.45	-6.575E-2	3.603E-2	1.407	2.609
6.767	131.0	36.45	5.270E-2	5.085E-2	2.146	-2.033
6.800	131.0	36.45	0.104	-4.668E-2	2.161	-9.147E-2
6.833	131.0	36.44	0.160	-3.916E-2	-1.782	-2.365
6.867	131.1	36.45	4.722E-2	-9.623E-2	-3.178	1.007
6.900	131.0	36.44	-0.129	-9.739E-2	-0.703	2.640
6.933	131.0	36.44	2.118E-2	0.174	13.12	22.98
6.967	131.0	36.45	0.697	1.262	4.465	11.35
7.000	131.1	36.53	0.559	1.361	-11.12	-11.38
7.033	131.1	36.54	-0.298	0.123	-21.12	-19.71
7.067	131.1	36.54	-0.755	6.766E-2	-2.176	2.449
7.100	131.0	36.55	-0.571	0.382	5.778	-9.154E-2
7.133	131.0	36.56	-0.180	0.103	6.399	-5.282
7.167	131.0	36.55	-0.240	-0.107	-0.915	2.927
7.200	131.0	36.55	-0.221	0.349	4.827	-1.904
7.233	131.0	36.58	3.859E-2	-6.495E-2	4.898	-12.27
7.267	131.0	36.55	0.197	-0.726	0.720	-9.197
7.300	131.0	36.53	2.700E-2	-0.572	-1.536	3.657
7.333	131.0	36.51	7.606E-2	-0.465	1.491	4.514
7.367	131.0	36.50	0.170	-0.303	1.467	4.698
7.400	131.0	36.49	0.153	-0.116	-3.456	3.465
7.433	131.0	36.49	-3.123E-2	-8.252E-2		
7.467	131.0	36.49				
