	mass A						
t	x	y	vx	vy	ax	ay	
0.000	-1.972E-2	5.478E-4				
0.033	-1.964E-2	5.707E-4	1.548E-3	5.696E-4		
0.067	-1.962E-2	5.858E-4	8.086E-4	7.120E-4	-2.956E-2	-3.408E-3
0.100	-1.959E-2	6.181E-4	-1.173E-4	4.995E-4	-2.358E-2	-1.047E-2
0.133	-1.963E-2	6.191E-4	-1.089E-3	-1.339E-4	-2.098E-2	-1.366E-2
0.167	-1.966E-2	6.092E-4	-1.304E-3	-3.793E-4	4.335E-3	-4.079E-3
0.200	-1.971E-2	5.938E-4	-9.803E-4	-4.128E-4	1.596E-2	-6.629E-4
0.233	-1.973E-2	5.817E-4	-6.711E-5	-3.938E-4	1.553E-2	1.577E-3
0.267	-1.972E-2	5.676E-4	7.581E-5	-3.355E-4	8.312E-4	3.161E-3
0.300	-1.972E-2	5.593E-4	-9.760E-5	-1.656E-4	-6.248E-3	-7.239E-3
0.333	-1.972E-2	5.565E-4	-2.964E-4	-7.166E-4	1.210E-3	-7.210E-3
0.367	-1.974E-2	5.115E-4	-1.187E-4	-9.028E-4	7.064E-3	6.976E-3
0.400	-1.973E-2	4.963E-4	2.962E-4	-8.618E-5	6.103E-3	1.667E-2
0.433	-1.972E-2	5.058E-4	2.642E-4	2.542E-4	-3.671E-3	1.154E-3
0.467	-1.972E-2	5.133E-4	3.915E-5	-3.349E-5	-6.501E-3	-8.751E-3
0.500	-1.972E-2	5.036E-4	-1.846E-4	-3.855E-4	-1.159E-2	-7.682E-3
0.533	-1.973E-2	4.876E-4	-6.794E-4	-5.284E-4	-1.118E-2	3.268E-3
0.567	-1.976E-2	4.683E-4	-1.042E-3	-2.195E-4	-1.210E-2	2.507E-3
0.600	-1.980E-2	4.730E-4	-1.361E-3	-2.030E-4	9.034E-3	1.335E-3
0.633	-1.985E-2	4.548E-4	-6.986E-4	-3.125E-4	2.412E-2	4.863E-3
0.667	-1.984E-2	4.521E-4	5.607E-4	1.968E-4	2.174E-2	1.109E-2
0.700	-1.982E-2	4.679E-4	6.840E-4	4.727E-4	-1.476E-3	2.583E-3
0.733	-1.980E-2	4.836E-4	4.218E-4	3.469E-4	-5.504E-3	-2.665E-3
0.767	-1.979E-2	4.910E-4	2.846E-4	2.549E-4	3.520E-3	-2.239E-3
0.800	-1.978E-2	5.006E-4	6.369E-4	2.326E-4	1.623E-3	-5.091E-3
0.833	-1.975E-2	5.066E-4	5.457E-4	-6.954E-5	-5.088E-3	-5.205E-3
0.867	-1.974E-2	4.960E-4	1.281E-4	-1.946E-4	-8.608E-3	-3.217E-3
0.900	-1.974E-2	4.936E-4	4.676E-5	-1.961E-4	-2.709E-3	8.950E-4
0.933	-1.974E-2	4.829E-4	-7.384E-5	-2.042E-4	-2.905E-3	3.480E-3
0.967	-1.974E-2	4.800E-4	-1.391E-4	6.469E-5	-2.255E-4	2.975E-3
1.000	-1.975E-2	4.872E-4	-1.032E-4	4.599E-5	7.141E-4	-2.122E-3
1.033	-1.975E-2	4.830E-4	-6.329E-5	-1.451E-4	1.397E-3	-9.906E-4
1.067	-1.975E-2	4.776E-4	-3.591E-5	-2.135E-5	1.337E-3	1.327E-3
1.100	-1.975E-2	4.816E-4	4.259E-5	3.751E-6	1.633E-3	1.437E-3
1.133	-1.975E-2	4.778E-4	7.069E-5	3.599E-6	1.431E-3	2.515E-3
1.167	-1.975E-2	4.819E-4	1.288E-4	2.093E-4	-4.318E-4	1.141E-3
1.200	-1.974E-2	4.918E-4	7.185E-5	1.142E-4	-5.401E-4	-4.197E-3
1.233	-1.974E-2	4.895E-4	4.246E-5	-1.271E-4	2.592E-4	-6.262E-3
1.267	-1.974E-2	4.833E-4	1.271E-4	-2.802E-4	1.328E-2	2.701E-3
1.300	-1.973E-2	4.708E-4	8.194E-4	-1.699E-5	1.737E-2	8.072E-3
1.333	-1.968E-2	4.822E-4	1.484E-3	3.697E-4	-4.377E-3	7.868E-3
1.367	-1.964E-2	4.954E-4	5.525E-4	4.563E-4	-2.360E-2	-2.343E-3
1.400	-1.965E-2	5.126E-4	-3.468E-4	2.620E-4	-1.790E-2	-6.077E-3
1.433	-1.966E-2	5.129E-4	-4.873E-4	-2.436E-5	-8.508E-4	-2.790E-3
1.467	-1.968E-2	5.109E-4	-4.713E-4	8.223E-5	7.010E-3	4.712E-3
1.500	-1.969E-2	5.184E-4	4.412E-6	3.208E-4	4.507E-3	1.653E-4
1.533	-1.968E-2	5.323E-4	-5.335E-5	1.408E-4	-5.017E-3	-3.375E-3
1.567	-1.969E-2	5.278E-4	-4.721E-4	-1.500E-5	-1.400E-2	3.485E-3
1.600	-1.971E-2	5.313E-4	-8.953E-4	4.052E-4	-7.446E-3	4.508E-3
1.633	-1.975E-2	5.548E-4	-1.093E-3	3.970E-4	8.377E-3	-4.158E-3
1.667	-1.978E-2	5.578E-4	-3.192E-4	9.499E-6	1.024E-2	-6.695E-3
1.700	-1.977E-2	5.554E-4	-1.961E-4	-3.414E-5	-7.113E-3	9.897E-4
1.733	-1.980E-2	5.555E-4	-9.718E-4	8.603E-5	-2.215E-2	1.068E-2
1.767	-1.984E-2	5.611E-4	-1.638E-3	6.302E-4	-1.137E-2	3.478E-3
1.800	-1.991E-2	5.975E-4	-1.818E-3	5.197E-4	1.030E-2	-1.337E-2
1.833	-1.996E-2	5.958E-4	-9.441E-4	-4.355E-4	2.265E-2	-2.099E-2
1.867	-1.997E-2	5.685E-4	-1.532E-4	-8.963E-4	1.727E-2	1.450E-3
1.900	-1.997E-2	5.360E-4	1.154E-4	-3.898E-4	5.562E-3	1.505E-2
1.933	-1.996E-2	5.425E-4	2.537E-4	2.737E-4	-3.994E-3	7.745E-3
1.967	-1.995E-2	5.543E-4	-1.308E-4	1.017E-4	-6.373E-3	-5.355E-3
2.000	-1.997E-2	5.493E-4	-2.970E-4	-1.643E-4	-1.322E-3	-3.649E-3
2.033	-1.997E-2	5.433E-4	-1.121E-4	-1.185E-4	2.973E-3	1.281E-3
2.067	-1.998E-2	5.414E-4	-1.270E-4	-5.933E-5	5.011E-3	6.165E-3
2.100	-1.998E-2	5.394E-4	1.762E-4	2.405E-4	5.122E-3	1.978E-3
2.133	-1.997E-2	5.574E-4	3.274E-4	2.066E-4	1.852E-3	-2.282E-3
2.167	-1.996E-2	5.532E-4	2.042E-4	-6.012E-5	-6.641E-3	-4.059E-3
2.200	-1.995E-2	5.534E-4	-4.158E-5	3.916E-6	-7.472E-3	-2.506E-4
2.233	-1.996E-2	5.534E-4	-3.730E-4	-7.685E-5	-4.649E-3	-1.098E-3
2.267	-1.998E-2	5.483E-4	-3.372E-4	-9.843E-5	3.624E-4	-1.142E-3
2.300	-1.999E-2	5.468E-4	-3.095E-4	-1.160E-4	-3.371E-4	-1.159E-3
2.333	-2.000E-2	5.406E-4	-3.853E-4	-2.023E-4	4.531E-3	3.195E-3
2.367	-2.001E-2	5.334E-4	-5.460E-5	6.349E-5	8.240E-3	3.385E-3
2.400	-2.000E-2	5.448E-4	2.701E-4	1.349E-4	2.346E-3	-3.234E-3
2.433	-1.999E-2	5.424E-4	6.980E-5	-2.292E-4	-5.513E-3	-4.005E-3
2.467	-2.000E-2	5.295E-4	-1.392E-4	-1.767E-4	-2.029E-3	2.817E-3
2.500	-2.000E-2	5.306E-4	-6.536E-5	3.941E-5	2.455E-3	2.971E-3
2.533	-2.000E-2	5.321E-4	5.772E-5	4.125E-7	2.931E-3	-1.281E-4
2.567	-2.000E-2	5.306E-4	1.134E-4	8.615E-6	-7.967E-4	-5.121E-4
2.600	-1.999E-2	5.327E-4	3.130E-5	-2.031E-6	-4.909E-4	5.677E-4
2.633	-2.000E-2	5.305E-4	2.368E-5	8.983E-6	-1.183E-3	-7.001E-5
2.667	-1.999E-2	5.333E-4	1.958E-5	3.214E-5	-1.557E-3	1.563E-4
2.700	-2.000E-2	5.326E-4	-1.265E-4	-8.576E-6	-4.547E-4	1.370E-3
2.733	-2.000E-2	5.327E-4	-2.063E-5	1.184E-4	1.745E-3	2.876E-3
2.767	-2.000E-2	5.405E-4	4.191E-5	2.163E-4	-9.297E-4	-8.123E-4
2.800	-2.000E-2	5.472E-4	-1.102E-4	6.282E-5	-1.364E-3	-5.749E-3
2.833	-2.000E-2	5.447E-4	-7.836E-5	-1.876E-4	-5.187E-4	-3.931E-3
2.867	-2.000E-2	5.347E-4	-8.384E-5	-2.231E-4	4.830E-4	2.209E-3
2.900	-2.001E-2	5.298E-4	-1.096E-4	-1.989E-5	7.803E-4	3.995E-3
2.933	-2.001E-2	5.333E-4	8.196E-6	7.264E-5	2.457E-3	1.639E-3
2.967	-2.001E-2	5.347E-4	4.614E-5	5.927E-5	-5.533E-4	-2.278E-3
3.000	-2.001E-2	5.373E-4	-1.747E-5	-5.047E-5	1.015E-3	1.165E-3
3.033	-2.001E-2	5.313E-4	6.693E-5	6.261E-5	3.466E-4	9.174E-4
3.067	-2.000E-2	5.415E-4	8.336E-5	1.242E-4	7.697E-4	2.067E-3
3.100	-2.000E-2	5.396E-4	3.943E-5	9.285E-5	1.412E-3	-7.717E-4
3.133	-2.000E-2	5.477E-4	2.161E-4	1.539E-4	1.848E-3	-6.084E-4
3.167	-1.999E-2	5.498E-4	1.852E-4	1.320E-5	-2.428E-3	-1.839E-3
3.200	-1.999E-2	5.485E-4	2.112E-5	2.043E-5	-1.908E-3	-2.810E-4
3.233	-1.999E-2	5.512E-4	4.525E-5	2.660E-5	1.080E-3	-2.599E-3
3.267	-1.998E-2	5.503E-4	1.248E-4	-1.579E-4	4.780E-4	-2.560E-3
3.300	-1.998E-2	5.407E-4	7.222E-5	-1.883E-4	-5.874E-4	7.855E-5
3.333	-1.998E-2	5.378E-4	6.516E-5	-1.030E-4	-1.466E-3	2.174E-3
3.367	-1.998E-2	5.338E-4	8.576E-6	-6.916E-5	-1.507E-3	1.642E-3
3.400	-1.998E-2	5.331E-4	-7.290E-5	1.737E-5	-2.972E-4	9.447E-4
3.433	-1.998E-2	5.350E-4	6.354E-7	4.632E-6	1.050E-3	8.842E-4
3.467	-1.998E-2	5.335E-4	1.573E-5	4.390E-5	-5.296E-4	-1.031E-3
3.500	-1.998E-2	5.379E-4	-5.008E-5	-1.084E-5	-1.541E-3	2.849E-4
3.533	-1.998E-2	5.327E-4	-8.726E-5	-1.154E-5	5.560E-5	-7.336E-4
3.567	-1.999E-2	5.371E-4	-5.234E-5	1.807E-5	7.051E-4	8.973E-4
3.600	-1.999E-2	5.339E-4	-2.316E-5	-1.610E-5	-1.567E-3	-3.731E-3
3.633	-1.999E-2	5.361E-4	-1.521E-4	-1.598E-4	-1.196E-3	-2.443E-3
3.667	-2.000E-2	5.233E-4	-1.490E-4	-2.703E-4	3.251E-3	4.728E-4
3.700	-2.000E-2	5.180E-4	9.515E-5	-7.579E-5	2.415E-3	4.611E-3
3.733	-1.999E-2	5.182E-4	5.627E-5	3.957E-5	-1.716E-3	4.644E-3
3.767	-1.999E-2	5.207E-4	-8.882E-5	2.119E-4	-1.509E-3	2.453E-3
3.800	-2.000E-2	5.324E-4	-2.042E-5	2.520E-4	3.277E-3	1.290E-4
3.833	-1.999E-2	5.375E-4	1.252E-4	1.701E-4	1.490E-3	-3.199E-3
3.867	-1.999E-2	5.437E-4	1.164E-4	7.376E-5	-1.527E-3	-5.182E-3
3.900	-1.999E-2	5.424E-4	-1.821E-5	-1.887E-4	-5.181E-3	-3.858E-3
3.933	-1.999E-2	5.311E-4	-1.988E-4	-2.260E-4	-2.070E-3	1.235E-3
3.967	-2.000E-2	5.273E-4	-2.162E-4	-6.060E-5	1.729E-3	4.544E-3
4.000	-2.000E-2	5.271E-4	-2.934E-5	6.570E-5	4.821E-4	1.992E-3
4.033	-2.000E-2	5.317E-4	-1.632E-4	9.212E-5	2.834E-4	-3.861E-3
4.067	-2.001E-2	5.332E-4	-1.046E-4	-1.828E-4	3.275E-3	-1.890E-3
4.100	-2.001E-2	5.195E-4	1.489E-4	-1.323E-4	5.039E-3	4.640E-3
4.133	-2.000E-2	5.244E-4	1.950E-4	2.273E-4	9.543E-4	4.562E-3
4.167	-2.000E-2	5.347E-4	2.220E-4	1.742E-4	-1.486E-3	-9.588E-4
4.200	-1.999E-2	5.360E-4	1.044E-4	1.045E-4	-3.719E-3	-1.197E-3
4.233	-1.999E-2	5.416E-4	-4.988E-5	1.364E-4	-1.522E-3	-1.712E-3
4.267	-1.999E-2	5.451E-4	-6.588E-6	-1.149E-5	1.148E-3	-5.154E-3
4.300	-1.999E-2	5.409E-4	6.097E-5	-2.221E-4	-1.482E-5	-3.574E-3
4.333	-1.999E-2	5.303E-4	-1.756E-5	-2.674E-4	1.185E-4	3.483E-3
4.367	-1.999E-2	5.230E-4	3.872E-5	5.852E-6	1.247E-3	6.848E-3
4.400	-1.999E-2	5.307E-4	1.125E-4	2.439E-4	4.733E-4	2.651E-3
4.433	-1.998E-2	5.393E-4	4.591E-5	1.677E-4	-2.522E-3	-1.437E-3
4.467	-1.998E-2	5.419E-4	-4.752E-5	1.148E-4	9.121E-4	-2.322E-3
4.500	-1.999E-2	5.469E-4	6.525E-5	5.104E-5	1.066E-3	-1.115E-3
4.533	-1.998E-2	5.453E-4	1.049E-4	-9.997E-7	-1.053E-3	-7.156E-4
4.567	-1.998E-2	5.469E-4	-6.662E-5	3.397E-5	-3.749E-3	-1.216E-3
4.600	-1.998E-2	5.475E-4	-1.291E-4	-7.915E-5	-4.008E-3	-3.197E-3
4.633	-1.999E-2	5.416E-4	-3.163E-4	-2.019E-4	-1.077E-3	2.450E-3
4.667	-2.000E-2	5.341E-4	-2.697E-4	5.176E-5	1.882E-3	5.254E-3
4.700	-2.001E-2	5.451E-4	-1.055E-4	2.434E-4	1.571E-3	3.158E-4
4.733	-2.001E-2	5.503E-4	-1.970E-4	2.720E-5	8.779E-4	-3.385E-3
4.767	-2.002E-2	5.469E-4	-8.106E-5	-1.918E-5	3.690E-3	-8.120E-4
4.800	-2.002E-2	5.490E-4	1.030E-4	2.177E-5	3.372E-3	2.925E-4
4.833	-2.001E-2	5.483E-4	1.229E-4	-2.358E-5	-9.042E-4	-1.449E-3
4.867	-2.001E-2	5.474E-4	5.292E-5	-6.398E-5	-3.514E-3	-4.938E-4
4.900	-2.001E-2	5.441E-4	-1.197E-4	-7.137E-5	-1.422E-3	4.130E-4
4.933	-2.002E-2	5.427E-4	-7.869E-5	-2.460E-5	2.448E-3	2.108E-3
4.967	-2.001E-2	5.424E-4	9.227E-5	5.969E-5	3.001E-3	1.057E-3
5.000	-2.001E-2	5.467E-4	1.127E-4	7.113E-5	1.207E-4	-7.187E-4
5.033	-2.001E-2	5.472E-4	9.321E-5	-1.057E-5	3.033E-3	-2.564E-4
5.067	-2.000E-2	5.460E-4	2.860E-4	4.366E-5	-1.708E-4	6.032E-4
5.100	-1.999E-2	5.501E-4	1.832E-4	6.425E-5	-2.605E-3	-1.602E-3
5.133	-1.999E-2	5.503E-4	-1.738E-5	-7.910E-5	-1.697E-3	9.825E-4
5.167	-1.999E-2	5.448E-4	1.353E-4	7.922E-5	4.378E-3	2.260E-3
5.200	-1.998E-2	5.555E-4	2.633E-4	1.743E-4	-1.807E-3	-9.741E-4
5.233	-1.997E-2	5.564E-4	6.858E-5	-5.159E-5	-7.624E-3	-5.917E-3
5.267	-1.998E-2	5.521E-4	-3.175E-4	-2.099E-4	-2.391E-3	-2.582E-3
5.300	-1.999E-2	5.424E-4	-1.279E-4	-2.424E-4	5.422E-3	2.988E-3
5.333	-1.999E-2	5.359E-4	1.506E-4	-1.164E-5	9.550E-4	5.670E-3
5.367	-1.998E-2	5.416E-4	-8.471E-5	1.798E-4	-3.087E-3	9.286E-4
5.400	-1.999E-2	5.479E-4	-1.346E-4	4.676E-5	9.570E-3	1.612E-3
5.433	-1.999E-2	5.448E-4	5.537E-4	2.031E-4	1.498E-2	9.286E-3
5.467	-1.996E-2	5.615E-4	1.003E-3	7.373E-4	-4.432E-3	7.623E-3
5.500	-1.992E-2	5.939E-4	2.559E-4	7.660E-4	-2.017E-2	-3.735E-3
5.533	-1.994E-2	6.125E-4	-5.081E-4	4.155E-4	-1.716E-2	-1.610E-2
5.567	-1.996E-2	6.216E-4	-7.925E-4	-2.446E-4	-4.476E-3	-1.275E-2
5.600	-1.999E-2	5.962E-4	-8.638E-4	-5.867E-4	6.714E-3	-4.391E-3
5.633	-2.002E-2	5.825E-4	-3.419E-4	-4.130E-4	9.001E-3	7.193E-3
5.667	-2.001E-2	5.687E-4	-1.368E-4	-1.680E-4	-4.089E-3	5.291E-3
5.700	-2.002E-2	5.713E-4	-6.799E-4	1.900E-5	2.383E-3	5.516E-3
5.733	-2.006E-2	5.699E-4	-1.699E-4	1.239E-4	1.123E-2	-2.631E-4
5.767	-2.004E-2	5.796E-4	4.021E-4	8.597E-5	7.519E-3	-2.543E-3
5.800	-2.003E-2	5.757E-4	1.276E-4	-1.257E-4	-3.339E-3	-2.857E-3
5.833	-2.003E-2	5.712E-4	2.112E-4	-8.524E-5	-3.702E-5	1.334E-3
5.867	-2.002E-2	5.700E-4	1.633E-4	-2.312E-5	-9.169E-4	2.050E-3
5.900	-2.002E-2	5.696E-4	9.583E-5	4.061E-5	-2.756E-3	-2.166E-4
5.933	-2.001E-2	5.727E-4	3.067E-5	-1.017E-5	1.162E-3	1.257E-3
5.967	-2.001E-2	5.690E-4	1.029E-4	6.295E-5	1.709E-4	2.510E-3
6.000	-2.000E-2	5.769E-4	1.374E-4	2.238E-4	-2.847E-3	-9.436E-4
6.033	-2.001E-2	5.839E-4	-1.427E-4	7.795E-7	-4.865E-3	-6.744E-3
6.067	-2.001E-2	5.769E-4	-2.069E-4	-2.740E-4	4.821E-3	-2.975E-3
6.100	-2.002E-2	5.656E-4	1.670E-4	-2.058E-4	6.579E-3	9.683E-3
6.133	-2.000E-2	5.632E-4	3.354E-4	3.580E-4	-6.484E-5	4.797E-3
6.167	-2.000E-2	5.895E-4	8.890E-5	2.888E-4	-1.023E-2	-4.409E-3
6.200	-2.000E-2	5.825E-4	-3.100E-4	-1.486E-4	-4.482E-3	-9.361E-3
6.233	-2.002E-2	5.796E-4	-3.231E-4	-2.266E-4	-4.315E-3	-2.120E-3
6.267	-2.002E-2	5.674E-4	-4.177E-4	-3.419E-4	2.712E-3	1.543E-3
6.300	-2.005E-2	5.568E-4	-3.562E-4	-1.245E-4	9.699E-3	5.444E-3
6.333	-2.004E-2	5.591E-4	3.701E-4	7.235E-5	9.562E-3	2.153E-3
6.367	-2.002E-2	5.616E-4	3.426E-4	2.821E-6	-1.707E-3	-4.157E-3
6.400	-2.002E-2	5.593E-4	1.157E-4	-2.067E-4	-3.699E-3	-1.044E-3
6.433	-2.001E-2	5.478E-4	1.682E-4	-1.263E-4	-7.025E-4	-1.541E-3
6.467	-2.001E-2	5.508E-4	5.961E-5	-1.882E-4	-1.152E-3	-4.337E-3
6.500	-2.001E-2	5.353E-4	6.185E-5	-5.186E-4	-6.902E-4	-5.144E-3
6.533	-2.000E-2	5.163E-4	5.967E-5	-5.141E-4	1.706E-2	9.598E-3
6.567	-2.001E-2	5.010E-4	1.016E-3	6.939E-5	1.447E-2	1.197E-2
6.600	-1.994E-2	5.209E-4	1.423E-3	4.478E-4	-4.971E-3	6.186E-3
6.633	-1.991E-2	5.309E-4	4.101E-4	3.558E-4	-2.336E-2	-2.432E-3
6.667	-1.991E-2	5.446E-4	-1.302E-4	3.344E-4	-8.531E-3	5.663E-4
6.700	-1.992E-2	5.531E-4	-1.667E-4	3.497E-4	-8.521E-4	1.248E-3
6.733	-1.992E-2	5.679E-4	-1.190E-4	4.540E-4	-1.972E-3	-4.556E-4
6.767	-1.993E-2	5.834E-4	-3.188E-4	3.284E-4	-5.462E-3	-1.554E-3
6.800	-1.994E-2	5.898E-4	-5.005E-4	2.952E-4	-4.021E-3	-5.310E-3
6.833	-1.996E-2	6.031E-4	-5.814E-4	7.014E-5	3.267E-3	-4.501E-3
6.867	-1.998E-2	5.945E-4	-3.223E-4	-1.313E-4	7.222E-3	-3.617E-3
6.900	-1.998E-2	5.943E-4	-1.811E-5	-7.763E-5	6.323E-3	-1.201E-3
6.933	-1.998E-2	5.893E-4	5.666E-5	-2.378E-4	3.940E-3	-2.699E-3
6.967	-1.998E-2	5.785E-4	2.389E-4	-2.788E-4	1.183E-3	8.410E-4
7.000	-1.997E-2	5.707E-4	1.895E-4	-1.655E-4	-2.449E-3	4.031E-3
7.033	-1.997E-2	5.674E-4	7.498E-6	-1.021E-5	-3.505E-3	1.437E-3
7.067	-1.997E-2	5.701E-4	-1.736E-5	-3.744E-5	-7.425E-4	-3.594E-4
7.100	-1.997E-2	5.650E-4	-4.581E-5	-8.906E-5	2.695E-3	-3.316E-3
7.133	-1.997E-2	5.641E-4	1.356E-4	-1.988E-4	3.170E-3	1.485E-3
7.167	-1.996E-2	5.517E-4	2.340E-4	-8.941E-5	-9.676E-4	2.564E-3
7.200	-1.995E-2	5.582E-4	3.345E-5	9.239E-5	-3.150E-3	3.918E-3
7.233	-1.996E-2	5.579E-4	-4.232E-6	8.839E-5	-1.032E-3	1.338E-3
7.267	-1.995E-2	5.641E-4	8.990E-6	2.192E-4	-4.130E-5	-1.120E-3
7.300	-1.995E-2	5.725E-4	-3.575E-5	3.973E-5	-8.328E-4	-4.103E-3
7.333	-1.996E-2	5.667E-4	-3.286E-5	-1.266E-4	2.384E-3	-3.633E-4
7.367	-1.996E-2	5.640E-4	9.804E-5	4.180E-5	1.834E-3	4.154E-3
7.400	-1.995E-2	5.695E-4	1.449E-4	1.767E-4	6.467E-3	1.686E-3
7.433	-1.995E-2	5.758E-4	4.279E-4	1.467E-4	8.015E-3	4.508E-5
7.467	-1.992E-2	5.793E-4	8.013E-4	1.578E-4	1.281E-2	-6.972E-3
7.500	-1.989E-2	5.863E-4	1.173E-3	-2.329E-4	3.991E-2	-2.173E-3
7.533	-1.984E-2	5.637E-4	3.318E-3	-1.914E-4	9.091E-2	1.870E-3
7.567	-1.967E-2	5.736E-4	7.360E-3	1.194E-4	0.116	7.032E-4
7.600	-1.935E-2	5.717E-4	1.123E-2	-2.382E-4	5.057E-2	-3.272E-3
7.633	-1.892E-2	5.577E-4	1.111E-2	-1.625E-4	-2.417E-2	3.654E-3
7.667	-1.861E-2	5.609E-4	8.960E-3	1.038E-4	-4.730E-2	1.073E-2
7.700	-1.833E-2	5.646E-4	8.130E-3	4.679E-4	-2.573E-2	1.302E-3
7.733	-1.807E-2	5.921E-4	7.261E-3	3.575E-4	1.108E-2	-4.880E-3
7.767	-1.784E-2	5.885E-4	8.540E-3	-4.970E-5	1.894E-2	-7.704E-3
7.800	-1.750E-2	5.888E-4	9.242E-3	-6.261E-5	2.384E-3	-7.401E-4
7.833	-1.723E-2	5.843E-4	8.154E-3	-1.287E-4	-3.105E-2	-2.868E-3
7.867	-1.696E-2	5.802E-4	7.412E-3	-2.272E-4	7.350E-3	2.445E-3
7.900	-1.673E-2	5.691E-4	8.231E-3	-3.805E-5	5.307E-2	1.066E-2
7.933	-1.641E-2	5.776E-4	1.127E-2	5.413E-4	3.127E-2	1.559E-3
7.967	-1.598E-2	6.052E-4	1.081E-2	1.960E-4	8.544E-3	-4.503E-3
8.000	-1.569E-2	5.907E-4	1.078E-2	-3.717E-5	-4.109E-2	-8.098E-3
8.033	-1.526E-2	6.027E-4	9.386E-3	-7.721E-5	-4.242E-2	-3.100E-3
8.067	-1.506E-2	5.856E-4	6.638E-3	-4.372E-4	-1.995E-2	-1.628E-4
8.100	-1.482E-2	5.736E-4	8.517E-3	-4.750E-5	1.886E-2	3.848E-3
8.133	-1.449E-2	5.824E-4	8.383E-3	-5.712E-5	3.410E-2	5.327E-3
8.167	-1.426E-2	5.698E-4	9.794E-3	1.028E-4	5.067E-2	-2.654E-3
8.200	-1.384E-2	5.892E-4	1.276E-2	2.848E-5	5.587E-2	2.105E-3
8.233	-1.341E-2	5.717E-4	1.312E-2	-5.201E-5	-1.957E-2	1.093E-3
8.267	-1.297E-2	5.858E-4	1.173E-2	3.296E-4	-3.640E-2	4.165E-4
8.300	-1.263E-2	5.937E-4	1.018E-2	-7.424E-5	3.996E-2	-6.320E-3
8.333	-1.229E-2	5.808E-4	1.410E-2	-1.945E-4	3.734E-2	2.265E-3
8.367	-1.169E-2	5.807E-4	1.428E-2	1.532E-4	3.392E-2	5.769E-3
8.400	-1.133E-2	5.910E-4	1.425E-2	2.206E-4	-4.177E-2	-1.030E-3
8.433	-1.074E-2	5.954E-4	1.366E-2	4.821E-5	-4.693E-2	-2.297E-3
8.467	-1.042E-2	5.942E-4	9.404E-3	4.527E-5	-0.103	-2.514E-3
8.500	-1.011E-2	5.984E-4	7.652E-3	-5.858E-5	3.802E-2	-6.157E-3
8.533	-9.914E-3	5.903E-4	1.077E-2	-4.057E-4	0.147	4.837E-3
8.567	-9.394E-3	5.714E-4	1.861E-2	1.418E-4	3.738E-2	3.636E-3
8.600	-8.673E-3	5.998E-4	1.446E-2	1.619E-4	-1.279E-2	4.384E-3
8.633	-8.430E-3	5.822E-4	1.428E-2	5.210E-5	-3.279E-2	-7.651E-4
8.667	-7.721E-3	6.033E-4	1.604E-2	4.078E-4	-1.567E-2	4.730E-3
8.700	-7.361E-3	6.094E-4	1.075E-2	2.153E-4	-4.722E-2	-1.233E-2
8.733	-7.005E-3	6.176E-4	1.326E-2	-2.948E-4	5.723E-2	-1.213E-2
8.767	-6.477E-3	5.897E-4	1.537E-2	-7.636E-4	7.249E-2	2.032E-3
8.800	-5.980E-3	5.667E-4	1.726E-2	-1.392E-4	-1.292E-2	2.022E-2
8.833	-5.327E-3	5.804E-4	1.579E-2	6.911E-4	-6.753E-2	1.879E-2
8.867	-4.928E-3	6.128E-4	1.141E-2	1.097E-3	-0.146	-1.035E-2
8.900	-4.566E-3	6.535E-4	6.969E-3	1.502E-4	4.021E-2	-1.973E-2
8.933	-4.463E-3	6.228E-4	1.182E-2	-5.901E-4	0.226	-9.219E-3
8.967	-3.778E-3	6.142E-4	2.453E-2	-2.216E-4	0.149	3.389E-3
9.000	-2.828E-3	6.080E-4	2.250E-2	-3.742E-4	-2.210E-3	-3.097E-3
9.033	-2.278E-3	5.893E-4	2.140E-2	-4.967E-4	-1.622E-2	8.034E-3
9.067	-1.401E-3	5.749E-4	2.400E-2	1.277E-4	-7.875E-2	9.024E-3
9.100	-6.776E-4	5.978E-4	1.566E-2	3.086E-4	-0.150	2.418E-4
9.133	-3.577E-4	5.955E-4	1.225E-2	-4.671E-5	7.930E-2	-1.836E-3
9.167	1.390E-4	5.947E-4	2.161E-2	2.123E-4	0.118	1.137E-2
9.200	1.083E-3	6.096E-4	2.248E-2	7.354E-4	4.841E-3	-9.063E-3
9.233	1.637E-3	6.437E-4	1.897E-2	-1.735E-4	-9.207E-2	-6.862E-3
9.267	2.348E-3	5.981E-4	1.827E-2	-2.622E-4	-1.729E-2	-1.039E-3
9.300	2.856E-3	6.262E-4	1.645E-2	3.188E-4	3.061E-2	2.208E-3
9.333	3.444E-3	6.193E-4	2.066E-2	-3.958E-4	0.152	-7.646E-3
9.367	4.233E-3	5.998E-4	2.682E-2	-2.221E-4	0.121	6.001E-3
9.400	5.232E-3	6.045E-4	2.929E-2	1.360E-4	-2.553E-2	1.006E-2
9.433	6.186E-3	6.089E-4	2.499E-2	3.619E-4	-0.142	-3.331E-3
9.467	6.898E-3	6.286E-4	1.918E-2	5.738E-5	4.881E-3	-1.716E-2
9.500	7.465E-3	6.127E-4	2.418E-2	-9.072E-4	0.111	-1.177E-2
9.533	8.510E-3	5.682E-4	2.926E-2	-8.436E-4	9.466E-2	1.060E-2
9.567	9.415E-3	5.565E-4	2.865E-2	-4.271E-5	-2.321E-2	1.862E-2
9.600	1.042E-2	5.653E-4	2.865E-2	3.969E-4	-3.304E-2	2.276E-3
9.633	1.133E-2	5.829E-4	2.597E-2	1.556E-4	1.659E-3	-4.598E-3
9.667	1.215E-2	5.757E-4	2.816E-2	-5.746E-5	3.881E-2	-2.474E-3
9.700	1.320E-2	5.791E-4	2.992E-2	9.088E-5	1.690E-2	-5.057E-3
9.733	1.415E-2	5.818E-4	2.834E-2	-3.579E-4	-9.065E-2	-3.693E-3
9.767	1.509E-2	5.552E-4	2.465E-2	-3.435E-4	-0.104	4.117E-3
9.800	1.579E-2	5.589E-4	2.041E-2	1.084E-4	-2.579E-2	2.771E-3
9.833	1.645E-2	5.625E-4	2.288E-2	-1.820E-4	2.135E-2	-1.268E-2
9.867	1.732E-2	5.467E-4	2.315E-2	-7.763E-4	-6.201E-3	-3.775E-4
9.900	1.800E-2	5.107E-4	2.116E-2	-3.562E-4	-2.510E-2	1.425E-2
9.933	1.873E-2	5.230E-4	2.205E-2	4.172E-4	1.625E-3	1.592E-2
9.967	1.947E-2	5.385E-4	2.133E-2	5.972E-4	-5.162E-2	-5.201E-3
10.000	2.015E-2	5.628E-4	1.860E-2	1.793E-4	-6.595E-2	-1.095E-2
10.033	2.071E-2	5.505E-4	1.656E-2	-3.157E-4	-1.593E-2	-6.808E-3
10.067	2.125E-2	5.417E-4	1.757E-2	-1.908E-4	7.146E-3	1.022E-3
10.100	2.188E-2	5.377E-4	1.758E-2	-2.206E-4	6.861E-3	4.493E-4
10.133	2.242E-2	5.270E-4	1.737E-2	-2.150E-4	1.905E-2	5.412E-3
10.167	2.304E-2	5.234E-4	1.919E-2	1.483E-4	2.755E-2	5.765E-3
10.200	2.370E-2	5.369E-4	1.939E-2	2.497E-4	-3.052E-2	-4.734E-3
10.233	2.433E-2	5.401E-4	1.710E-2	-2.056E-4	-1.061E-2	-2.555E-3
10.267	2.484E-2	5.232E-4	1.794E-2	-4.925E-5	6.031E-2	1.105E-2
10.300	2.552E-2	5.368E-4	2.187E-2	6.670E-4	1.772E-2	3.367E-3
10.333	2.630E-2	5.677E-4	1.968E-2	2.772E-4	-7.095E-2	-1.053E-2
10.367	2.684E-2	5.553E-4	1.593E-2	-2.720E-4	-5.569E-2	-1.225E-2
10.400	2.736E-2	5.495E-4	1.636E-2	-3.871E-4	1.216E-2	3.171E-4
10.433	2.793E-2	5.295E-4	1.692E-2	-3.613E-4	-6.246E-3	1.544E-2
10.467	2.849E-2	5.255E-4	1.599E-2	6.345E-4	-2.850E-2	5.563E-3
10.500	2.899E-2	5.717E-4	1.480E-2	3.404E-4	-1.221E-2	-1.733E-2
10.533	2.948E-2	5.481E-4	1.514E-2	-9.006E-4	1.753E-2	-9.977E-3
10.567	3.000E-2	5.117E-4	1.613E-2	-3.378E-4	-4.851E-4	3.208E-3
10.600	3.055E-2	5.256E-4	1.530E-2	-3.358E-4	-4.309E-2	1.052E-2
10.633	3.102E-2	4.893E-4	1.301E-2	-1.010E-4	-7.533E-2	7.121E-3
10.667	3.142E-2	5.189E-4	1.037E-2	5.736E-4	-6.438E-2	7.106E-3
10.700	3.171E-2	5.276E-4	8.477E-3	1.568E-4	-2.122E-2	-9.240E-3
10.733	3.199E-2	5.293E-4	8.966E-3	-1.704E-5	3.649E-2	1.262E-3
10.767	3.231E-2	5.264E-4	1.101E-2	1.951E-4	3.542E-2	-8.885E-3
10.800	3.272E-2	5.424E-4	1.165E-2	-3.940E-4	5.812E-5	-6.637E-3
10.833	3.309E-2	5.002E-4	1.072E-2	-6.280E-4	-5.613E-2	8.641E-3
10.867	3.344E-2	5.005E-4	8.208E-3	4.290E-4	-8.808E-2	4.899E-3
10.900	3.364E-2	5.288E-4	4.491E-3	-1.327E-4	-8.049E-2	-3.695E-3
10.933	3.373E-2	4.916E-4	2.744E-3	-2.769E-4	-4.823E-2	1.702E-3
10.967	3.382E-2	5.103E-4	1.573E-3	3.849E-4	-3.031E-2	9.486E-3
11.000	3.384E-2	5.173E-4	4.954E-4	1.890E-4	-2.057E-2	-3.715E-3
11.033	3.385E-2	5.229E-4	3.155E-4	1.576E-4	-6.507E-3	-3.278E-3
11.067	3.386E-2	5.278E-4	8.367E-5	-7.323E-6	-2.860E-3	-4.204E-3
11.100	3.386E-2	5.224E-4	6.488E-5	-1.649E-4	-2.059E-3	-4.320E-3
11.133	3.386E-2	5.168E-4	3.798E-5	-2.608E-4	-2.340E-3	2.571E-4
11.167	3.386E-2	5.050E-4	-1.595E-4	-1.964E-4	-3.230E-3	7.254E-3
11.200	3.385E-2	5.037E-4	-1.613E-4	2.410E-4	5.638E-4	6.520E-3
11.233	3.385E-2	5.211E-4	-1.166E-4	3.240E-4	-1.172E-3	-2.312E-3
11.267	3.385E-2	5.253E-4	-2.173E-4	7.619E-6	-2.274E-3	-9.496E-3
11.300	3.383E-2	5.216E-4	-3.120E-4	-2.896E-4	6.471E-4	-2.391E-3
11.333	3.383E-2	5.060E-4	-1.642E-4	-2.208E-4	7.193E-3	1.871E-3
11.367	3.382E-2	5.069E-4	1.661E-4	-5.709E-5	5.841E-3	-1.191E-3
11.400	3.384E-2	5.022E-4	2.831E-4	-3.317E-4	-1.131E-3	1.148E-3
11.433	3.384E-2	4.848E-4	5.205E-5	-8.598E-5	-4.599E-3	7.241E-3
11.467	3.384E-2	4.965E-4	-5.262E-5	3.094E-4	5.453E-4	6.384E-3
11.500	3.384E-2	5.054E-4	9.894E-5	2.654E-4	9.156E-4	-4.136E-3
11.533	3.385E-2	5.142E-4	6.149E-5	6.717E-5	-1.557E-5	-2.916E-3
11.567	3.384E-2	5.099E-4	1.860E-5	-2.846E-6	-1.700E-3	-1.938E-3
11.600	3.385E-2	5.140E-4	2.033E-5	1.730E-5	1.571E-3	-1.792E-4
11.633	3.384E-2	5.110E-4	5.310E-5	-6.637E-5	-7.735E-4	1.727E-3
11.667	3.385E-2	5.096E-4	4.872E-5	1.293E-4	6.665E-4	2.749E-3
11.700	3.385E-2	5.196E-4	1.628E-5	1.806E-4	-7.087E-4	2.279E-3
11.733	3.385E-2	5.216E-4	6.686E-5	2.013E-4	1.557E-3	-1.698E-3
11.767	3.385E-2	5.331E-4	7.293E-5	1.528E-4	8.091E-4	-4.538E-3
11.800	3.386E-2	5.318E-4	1.513E-4	-1.590E-4	4.263E-4	-1.949E-3
11.833	3.386E-2	5.225E-4	9.975E-5	-2.122E-5	-1.293E-3	3.560E-3
11.867	3.386E-2	5.304E-4	4.817E-5	1.779E-4	-2.351E-3	2.097E-3
11.900	3.387E-2	5.343E-4	-3.548E-5	7.142E-5	-7.969E-4	-3.056E-3
11.933	3.386E-2	5.351E-4	-4.207E-5	-2.394E-5	-3.687E-4	-2.046E-3
11.967	3.386E-2	5.327E-4	-1.653E-5	-7.200E-5	-1.473E-3	-2.087E-4
12.000	3.386E-2	5.303E-4	-1.557E-4	-3.606E-5	2.452E-4	1.564E-3
12.033	3.385E-2	5.303E-4	-4.412E-5	3.716E-5	3.385E-3	1.109E-3
12.067	3.386E-2	5.328E-4	1.395E-4	4.734E-5	5.227E-3	4.141E-4
12.100	3.386E-2	5.335E-4	2.549E-4	4.771E-5	-1.095E-3	1.903E-4
12.133	3.387E-2	5.360E-4	1.392E-4	7.223E-5	-3.689E-3	6.679E-4
12.167	3.387E-2	5.383E-4	-8.175E-5	8.514E-5	-2.209E-3	-1.604E-3
12.200	3.387E-2	5.417E-4	2.132E-5	-1.338E-5	9.515E-4	-1.628E-4
12.233	3.387E-2	5.374E-4	1.428E-5	1.840E-5	-2.871E-4	-6.240E-5
12.267	3.387E-2	5.429E-4	-3.947E-5	5.611E-5	-4.216E-4	-1.254E-3
12.300	3.387E-2	5.411E-4	6.851E-6	-1.090E-4	5.838E-4	-1.970E-3
12.333	3.387E-2	5.356E-4	5.752E-7	-8.712E-5	-8.423E-4	2.102E-3
12.367	3.387E-2	5.353E-4	-5.141E-5	5.285E-5	-1.153E-4	5.361E-4
12.400	3.387E-2	5.392E-4	-2.301E-5	-2.512E-5	7.173E-4	9.751E-4
12.433	3.387E-2	5.337E-4	2.149E-5	4.002E-5	1.396E-3	-4.270E-4
12.467	3.387E-2	5.418E-4	4.961E-5	5.226E-5	7.763E-4	1.501E-3
12.500	3.387E-2	5.371E-4	8.964E-5	3.144E-5	-2.163E-4	-3.491E-4
12.533	3.387E-2	5.439E-4	3.414E-5	1.177E-4	-1.265E-3	1.589E-3
12.567	3.387E-2	5.450E-4	-9.053E-6	8.150E-5	-3.177E-3	-3.327E-3
12.600	3.387E-2	5.493E-4	-1.479E-4	-5.184E-5	-9.936E-4	-4.215E-3
12.633	3.386E-2	5.415E-4	-1.397E-4	-2.556E-4	1.020E-3	-4.781E-4
12.667	3.386E-2	5.323E-4	-1.158E-5	-9.038E-5	3.269E-3	6.703E-3
12.700	3.386E-2	5.355E-4	3.825E-5	2.286E-4	1.702E-3	3.057E-3
12.733	3.387E-2	5.475E-4	1.253E-4	1.542E-4	5.173E-4	-4.938E-3
12.767	3.387E-2	5.458E-4	7.435E-5	-1.629E-4	1.150E-3	-2.673E-3
12.800	3.387E-2	5.367E-4	1.610E-4	-5.680E-5	-6.947E-4	1.001E-3
12.833	3.388E-2	5.420E-4	1.086E-4	3.613E-6	-2.395E-3	7.824E-4
12.867	3.388E-2	5.369E-4	-7.969E-5	-8.904E-5	-1.104E-3	-6.518E-4
12.900	3.388E-2	5.361E-4	5.101E-5	-2.853E-6	2.052E-3	1.888E-7
12.933	3.388E-2	5.367E-4	9.851E-5	-7.749E-5	3.649E-3	1.293E-3
12.967	3.388E-2	5.309E-4	2.291E-4	2.374E-5	-1.995E-3	3.415E-3
13.000	3.390E-2	5.383E-4	8.224E-5	2.212E-4	1.688E-3	4.924E-4
13.033	3.389E-2	5.456E-4	1.541E-4	5.172E-5	-1.979E-3	-2.593E-3
13.067	3.391E-2	5.418E-4	1.763E-4	-1.405E-5	-3.486E-3	-1.839E-3
13.100	3.390E-2	5.447E-4	-2.476E-4	-4.453E-6	-8.988E-3	-6.532E-4
13.133	3.389E-2	5.415E-4	-3.616E-4	-9.848E-5	1.809E-3	7.720E-6
13.167	3.388E-2	5.381E-4	-1.855E-4	-4.693E-6	4.214E-3	5.006E-4
13.200	3.388E-2	5.412E-4	1.567E-5	-2.170E-5	3.157E-3	-8.873E-6
13.233	3.388E-2	5.367E-4	-3.222E-5	-6.130E-5	-4.652E-4	-1.316E-4
13.267	3.388E-2	5.371E-4	-4.526E-6	6.912E-6	1.022E-3	-5.670E-4
13.300	3.388E-2	5.372E-4	3.427E-5	-9.655E-5	-7.720E-4	-3.472E-3
13.333	3.388E-2	5.306E-4	-3.706E-5	-2.452E-4	-1.338E-3	9.563E-4
13.367	3.388E-2	5.208E-4	-9.195E-5	-6.553E-5	6.176E-4	6.102E-3
13.400	3.387E-2	5.263E-4	1.969E-5	2.253E-4	2.543E-3	3.693E-3
13.433	3.388E-2	5.358E-4	9.149E-5	1.807E-4	-2.262E-4	-1.925E-3
13.467	3.388E-2	5.383E-4	7.298E-6	5.990E-5	-1.546E-3	-3.406E-3
13.500	3.388E-2	5.398E-4	-4.162E-5	-2.520E-5	-1.135E-3	-8.610E-4
13.533	3.388E-2	5.366E-4	-4.045E-5	-2.561E-5	-5.629E-4	1.542E-4
13.567	3.387E-2	5.381E-4	-9.231E-5	1.888E-5	6.276E-4	-1.415E-3
13.600	3.387E-2	5.379E-4	-1.192E-5	-1.210E-4	2.542E-3	-2.434E-3
13.633	3.387E-2	5.301E-4	1.042E-4	-1.802E-4	1.162E-3	1.721E-3
13.667	3.388E-2	5.259E-4	6.567E-5	6.881E-6	-1.673E-3	2.767E-3
13.700	3.388E-2	5.305E-4	-2.247E-5	4.721E-5	-6.397E-4	1.732E-3
13.733	3.388E-2	5.290E-4	1.337E-5	6.201E-5	9.625E-5	-4.530E-4
13.767	3.388E-2	5.346E-4	1.605E-5	7.408E-5	-3.704E-4	1.582E-3
13.800	3.388E-2	5.340E-4	-3.980E-5	1.071E-4	-1.188E-3	-1.089E-3
13.833	3.388E-2	5.418E-4	-4.959E-5	7.432E-5	6.020E-4	-7.135E-4
13.867	3.387E-2	5.389E-4	-1.321E-5	-1.468E-5	7.257E-4	-3.873E-4
13.900	3.388E-2	5.408E-4	1.946E-5	8.735E-5	-5.782E-4	-3.347E-4
13.933	3.388E-2	5.447E-4	-5.732E-5	-1.881E-5	-3.604E-4	-2.623E-3
13.967	3.387E-2	5.396E-4	-2.957E-5	-1.341E-4	7.413E-4	-3.806E-4
14.000	3.387E-2	5.358E-4	2.781E-5	-3.021E-5	1.376E-3	3.227E-3
14.033	3.387E-2	5.375E-4	3.752E-5	9.528E-5	-3.640E-3	9.053E-4
14.067	3.388E-2	5.422E-4	-1.665E-4	4.419E-5	-2.667E-3	-1.218E-3
14.100	3.386E-2	5.405E-4	-2.381E-4	-2.290E-5	-5.005E-4	-7.427E-4
14.133	3.386E-2	5.406E-4	-1.114E-4	1.445E-5	5.924E-3	1.401E-3
14.167	3.385E-2	5.414E-4	8.655E-5	6.392E-5	4.606E-3	7.338E-5
14.200	3.387E-2	5.449E-4	2.772E-4	3.838E-5	2.005E-3	-7.431E-4
14.233	3.387E-2	5.440E-4	1.789E-4	-1.185E-5	-2.606E-3	-9.803E-4
14.267	3.388E-2	5.441E-4	1.006E-4	-1.150E-5	-2.524E-3	-1.653E-3
14.300	3.388E-2	5.432E-4	1.708E-5	-1.154E-4	-2.673E-3	-1.006E-3
14.333	3.388E-2	5.364E-4	-8.246E-5	-1.150E-4	-9.627E-4	1.077E-3
14.367	3.387E-2	5.356E-4	-6.167E-5	-7.559E-6	1.034E-3	3.674E-3
14.400	3.387E-2	5.359E-4	1.084E-5	1.080E-4	7.602E-4	1.140E-3
14.433	3.388E-2	5.428E-4	-1.405E-5	1.080E-4	4.177E-4	-7.997E-5
14.467	3.387E-2	5.431E-4	1.949E-5	5.428E-5	3.155E-3	-1.052E-3
14.500	3.388E-2	5.464E-4	2.025E-4	6.882E-5	2.344E-3	1.777E-4
14.533	3.389E-2	5.477E-4	2.152E-4	4.975E-5	-1.613E-3	-4.138E-3
14.567	3.389E-2	5.497E-4	5.573E-5	-1.672E-4	-4.290E-3	-1.963E-3
14.600	3.389E-2	5.365E-4	-6.215E-5	-1.786E-4	-1.307E-3	2.197E-3
14.633	3.389E-2	5.378E-4	-5.232E-5	6.913E-5	-1.145E-3	4.757E-3
14.667	3.389E-2	5.412E-4	-9.221E-5	1.146E-4	-2.541E-3	-3.010E-3
14.700	3.388E-2	5.454E-4	-2.573E-4	-9.942E-5	-1.076E-3	-4.365E-3
14.733	3.387E-2	5.345E-4	-1.808E-4	-2.540E-4	2.651E-3	4.731E-4
14.767	3.387E-2	5.285E-4	-3.852E-5	-3.509E-5	4.421E-3	4.664E-3
14.800	3.387E-2	5.322E-4	8.419E-5	9.075E-5	-2.719E-4	2.557E-3
14.833	3.387E-2	5.346E-4	-9.323E-8	1.043E-4	-5.827E-4	-7.460E-5
14.867	3.387E-2	5.391E-4	-4.623E-5	1.030E-4	-1.775E-3	-9.431E-4
14.900	3.387E-2	5.414E-4	-3.027E-5	3.202E-5	1.799E-3	-1.167E-3
14.933	3.387E-2	5.413E-4	-6.652E-6	1.664E-5	1.290E-3	-2.578E-4
14.967	3.387E-2	5.425E-4	1.221E-4	2.755E-5	-9.570E-4	-4.823E-4
15.000	3.387E-2	5.431E-4	-7.527E-5	-1.661E-5	-2.861E-3	-2.847E-3
15.033	3.387E-2	5.414E-4	-1.306E-4	-1.555E-4	4.077E-4	4.528E-4
15.067	3.386E-2	5.327E-4	6.746E-6	-4.267E-5	1.561E-3	1.740E-3
15.100	3.387E-2	5.386E-4	-2.911E-5	5.488E-5	-7.490E-5	1.639E-3
15.133	3.386E-2	5.364E-4	-2.601E-5	-7.174E-6	2.571E-3	-6.633E-4
15.167	3.386E-2	5.381E-4	1.508E-4	4.528E-5	5.036E-4	-2.956E-4
15.200	3.387E-2	5.394E-4	6.183E-5	-2.728E-5	-2.607E-3	-4.788E-4
15.233	3.387E-2	5.363E-4	-1.042E-4	-1.606E-5	-3.108E-3	1.118E-3
15.267	3.387E-2	5.383E-4	-9.959E-5	7.697E-5	1.231E-3	1.790E-3
15.300	3.386E-2	5.414E-4	-5.002E-5	9.583E-5	2.986E-3	-3.147E-3
15.333	3.386E-2	5.447E-4	1.169E-4	-1.047E-4	3.520E-3	-1.033E-3
15.367	3.387E-2	5.344E-4	1.964E-4	-6.663E-5	-2.170E-3	-7.551E-5
15.400	3.388E-2	5.403E-4	-1.102E-5	1.214E-5	-3.076E-3	6.718E-4
15.433	3.387E-2	5.352E-4	-8.538E-5	-1.093E-4	6.744E-4	-1.237E-4
15.467	3.387E-2	5.330E-4	9.348E-5	2.606E-5	2.053E-3	9.488E-4
15.500	3.387E-2	5.370E-4	5.865E-5	-7.406E-6	-1.869E-3	-8.195E-4
15.533	3.387E-2	5.325E-4	-5.721E-5	-8.501E-5	1.697E-3	-3.966E-5
15.567	3.387E-2	5.313E-4	1.414E-4	1.475E-5	1.600E-3	1.566E-3
15.600	3.388E-2	5.335E-4	1.517E-4	3.175E-5	-1.863E-3	4.679E-4
15.633	3.388E-2	5.334E-4	-7.768E-5	2.513E-5	-3.653E-3	-4.785E-5
15.667	3.388E-2	5.352E-4	-6.565E-5	4.256E-5	5.123E-4	-9.056E-4
15.700	3.388E-2	5.363E-4	-3.753E-5	-3.258E-5	7.003E-4	1.027E-4
15.733	3.388E-2	5.330E-4	-2.100E-5	1.586E-5	1.794E-4	2.312E-3
15.767	3.388E-2	5.373E-4	-2.259E-5	1.592E-4	-7.022E-4	1.524E-4
15.800	3.387E-2	5.436E-4	-6.723E-5	3.949E-5	1.815E-4	-2.507E-3
15.833	3.387E-2	5.400E-4	-2.906E-5	-6.164E-5	1.261E-3	-3.445E-4
15.867	3.387E-2	5.395E-4	4.249E-5	4.341E-5	-8.323E-4	-4.222E-3
15.900	3.387E-2	5.429E-4	-7.797E-5	-2.794E-4	-1.239E-3	-1.187E-4
15.933	3.387E-2	5.209E-4	-8.968E-5	-1.534E-4	1.667E-3	5.148E-3
15.967	3.387E-2	5.326E-4	7.326E-5	2.738E-4	1.118E-3	5.285E-3
16.000	3.387E-2	5.391E-4	2.975E-6	1.156E-4	-1.392E-3	-4.192E-3
16.033	3.387E-2	5.403E-4	-7.055E-5	-1.055E-5	-1.952E-3	-3.356E-3
16.067	3.387E-2	5.384E-4	-8.505E-5	-1.034E-4	2.031E-3	1.484E-3
16.100	3.386E-2	5.334E-4	1.486E-5	5.283E-5	-2.532E-6	3.597E-4
16.133	3.387E-2	5.419E-4	-2.167E-6	1.887E-5	-7.677E-4	-3.061E-4
16.167	3.386E-2	5.347E-4	-1.215E-4	-8.334E-5	1.175E-4	-8.726E-4
16.200	3.386E-2	5.364E-4	3.658E-5	3.518E-5	1.190E-3	5.857E-4
16.233	3.386E-2	5.370E-4	-4.905E-6	-5.713E-5	-9.316E-4	-1.206E-3
16.267	3.386E-2	5.326E-4	-8.564E-5	-7.338E-5	-8.339E-4	5.273E-4
16.300	3.386E-2	5.321E-4	-2.604E-5	3.702E-6	2.738E-3	1.951E-3
16.333	3.386E-2	5.328E-4	7.638E-5	4.891E-5	3.513E-4	1.248E-3
16.367	3.386E-2	5.354E-4	4.337E-5	9.066E-5	-4.121E-3	-1.496E-3
16.400	3.386E-2	5.389E-4	-2.294E-4	-3.164E-5	-7.928E-3	-3.021E-3
16.433	3.385E-2	5.333E-4	-4.901E-4	-1.534E-4	-1.502E-3	-3.600E-3
16.467	3.383E-2	5.286E-4	-3.764E-4	-2.346E-4	4.440E-3	-1.005E-3
16.500	3.382E-2	5.177E-4	-1.149E-4	-2.596E-4	9.177E-3	6.745E-3
16.533	3.382E-2	5.113E-4	1.735E-4	1.939E-4	7.198E-3	6.009E-3
16.567	3.384E-2	5.306E-4	4.346E-4	2.825E-4	9.074E-4	-8.635E-4
16.600	3.385E-2	5.302E-4	2.274E-4	-3.828E-6	-2.389E-3	-2.735E-3
16.633	3.385E-2	5.303E-4	1.906E-4	1.271E-4	-2.291E-3	2.100E-3
16.667	3.386E-2	5.386E-4	1.799E-4	1.800E-4	-1.711E-3	-2.487E-3
16.700	3.386E-2	5.423E-4	-7.089E-7	-5.286E-5	-1.816E-3	-2.397E-3
16.733	3.386E-2	5.351E-4	7.522E-5	-4.134E-5	2.509E-3	2.713E-3
16.767	3.387E-2	5.396E-4	1.824E-4	1.927E-4	-4.730E-4	4.631E-3
16.800	3.387E-2	5.480E-4	6.448E-5	2.586E-4	-4.015E-3	-1.967E-3
16.833	3.387E-2	5.568E-4	-1.276E-4	8.117E-5	-1.522E-3	-9.569E-4
16.867	3.387E-2	5.534E-4	-4.453E-5	1.109E-4		
16.900	3.387E-2	5.642E-4				
