	mass A						
t	x	y	vx	vy	ax	ay	
0.000	-2.246E-2	1.728E-3				
0.033	-2.247E-2	1.705E-3	-8.812E-4	-7.907E-4		
0.067	-2.251E-2	1.675E-3	-7.129E-4	-3.598E-4	1.215E-2	1.200E-2
0.100	-2.252E-2	1.681E-3	1.146E-4	1.725E-4	1.633E-2	7.534E-3
0.133	-2.251E-2	1.687E-3	3.665E-4	8.243E-5	1.599E-3	-5.966E-3
0.167	-2.249E-2	1.686E-3	2.069E-4	-2.233E-4	-3.474E-3	-2.253E-3
0.200	-2.249E-2	1.672E-3	8.495E-5	-1.541E-4	-1.264E-5	4.815E-3
0.233	-2.249E-2	1.676E-3	2.241E-4	1.973E-4	3.389E-3	1.057E-2
0.267	-2.248E-2	1.685E-3	3.343E-4	4.982E-4	-6.975E-4	2.421E-3
0.300	-2.247E-2	1.709E-3	1.868E-4	4.529E-4	-3.914E-3	-2.007E-3
0.333	-2.247E-2	1.715E-3	2.880E-5	2.440E-4	-5.387E-3	-2.316E-3
0.367	-2.246E-2	1.726E-3	-1.293E-4	3.504E-4	-2.822E-3	-2.114E-3
0.400	-2.247E-2	1.739E-3	-2.130E-4	1.413E-4	2.116E-3	-6.769E-3
0.433	-2.248E-2	1.735E-3	2.951E-5	-1.696E-4	6.365E-3	-2.365E-3
0.467	-2.247E-2	1.727E-3	2.442E-4	-2.696E-5	7.210E-3	3.206E-3
0.500	-2.246E-2	1.733E-3	4.715E-4	1.190E-4	-8.515E-4	1.325E-3
0.533	-2.244E-2	1.735E-3	2.868E-4	2.171E-5	-7.169E-3	-1.667E-3
0.567	-2.244E-2	1.735E-3	-1.313E-4	1.704E-6	-2.016E-3	9.345E-4
0.600	-2.245E-2	1.735E-3	1.447E-4	8.626E-5	2.023E-3	-2.761E-3
0.633	-2.243E-2	1.740E-3	1.492E-4	-1.271E-4	-2.924E-3	-6.662E-3
0.667	-2.244E-2	1.727E-3	-1.860E-4	-4.413E-4	-4.123E-3	-4.332E-4
0.700	-2.245E-2	1.711E-3	-9.873E-5	-1.705E-4	1.866E-3	7.458E-3
0.733	-2.245E-2	1.716E-3	-2.616E-5	1.473E-4	2.368E-3	4.654E-3
0.767	-2.245E-2	1.721E-3	2.464E-5	1.063E-4	4.422E-4	-2.152E-3
0.800	-2.244E-2	1.723E-3	3.979E-5	-4.111E-6	-1.900E-3	-2.914E-3
0.833	-2.245E-2	1.721E-3	-1.188E-4	-9.303E-5	-2.872E-3	3.682E-4
0.867	-2.245E-2	1.716E-3	-1.745E-4	2.245E-6	5.385E-4	2.593E-3
0.900	-2.246E-2	1.721E-3	-6.850E-5	1.210E-4	1.758E-3	1.295E-3
0.933	-2.246E-2	1.724E-3	-3.782E-5	7.443E-5	-1.193E-3	-4.400E-4
0.967	-2.246E-2	1.726E-3	-1.569E-4	7.543E-5	-6.534E-5	1.965E-6
1.000	-2.247E-2	1.729E-3	-8.237E-5	9.495E-5	2.249E-3	-2.590E-3
1.033	-2.247E-2	1.732E-3	5.233E-5	-8.628E-5	2.469E-3	-4.246E-3
1.067	-2.246E-2	1.724E-3	5.101E-5	-2.327E-4	1.355E-3	-1.409E-3
1.100	-2.246E-2	1.716E-3	1.414E-4	-1.617E-4	1.359E-3	3.961E-3
1.133	-2.245E-2	1.713E-3	1.655E-4	2.709E-5	1.119E-3	2.212E-3
1.167	-2.245E-2	1.718E-3	1.835E-4	3.296E-5	-2.735E-3	5.235E-4
1.200	-2.244E-2	1.715E-3	3.812E-5	-5.110E-6	-3.260E-3	-7.378E-4
1.233	-2.245E-2	1.718E-3	-1.115E-4	3.363E-5	-3.011E-3	1.338E-3
1.267	-2.245E-2	1.717E-3	-1.075E-4	4.863E-5	3.718E-4	3.337E-4
1.300	-2.246E-2	1.721E-3	-1.179E-4	8.493E-5	1.169E-3	-1.000E-3
1.333	-2.246E-2	1.723E-3	-1.644E-5	-2.341E-5	1.320E-3	-1.867E-3
1.367	-2.246E-2	1.720E-3	-1.304E-5	-6.445E-5	1.748E-3	1.561E-3
1.400	-2.246E-2	1.719E-3	5.938E-5	8.759E-5	4.377E-4	2.658E-3
1.433	-2.245E-2	1.725E-3	7.486E-5	1.467E-4	-4.022E-3	-2.600E-3
1.467	-2.245E-2	1.729E-3	-2.299E-4	-9.058E-5	-3.194E-3	-4.454E-3
1.500	-2.247E-2	1.719E-3	-2.092E-4	-2.053E-4	4.837E-3	9.396E-4
1.533	-2.247E-2	1.715E-3	1.604E-4	-1.017E-6	5.854E-3	4.732E-3
1.567	-2.246E-2	1.719E-3	2.090E-4	1.381E-4	-2.722E-3	-7.735E-5
1.600	-2.245E-2	1.724E-3	-5.082E-5	-3.328E-6	-3.139E-3	-4.867E-3
1.633	-2.246E-2	1.719E-3	-5.159E-5	-2.187E-4	4.912E-4	-6.414E-4
1.667	-2.246E-2	1.709E-3	5.495E-5	-7.548E-5	-1.097E-3	1.483E-3
1.700	-2.246E-2	1.714E-3	-1.395E-4	-2.586E-5	-8.392E-4	3.287E-3
1.733	-2.247E-2	1.708E-3	-6.736E-5	3.475E-5	6.895E-4	2.823E-3
1.767	-2.246E-2	1.716E-3	1.017E-5	2.506E-4	2.201E-3	6.968E-4
1.800	-2.247E-2	1.724E-3	-9.625E-6	7.152E-5	-1.292E-4	-4.736E-3
1.833	-2.246E-2	1.721E-3	6.338E-5	-1.113E-4	3.197E-4	-3.468E-3
1.867	-2.246E-2	1.717E-3	-1.521E-5	-1.365E-4	-1.700E-3	-1.026E-3
1.900	-2.246E-2	1.712E-3	-5.083E-5	-1.781E-4	1.763E-4	1.959E-3
1.933	-2.246E-2	1.705E-3	-7.681E-6	-3.613E-5	1.312E-3	2.939E-3
1.967	-2.246E-2	1.710E-3	5.001E-5	7.822E-5	-2.024E-3	1.366E-3
2.000	-2.246E-2	1.710E-3	-1.212E-4	1.589E-5	-2.524E-3	-1.557E-3
2.033	-2.247E-2	1.711E-3	-1.874E-4	-1.608E-5	3.044E-3	4.168E-4
2.067	-2.247E-2	1.709E-3	1.134E-4	2.771E-5	3.933E-3	1.019E-3
2.100	-2.246E-2	1.713E-3	1.354E-4	7.778E-5	4.732E-4	1.349E-3
2.133	-2.247E-2	1.715E-3	5.870E-5	9.704E-5	3.720E-3	1.223E-3
2.167	-2.246E-2	1.719E-3	3.964E-4	1.681E-4	9.016E-3	5.370E-3
2.200	-2.244E-2	1.726E-3	7.095E-4	4.269E-4	-4.536E-3	-4.737E-4
2.233	-2.241E-2	1.747E-3	1.635E-4	2.533E-4	-1.681E-2	-8.141E-3
2.267	-2.243E-2	1.743E-3	-5.756E-4	-2.476E-4	-8.807E-3	-7.272E-3
2.300	-2.245E-2	1.731E-3	-4.151E-4	-2.218E-4	6.337E-3	1.009E-3
2.333	-2.246E-2	1.728E-3	-6.089E-5	-1.249E-4	4.960E-3	2.254E-3
2.367	-2.246E-2	1.723E-3	-9.371E-5	-1.056E-4	1.082E-3	-2.346E-3
2.400	-2.246E-2	1.721E-3	-4.617E-5	-2.368E-4	1.163E-3	7.650E-4
2.433	-2.246E-2	1.707E-3	4.632E-5	-1.516E-4	-1.863E-4	2.733E-3
2.467	-2.246E-2	1.711E-3	-8.298E-5	5.585E-5	-3.040E-4	3.556E-3
2.500	-2.246E-2	1.711E-3	-1.011E-5	2.637E-5	3.312E-4	-4.067E-5
2.533	-2.246E-2	1.712E-3	1.148E-5	6.818E-5	1.415E-3	1.429E-3
2.567	-2.246E-2	1.715E-3	8.090E-6	1.160E-4	1.540E-3	6.836E-4
2.600	-2.246E-2	1.720E-3	1.639E-4	1.257E-4	1.473E-3	-8.658E-4
2.633	-2.245E-2	1.723E-3	1.093E-4	5.266E-5	-1.722E-3	-4.301E-4
2.667	-2.245E-2	1.724E-3	2.090E-5	7.690E-5	-2.775E-3	-7.003E-4
2.700	-2.245E-2	1.729E-3	-5.416E-5	4.768E-5	-1.162E-3	-2.554E-3
2.733	-2.246E-2	1.727E-3	-8.281E-5	-1.225E-4	4.693E-4	-2.110E-3
2.767	-2.246E-2	1.720E-3	-5.179E-6	-1.100E-4	5.545E-4	1.312E-3
2.800	-2.246E-2	1.720E-3	-3.325E-5	-5.123E-6	-5.359E-5	1.310E-3
2.833	-2.246E-2	1.720E-3	-3.956E-5	-2.207E-5	7.878E-4	3.785E-5
2.867	-2.246E-2	1.718E-3	4.080E-5	-2.294E-5	1.452E-3	2.722E-4
2.900	-2.246E-2	1.719E-3	5.723E-5	1.339E-5	-1.679E-3	-4.774E-4
2.933	-2.245E-2	1.719E-3	-6.099E-5	-5.221E-5	-3.442E-4	2.808E-4
2.967	-2.246E-2	1.715E-3	-1.810E-5	-1.601E-6	9.682E-4	8.573E-4
3.000	-2.246E-2	1.719E-3	7.218E-5	5.448E-5	9.909E-4	6.627E-4
3.033	-2.246E-2	1.719E-3	8.151E-6	8.418E-6	-1.428E-3	-8.974E-4
3.067	-2.245E-2	1.719E-3	-1.159E-5	7.741E-6	-3.487E-3	1.404E-3
3.100	-2.246E-2	1.719E-3	-2.046E-4	8.436E-5	2.186E-3	3.164E-5
3.133	-2.247E-2	1.725E-3	2.882E-5	5.384E-5	4.068E-3	-1.388E-3
3.167	-2.245E-2	1.723E-3	2.365E-4	-5.610E-5	1.280E-3	2.888E-4
3.200	-2.245E-2	1.721E-3	3.501E-6	7.523E-5	-7.269E-3	-9.172E-4
3.233	-2.245E-2	1.728E-3	-2.040E-4	-4.848E-5	-9.795E-4	6.196E-4
3.267	-2.247E-2	1.718E-3	-1.409E-4	-1.160E-5	4.267E-3	-1.479E-3
3.300	-2.246E-2	1.727E-3	1.637E-4	6.645E-6	3.611E-3	-6.808E-4
3.333	-2.246E-2	1.718E-3	1.032E-4	-1.836E-4	-2.099E-3	-1.058E-3
3.367	-2.246E-2	1.715E-3	-2.247E-5	-1.788E-5	-2.029E-3	3.201E-3
3.400	-2.246E-2	1.717E-3	-1.428E-5	4.880E-5	6.736E-4	1.721E-3
3.433	-2.246E-2	1.718E-3	2.007E-5	7.014E-5	2.622E-4	1.153E-3
3.467	-2.246E-2	1.722E-3	1.494E-5	1.391E-4	-1.718E-4	-3.471E-4
3.500	-2.246E-2	1.727E-3	-6.439E-6	6.135E-5	-2.961E-3	-3.002E-3
3.533	-2.246E-2	1.726E-3	-1.520E-4	-8.634E-5	6.375E-4	-2.923E-3
3.567	-2.247E-2	1.722E-3	-4.784E-5	-1.326E-4	4.314E-3	5.813E-4
3.600	-2.246E-2	1.717E-3	2.303E-4	-5.207E-5	2.346E-3	2.402E-3
3.633	-2.245E-2	1.718E-3	9.744E-5	4.737E-5	-4.750E-3	1.153E-3
3.667	-2.245E-2	1.720E-3	-1.216E-4	2.498E-5	-3.089E-3	-8.526E-4
3.700	-2.246E-2	1.720E-3	-1.174E-4	-2.335E-5	8.481E-4	-6.717E-4
3.733	-2.246E-2	1.719E-3	-3.538E-5	-1.737E-5	1.532E-3	5.065E-5
3.767	-2.246E-2	1.719E-3	-2.380E-5	-1.423E-5	1.695E-3	1.486E-3
3.800	-2.246E-2	1.718E-3	6.503E-5	6.473E-5	4.405E-4	-6.629E-4
3.833	-2.246E-2	1.723E-3	4.479E-5	-8.822E-6	-2.558E-4	-1.724E-3
3.867	-2.246E-2	1.717E-3	-2.909E-6	-1.167E-4	-1.971E-3	-3.785E-4
3.900	-2.246E-2	1.715E-3	-4.100E-5	-3.986E-6	6.578E-4	3.401E-3
3.933	-2.246E-2	1.717E-3	-1.275E-5	1.112E-4	9.684E-4	1.153E-3
3.967	-2.246E-2	1.723E-3	7.783E-5	9.137E-5	1.571E-3	-1.172E-3
4.000	-2.246E-2	1.723E-3	6.182E-5	4.776E-6	-1.258E-3	-4.853E-4
4.033	-2.245E-2	1.723E-3	1.348E-5	5.778E-5	-5.888E-4	3.833E-4
4.067	-2.246E-2	1.727E-3	-5.738E-6	5.892E-5	2.377E-4	-8.722E-4
4.100	-2.245E-2	1.727E-3	5.095E-5	-2.431E-5	-1.779E-3	-1.867E-3
4.133	-2.245E-2	1.725E-3	-1.048E-4	-6.037E-5	-2.583E-3	-8.975E-4
4.167	-2.246E-2	1.723E-3	-1.823E-4	-8.429E-5	5.306E-4	8.346E-4
4.200	-2.246E-2	1.720E-3	-2.998E-5	-1.602E-5	3.527E-3	6.184E-4
4.233	-2.246E-2	1.722E-3	5.576E-5	-9.754E-6	1.392E-3	3.986E-4
4.267	-2.246E-2	1.719E-3	6.176E-5	-2.810E-5	-1.617E-4	-1.163E-3
4.300	-2.246E-2	1.720E-3	3.877E-5	-5.142E-5	-9.313E-4	-1.254E-3
4.333	-2.246E-2	1.716E-3	3.489E-6	-1.391E-4	-8.664E-4	2.040E-3
4.367	-2.246E-2	1.711E-3	-2.546E-5	6.158E-5	-4.213E-4	3.986E-3
4.400	-2.246E-2	1.720E-3	-2.187E-5	1.998E-4	5.507E-4	-6.275E-4
4.433	-2.246E-2	1.724E-3	9.241E-6	-1.225E-5	1.048E-3	-3.269E-3
4.467	-2.246E-2	1.719E-3	5.224E-5	-5.970E-5	3.190E-4	-1.458E-3
4.500	-2.246E-2	1.720E-3	3.637E-5	-5.224E-5	-1.242E-3	6.373E-4
4.533	-2.246E-2	1.715E-3	-3.667E-5	-6.385E-5	-1.120E-3	-4.833E-4
4.567	-2.246E-2	1.716E-3	-4.901E-5	-4.491E-5	-1.883E-4	1.109E-3
4.600	-2.246E-2	1.712E-3	-3.376E-5	-2.519E-5	2.352E-4	1.374E-3
4.633	-2.246E-2	1.714E-3	-4.156E-5	7.113E-5	-1.305E-3	8.983E-4
4.667	-2.246E-2	1.717E-3	-1.075E-4	3.946E-5	7.803E-4	5.025E-4
4.700	-2.247E-2	1.717E-3	-3.140E-5	7.235E-5	2.412E-3	-7.149E-4
4.733	-2.247E-2	1.722E-3	1.066E-4	4.229E-5	2.691E-3	-2.410E-3
4.767	-2.246E-2	1.719E-3	1.211E-4	-1.278E-4	1.038E-3	1.308E-4
4.800	-2.246E-2	1.713E-3	1.789E-4	2.443E-5	-3.688E-3	1.632E-3
4.833	-2.245E-2	1.721E-3	-7.682E-5	6.900E-5	-3.069E-3	-6.717E-5
4.867	-2.246E-2	1.718E-3	-1.452E-4	-5.881E-5	-8.185E-4	-2.417E-3
4.900	-2.246E-2	1.717E-3	-1.370E-5	-5.655E-5	-9.846E-4	-4.140E-4
4.933	-2.246E-2	1.714E-3	-2.477E-4	-9.724E-5	-7.341E-3	-1.212E-3
4.967	-2.248E-2	1.711E-3	-5.138E-4	-1.333E-4	1.899E-3	1.850E-3
5.000	-2.250E-2	1.705E-3	-1.981E-4	-1.321E-6	9.165E-3	2.670E-3
5.033	-2.249E-2	1.711E-3	2.398E-4	1.004E-4	5.366E-3	-1.543E-5
5.067	-2.248E-2	1.712E-3	1.148E-4	-2.933E-5	-1.152E-3	-1.158E-3
5.100	-2.248E-2	1.709E-3	1.101E-4	-4.884E-6	9.311E-4	2.213E-3
5.133	-2.247E-2	1.712E-3	2.292E-4	1.498E-4	2.440E-3	4.522E-3
5.167	-2.247E-2	1.719E-3	2.519E-4	2.862E-4	-3.679E-3	-1.252E-3
5.200	-2.246E-2	1.731E-3	2.653E-5	1.176E-4	-7.257E-3	-8.002E-3
5.233	-2.246E-2	1.726E-3	-2.960E-4	-3.057E-4	-7.183E-4	-2.102E-3
5.267	-2.248E-2	1.711E-3	-5.205E-5	-9.147E-5	5.953E-3	3.392E-3
5.300	-2.247E-2	1.720E-3	2.099E-4	8.575E-5	1.808E-3	5.790E-3
5.333	-2.246E-2	1.716E-3	2.576E-5	1.413E-4	-3.944E-3	-7.109E-4
5.367	-2.247E-2	1.730E-3	-8.454E-5	1.771E-4	4.033E-4	-9.222E-4
5.400	-2.247E-2	1.728E-3	5.852E-5	-2.739E-5	2.381E-3	-4.525E-4
5.433	-2.246E-2	1.728E-3	1.166E-4	1.633E-4	-3.446E-3	3.339E-4
5.467	-2.246E-2	1.739E-3	-1.757E-4	7.477E-5	-3.649E-3	-4.432E-3
5.500	-2.247E-2	1.733E-3	-2.092E-4	-2.222E-4	2.653E-3	-2.732E-3
5.533	-2.247E-2	1.724E-3	7.524E-5	-1.061E-4	9.421E-3	3.484E-3
5.567	-2.247E-2	1.726E-3	3.864E-4	6.061E-5	3.336E-3	-4.370E-4
5.600	-2.245E-2	1.728E-3	3.794E-4	-1.278E-4	-5.097E-3	-3.058E-3
5.633	-2.244E-2	1.717E-3	-2.401E-5	-2.158E-4	-9.852E-3	-3.655E-4
5.667	-2.245E-2	1.714E-3	-2.839E-4	-9.510E-5	-1.655E-2	1.173E-3
5.700	-2.246E-2	1.711E-3	-1.031E-3	-1.410E-4	-3.645E-3	7.133E-3
5.733	-2.252E-2	1.704E-3	-8.285E-4	2.917E-4	-5.020E-3	6.226E-3
5.767	-2.252E-2	1.730E-3	-8.904E-4	4.678E-4	-4.518E-3	1.823E-2
5.800	-2.258E-2	1.736E-3	-1.556E-3	1.198E-3	-9.824E-3	-4.613E-4
5.833	-2.262E-2	1.810E-3	-1.332E-3	9.635E-4	1.253E-2	-3.132E-3
5.867	-2.267E-2	1.800E-3	-8.444E-4	3.754E-4	3.242E-2	-3.016E-3
5.900	-2.268E-2	1.835E-3	8.223E-4	1.133E-3	4.152E-2	-2.210E-2
5.933	-2.261E-2	1.875E-3	2.148E-3	-8.805E-4	3.063E-2	-2.642E-2
5.967	-2.253E-2	1.777E-3	2.701E-3	-1.448E-3	-5.395E-3	-3.421E-3
6.000	-2.243E-2	1.779E-3	2.017E-3	-3.237E-4	-2.272E-2	1.608E-2
6.033	-2.240E-2	1.755E-3	8.498E-4	-7.041E-4	-3.332E-2	-9.494E-3
6.067	-2.238E-2	1.732E-3	1.600E-5	-8.734E-4	-1.075E-2	8.616E-3
6.100	-2.240E-2	1.697E-3	-1.369E-4	-2.902E-4	1.106E-2	1.566E-2
6.133	-2.238E-2	1.713E-3	9.440E-4	4.205E-4	2.134E-2	-1.619E-3
6.167	-2.234E-2	1.725E-3	1.365E-3	-4.097E-4	3.566E-2	1.101E-2
6.200	-2.229E-2	1.685E-3	2.977E-3	6.725E-4	5.313E-2	1.827E-2
6.233	-2.214E-2	1.770E-3	5.318E-3	1.587E-3	5.743E-2	9.259E-3
6.267	-2.194E-2	1.791E-3	6.645E-3	7.388E-4	4.719E-3	-3.371E-2
6.300	-2.169E-2	1.819E-3	5.939E-3	-3.296E-4	-5.031E-3	-2.196E-2
6.333	-2.154E-2	1.769E-3	5.652E-3	-1.126E-3	-4.876E-3	5.173E-3
6.367	-2.132E-2	1.744E-3	6.210E-3	1.578E-4	2.335E-2	1.434E-2
6.400	-2.113E-2	1.780E-3	6.738E-3	1.669E-4	-8.470E-3	-1.155E-2
6.433	-2.087E-2	1.755E-3	6.256E-3	-9.678E-4	-1.344E-3	-3.974E-4
6.467	-2.071E-2	1.715E-3	5.879E-3	2.803E-5	-5.610E-3	7.653E-3
6.500	-2.048E-2	1.757E-3	6.521E-3	9.226E-5	1.757E-2	-6.723E-4
6.533	-2.028E-2	1.721E-3	6.633E-3	-5.927E-4	3.054E-2	8.307E-3
6.567	-2.003E-2	1.717E-3	8.629E-3	8.159E-4	5.399E-2	2.008E-2
6.600	-1.970E-2	1.776E-3	1.045E-2	1.044E-3	-3.706E-3	-1.131E-2
6.633	-1.934E-2	1.787E-3	8.654E-3	-1.950E-4	-2.963E-2	-2.543E-2
6.667	-1.913E-2	1.763E-3	7.585E-3	-7.077E-4	-2.040E-2	-4.050E-3
6.700	-1.883E-2	1.740E-3	8.070E-3	-4.192E-4	5.847E-2	1.187E-2
6.733	-1.859E-2	1.735E-3	1.063E-2	1.167E-4	3.297E-2	6.255E-3
6.767	-1.812E-2	1.748E-3	1.164E-2	8.136E-5	-1.875E-2	-3.923E-3
6.800	-1.781E-2	1.740E-3	8.397E-3	-2.655E-4	1.145E-2	-7.514E-3
6.833	-1.756E-2	1.730E-3	1.183E-2	-3.770E-4	5.905E-2	6.768E-3
6.867	-1.702E-2	1.715E-3	1.404E-2	9.360E-5	1.451E-2	1.381E-2
6.900	-1.663E-2	1.736E-3	1.158E-2	6.995E-4	-8.715E-2	4.835E-3
6.933	-1.625E-2	1.762E-3	8.815E-3	4.076E-4	3.157E-2	-7.270E-3
6.967	-1.604E-2	1.763E-3	1.218E-2	9.754E-5	8.931E-2	-4.705E-3
7.000	-1.544E-2	1.768E-3	1.695E-2	1.560E-4	3.599E-2	-3.243E-3
7.033	-1.491E-2	1.774E-3	1.374E-2	-8.527E-5	-4.549E-2	-1.384E-3
7.067	-1.452E-2	1.762E-3	1.323E-2	-5.172E-5	-6.826E-2	-8.122E-3
7.100	-1.403E-2	1.770E-3	1.057E-2	-4.152E-4	-6.657E-2	-2.897E-3
7.133	-1.382E-2	1.735E-3	7.202E-3	-5.463E-4	-1.951E-2	3.156E-3
7.167	-1.355E-2	1.734E-3	9.895E-3	2.893E-5	0.114	5.581E-3
7.200	-1.316E-2	1.737E-3	1.473E-2	-1.931E-4	-5.634E-3	-5.139E-3
7.233	-1.257E-2	1.721E-3	1.110E-2	-4.095E-4	1.299E-2	-3.713E-4
7.267	-1.242E-2	1.709E-3	1.214E-2	-1.843E-4	1.360E-2	1.045E-2
7.300	-1.176E-2	1.709E-3	1.576E-2	2.823E-4	1.051E-2	8.974E-3
7.333	-1.137E-2	1.728E-3	1.070E-2	4.903E-4	-2.634E-2	1.617E-3
7.367	-1.104E-2	1.741E-3	1.375E-2	3.294E-4	1.730E-2	-7.444E-3
7.400	-1.045E-2	1.750E-3	1.371E-2	2.281E-5	4.292E-2	-7.311E-3
7.433	-1.013E-2	1.743E-3	1.423E-2	-2.171E-4	2.635E-2	-5.590E-3
7.467	-9.503E-3	1.736E-3	1.753E-2	-3.032E-4	-5.992E-3	3.025E-3
7.500	-8.961E-3	1.723E-3	1.324E-2	-8.375E-5	-0.129	-1.797E-3
7.533	-8.620E-3	1.730E-3	8.506E-3	-2.552E-4	-5.198E-2	2.205E-3
7.567	-8.394E-3	1.706E-3	9.349E-3	-1.937E-4	0.219	-3.709E-3
7.600	-7.997E-3	1.717E-3	2.255E-2	-2.022E-4	0.143	8.017E-3
7.633	-6.891E-3	1.692E-3	2.302E-2	3.755E-7	-7.608E-2	8.712E-3
7.667	-6.463E-3	1.717E-3	1.303E-2	6.808E-4	-0.147	8.620E-3
7.700	-6.023E-3	1.738E-3	1.453E-2	4.686E-4	8.337E-2	-9.115E-3
7.733	-5.494E-3	1.748E-3	1.856E-2	7.763E-5	1.439E-2	-1.779E-2
7.767	-4.785E-3	1.743E-3	1.672E-2	-6.933E-4	-1.250E-2	-6.913E-3
7.800	-4.379E-3	1.702E-3	1.556E-2	-5.871E-4	5.736E-2	1.654E-2
7.833	-3.748E-3	1.704E-3	2.175E-2	5.859E-4	7.133E-2	1.058E-2
7.867	-2.929E-3	1.741E-3	2.113E-2	3.022E-4	-7.592E-2	-1.577E-2
7.900	-2.339E-3	1.724E-3	1.560E-2	-7.480E-4	-0.153	-1.543E-2
7.933	-1.889E-3	1.691E-3	1.115E-2	-7.095E-4	5.587E-2	3.695E-3
7.967	-1.596E-3	1.676E-3	1.768E-2	-4.018E-4	0.195	7.047E-3
8.000	-7.100E-4	1.665E-3	2.696E-2	-2.752E-4	0.158	1.562E-2
8.033	2.016E-4	1.658E-3	2.707E-2	5.495E-4	8.194E-3	-3.602E-3
8.067	1.095E-3	1.701E-3	2.730E-2	-1.131E-4	-2.776E-2	-6.340E-3
8.100	2.022E-3	1.651E-3	2.571E-2	-5.239E-4	-7.730E-2	-2.641E-3
8.133	2.808E-3	1.666E-3	2.174E-2	2.310E-4	-1.800E-2	7.487E-3
8.167	3.471E-3	1.666E-3	2.373E-2	-2.079E-4	5.771E-2	-9.018E-3
8.200	4.390E-3	1.652E-3	2.703E-2	-3.937E-4	1.914E-2	-6.806E-3
8.233	5.273E-3	1.640E-3	2.457E-2	-5.991E-4	-3.743E-2	1.302E-2
8.267	6.028E-3	1.613E-3	2.389E-2	2.572E-4	-1.878E-2	-2.430E-3
8.300	6.865E-3	1.657E-3	2.409E-2	-2.042E-4	3.687E-2	-7.183E-3
8.333	7.634E-3	1.599E-3	2.552E-2	-9.291E-4	8.062E-2	2.681E-3
8.367	8.567E-3	1.595E-3	3.002E-2	3.570E-4	3.740E-2	1.323E-2
8.400	9.635E-3	1.623E-3	2.872E-2	8.098E-5	-5.238E-2	-9.984E-3
8.433	1.048E-2	1.600E-3	2.530E-2	-6.016E-4	-6.472E-2	2.839E-3
8.467	1.132E-2	1.583E-3	2.491E-2	2.815E-4	-5.656E-2	1.358E-2
8.500	1.214E-2	1.619E-3	2.185E-2	5.972E-4	-9.164E-2	-5.900E-4
8.533	1.278E-2	1.622E-3	1.819E-2	-1.731E-6	-3.148E-2	-2.202E-2
8.567	1.335E-2	1.619E-3	1.955E-2	-7.380E-4	5.305E-2	-3.123E-3
8.600	1.408E-2	1.573E-3	2.242E-2	-5.014E-4	3.149E-2	1.070E-2
8.633	1.485E-2	1.586E-3	2.168E-2	3.217E-4	-4.330E-2	1.278E-2
8.667	1.553E-2	1.595E-3	1.923E-2	2.199E-4	-6.796E-2	-7.439E-3
8.700	1.613E-2	1.600E-3	1.715E-2	-1.390E-4	-7.257E-2	1.040E-3
8.733	1.667E-2	1.585E-3	1.453E-2	1.278E-4	-2.741E-2	4.340E-4
8.767	1.710E-2	1.609E-3	1.472E-2	1.724E-4	7.157E-2	-9.679E-3
8.800	1.765E-2	1.597E-3	1.964E-2	-7.005E-4	8.453E-2	-9.541E-3
8.833	1.841E-2	1.562E-3	2.117E-2	-5.568E-4	-1.029E-2	5.652E-3
8.867	1.906E-2	1.560E-3	1.828E-2	-1.263E-4	-2.053E-2	1.402E-2
8.900	1.963E-2	1.554E-3	1.928E-2	2.319E-4	1.222E-2	3.513E-3
8.933	2.035E-2	1.575E-3	2.018E-2	2.871E-4	-2.993E-2	-7.486E-3
8.967	2.097E-2	1.573E-3	1.680E-2	-3.856E-4	-4.101E-2	-9.235E-3
9.000	2.147E-2	1.550E-3	1.684E-2	-4.071E-4	4.508E-2	6.412E-3
9.033	2.210E-2	1.546E-3	2.040E-2	1.332E-4	4.229E-2	5.749E-3
9.067	2.283E-2	1.558E-3	2.011E-2	5.365E-5	-4.971E-2	-7.140E-3
9.100	2.344E-2	1.549E-3	1.655E-2	-4.485E-4	-7.214E-2	8.174E-3
9.133	2.393E-2	1.528E-3	1.507E-2	4.446E-4	-1.724E-2	1.891E-3
9.167	2.444E-2	1.579E-3	1.564E-2	1.943E-4	1.921E-2	-7.337E-3
9.200	2.497E-2	1.541E-3	1.638E-2	-6.410E-4	9.366E-3	-1.302E-2
9.233	2.553E-2	1.536E-3	1.637E-2	-3.255E-4	1.966E-2	7.624E-3
9.267	2.607E-2	1.520E-3	1.734E-2	-2.784E-4	4.673E-2	8.383E-3
9.300	2.669E-2	1.518E-3	1.977E-2	2.693E-4	1.788E-2	6.406E-3
9.333	2.738E-2	1.538E-3	1.892E-2	2.633E-4	-3.511E-2	-4.618E-3
9.367	2.795E-2	1.535E-3	1.676E-2	-1.712E-4	-4.644E-2	2.733E-3
9.400	2.850E-2	1.526E-3	1.609E-2	3.766E-4	-2.619E-3	6.612E-3
9.433	2.902E-2	1.560E-3	1.639E-2	5.346E-4	-9.036E-4	-8.293E-3
9.467	2.959E-2	1.562E-3	1.640E-2	-3.482E-4	-2.636E-2	-7.799E-3
9.500	3.012E-2	1.537E-3	1.450E-2	-1.207E-4	-5.385E-2	7.878E-3
9.533	3.056E-2	1.554E-3	1.267E-2	4.255E-4	-5.440E-2	-8.557E-3
9.567	3.096E-2	1.565E-3	1.100E-2	-6.609E-4	-1.241E-2	-7.902E-3
9.600	3.129E-2	1.510E-3	1.143E-2	-5.376E-4	4.907E-3	8.765E-3
9.633	3.172E-2	1.529E-3	1.202E-2	4.141E-4	-2.190E-2	1.003E-2
9.667	3.209E-2	1.537E-3	9.720E-3	-4.028E-5	-7.027E-2	-1.460E-2
9.700	3.237E-2	1.527E-3	7.201E-3	-5.769E-4	-6.098E-2	4.902E-3
9.733	3.258E-2	1.499E-3	5.619E-3	1.167E-4	-7.002E-2	1.054E-2
9.767	3.275E-2	1.535E-3	2.870E-3	5.139E-4	-7.689E-2	1.778E-3
9.800	3.277E-2	1.533E-3	6.070E-6	-5.682E-5	-5.394E-2	-9.829E-3
9.833	3.275E-2	1.531E-3	-5.807E-4	-6.764E-5	-7.425E-3	1.573E-4
9.867	3.273E-2	1.529E-3	-4.166E-4	-4.493E-5	4.313E-3	5.047E-4
9.900	3.272E-2	1.528E-3	-2.575E-4	-2.955E-5	2.097E-3	-6.991E-4
9.933	3.271E-2	1.527E-3	-2.863E-4	-8.667E-5	-1.378E-3	-1.985E-4
9.967	3.270E-2	1.522E-3	-3.602E-4	-6.873E-5	-9.932E-4	-1.230E-3
10.000	3.269E-2	1.522E-3	-3.589E-4	-1.218E-4	-8.353E-4	-1.412E-3
10.033	3.268E-2	1.514E-3	-3.937E-4	-2.142E-4	4.168E-3	1.008E-3
10.067	3.266E-2	1.508E-3	-1.484E-4	-4.608E-5	8.279E-3	5.320E-3
10.100	3.267E-2	1.511E-3	2.446E-4	1.632E-4	7.022E-3	4.678E-3
10.133	3.268E-2	1.519E-3	3.024E-4	2.643E-4	-1.795E-3	-1.264E-3
10.167	3.269E-2	1.528E-3	1.276E-4	1.025E-4	-5.797E-3	-2.770E-3
10.200	3.269E-2	1.526E-3	-1.109E-4	8.845E-6	-3.902E-3	-4.148E-3
10.233	3.268E-2	1.529E-3	-1.441E-4	-9.233E-5	-2.596E-4	-1.005E-3
10.267	3.268E-2	1.519E-3	-9.852E-5	-1.475E-4	1.260E-3	-1.661E-3
10.300	3.267E-2	1.519E-3	-7.531E-5	-1.191E-4	1.367E-3	3.224E-3
10.333	3.267E-2	1.511E-3	-2.462E-6	-1.539E-5	1.835E-4	2.946E-3
10.367	3.267E-2	1.518E-3	-4.449E-5	1.605E-4	-1.810E-4	-5.004E-4
10.400	3.267E-2	1.522E-3	-5.415E-5	-6.444E-5	-1.601E-4	-6.871E-3
10.433	3.267E-2	1.514E-3	-1.753E-5	-3.329E-4	3.685E-3	2.356E-4
10.467	3.267E-2	1.500E-3	1.428E-4	-9.230E-5	8.237E-4	5.005E-3
10.500	3.268E-2	1.508E-3	1.287E-4	1.210E-4	-4.360E-3	1.706E-3
10.533	3.267E-2	1.508E-3	-2.167E-4	-4.802E-5	-1.627E-3	-1.307E-4
10.567	3.266E-2	1.505E-3	-3.371E-5	8.412E-5	4.580E-3	1.413E-3
10.600	3.267E-2	1.514E-3	2.094E-4	1.297E-4	3.500E-3	-1.249E-3
10.633	3.268E-2	1.513E-3	1.331E-4	-6.125E-5	-1.944E-3	-1.833E-4
10.667	3.268E-2	1.510E-3	9.530E-5	9.604E-5	-1.478E-3	1.082E-3
10.700	3.268E-2	1.520E-3	2.873E-5	1.035E-4	-8.358E-4	-2.274E-4
10.733	3.268E-2	1.516E-3	3.138E-5	-1.511E-5	-7.981E-4	-1.689E-3
10.767	3.269E-2	1.519E-3	-1.332E-6	4.355E-5	-2.118E-4	2.231E-3
10.800	3.268E-2	1.519E-3	-1.382E-5	1.058E-4	-1.265E-3	-6.366E-4
10.833	3.268E-2	1.526E-3	-4.853E-5	4.679E-5	7.372E-4	-6.768E-4
10.867	3.268E-2	1.523E-3	-1.478E-5	-3.559E-6	8.497E-4	-9.293E-4
10.900	3.268E-2	1.525E-3	6.187E-5	3.729E-5	8.118E-4	-7.350E-4
10.933	3.268E-2	1.525E-3	1.007E-5	-7.072E-5	-3.222E-3	-1.873E-3
10.967	3.268E-2	1.521E-3	-1.295E-4	-1.017E-4	-7.532E-4	7.748E-4
11.000	3.268E-2	1.518E-3	-1.002E-4	-1.129E-5	2.069E-3	-4.629E-4
11.033	3.268E-2	1.520E-3	7.222E-5	-9.773E-5	2.558E-3	5.388E-4
11.067	3.268E-2	1.512E-3	5.423E-5	-5.403E-5	-1.862E-4	2.382E-3
11.100	3.268E-2	1.516E-3	4.712E-5	1.372E-4	-8.219E-4	2.336E-4
11.133	3.268E-2	1.521E-3	1.697E-5	-4.080E-5	3.831E-4	-5.783E-4
11.167	3.268E-2	1.514E-3	4.370E-5	1.487E-5	4.365E-4	1.080E-3
11.200	3.269E-2	1.522E-3	8.156E-5	1.387E-4	-5.247E-4	-6.706E-4
11.233	3.269E-2	1.523E-3	-7.106E-6	-7.880E-5	-2.799E-3	-3.907E-4
11.267	3.269E-2	1.517E-3	-1.058E-4	6.171E-5	9.268E-4	2.645E-3
11.300	3.268E-2	1.527E-3	2.172E-5	2.000E-4	2.339E-3	-1.624E-4
11.333	3.269E-2	1.530E-3	1.196E-4	-3.087E-6	-2.896E-4	-3.444E-3
11.367	3.269E-2	1.527E-3	-3.524E-5	-4.713E-5	-4.196E-3	-1.217E-3
11.400	3.269E-2	1.527E-3	-1.625E-4	-4.988E-5	-6.383E-4	-6.019E-4
11.433	3.268E-2	1.523E-3	-9.874E-5	-1.078E-4	2.821E-3	1.276E-3
11.467	3.268E-2	1.520E-3	6.020E-5	2.117E-5	2.437E-3	2.525E-3
11.500	3.268E-2	1.525E-3	6.472E-5	1.074E-4	1.910E-4	6.522E-4
11.533	3.268E-2	1.527E-3	5.229E-5	3.445E-5	-1.274E-3	1.711E-3
11.567	3.269E-2	1.527E-3	3.254E-6	1.955E-4	-2.087E-3	-3.085E-3
11.600	3.268E-2	1.540E-3	-1.068E-4	-5.327E-5	5.090E-4	-5.647E-3
11.633	3.268E-2	1.524E-3	1.528E-5	-3.505E-4	1.873E-3	-4.198E-4
11.667	3.268E-2	1.516E-3	8.116E-5	-9.730E-6	2.599E-3	7.318E-3
11.700	3.268E-2	1.523E-3	1.211E-4	1.787E-4	-1.807E-3	5.444E-4
11.733	3.269E-2	1.528E-3	4.151E-5	1.390E-5	-2.781E-3	-4.122E-3
11.767	3.269E-2	1.524E-3	-1.467E-4	-1.360E-4	-1.478E-3	-4.263E-5
11.800	3.268E-2	1.519E-3	-3.323E-5	1.074E-5	1.323E-3	1.474E-3
11.833	3.268E-2	1.525E-3	-2.423E-5	2.404E-5	-2.308E-4	4.736E-4
11.867	3.268E-2	1.521E-3	-8.743E-5	-2.904E-5	5.278E-4	9.856E-5
11.900	3.268E-2	1.523E-3	1.570E-5	7.065E-5	2.754E-3	2.986E-3
11.933	3.268E-2	1.526E-3	1.156E-4	1.541E-4	1.342E-3	5.472E-4
11.967	3.269E-2	1.533E-3	1.015E-4	1.353E-4	-3.323E-3	-4.352E-3
12.000	3.269E-2	1.535E-3	-9.284E-5	-1.419E-4	-1.177E-3	-5.351E-3
12.033	3.268E-2	1.523E-3	-4.970E-5	-2.732E-4	1.772E-3	1.531E-3
12.067	3.269E-2	1.516E-3	1.146E-4	-2.181E-5	1.672E-3	5.903E-3
12.100	3.269E-2	1.522E-3	2.587E-5	1.661E-4	-8.534E-5	2.552E-3
12.133	3.269E-2	1.527E-3	8.724E-5	1.260E-4	-1.953E-3	-3.283E-3
12.167	3.269E-2	1.530E-3	-3.494E-5	-4.443E-5	-1.934E-3	-4.476E-3
12.200	3.268E-2	1.524E-3	-1.398E-4	-2.013E-4	-5.747E-4	-1.029E-3
12.233	3.268E-2	1.517E-3	-6.669E-6	-1.166E-4	2.648E-3	2.549E-3
12.267	3.268E-2	1.517E-3	1.947E-5	1.934E-6	-2.397E-3	1.732E-3
12.300	3.269E-2	1.517E-3	-1.382E-4	-1.085E-5	-6.511E-4	4.189E-3
12.333	3.267E-2	1.516E-3	-1.057E-4	2.352E-4	2.083E-3	1.561E-3
12.367	3.268E-2	1.533E-3	8.671E-5	2.144E-4	3.182E-4	-2.402E-3
12.400	3.268E-2	1.530E-3	-9.433E-5	-4.946E-5	-2.698E-3	-4.983E-3
12.433	3.267E-2	1.529E-3	-1.539E-4	-6.367E-5	1.520E-3	7.857E-4
12.467	3.267E-2	1.526E-3	4.781E-5	-2.337E-5	4.693E-3	3.441E-4
12.500	3.268E-2	1.528E-3	1.672E-4	-3.704E-6	1.287E-3	1.019E-4
12.533	3.268E-2	1.526E-3	1.352E-4	-4.748E-5	-3.778E-3	2.576E-3
12.567	3.268E-2	1.525E-3	-8.150E-5	1.547E-4	-2.217E-3	-6.923E-4
12.600	3.268E-2	1.536E-3	-7.415E-5	5.075E-6	5.854E-5	-2.273E-3
12.633	3.268E-2	1.525E-3	5.651E-6	-1.456E-4	3.139E-3	-1.712E-4
12.667	3.268E-2	1.526E-3	6.513E-5	8.751E-5	-2.127E-3	-1.283E-3
12.700	3.268E-2	1.531E-3	-4.485E-5	-1.963E-4	1.039E-3	-1.592E-3
12.733	3.267E-2	1.513E-3	-2.802E-6	-1.714E-4	4.252E-4	1.585E-3
12.767	3.268E-2	1.520E-3	1.295E-4	7.466E-5	-9.165E-5	3.711E-3
12.800	3.268E-2	1.518E-3	-9.157E-5	-1.038E-5	-2.326E-3	2.531E-3
12.833	3.268E-2	1.519E-3	-3.328E-5	2.353E-4	3.533E-3	1.495E-3
12.867	3.268E-2	1.534E-3	1.708E-4	1.867E-4	8.531E-4	-2.923E-3
12.900	3.269E-2	1.531E-3	6.225E-5	-6.939E-5	-3.169E-3	-6.481E-3
12.933	3.268E-2	1.529E-3	-1.141E-4	-1.853E-4	-2.465E-3	1.825E-4
12.967	3.268E-2	1.519E-3	-6.966E-5	-1.228E-4	2.739E-3	2.277E-3
13.000	3.268E-2	1.521E-3	5.601E-5	4.281E-5	2.516E-3	4.493E-3
13.033	3.268E-2	1.522E-3	1.296E-4	1.268E-4	-5.639E-4	-1.569E-3
13.067	3.269E-2	1.530E-3	7.396E-6	5.805E-6	-2.808E-3	-1.297E-3
13.100	3.269E-2	1.522E-3	-7.962E-5	-6.386E-5	-4.355E-4	1.987E-3
13.133	3.268E-2	1.525E-3	-1.614E-5	2.019E-4	5.982E-4	4.784E-4
13.167	3.268E-2	1.536E-3	-1.485E-5	1.673E-5	8.506E-4	-4.457E-3
13.200	3.268E-2	1.526E-3	4.254E-6	-2.033E-4	3.632E-4	1.494E-3
13.233	3.268E-2	1.522E-3	4.512E-5	1.391E-4	7.497E-4	3.448E-3
13.267	3.268E-2	1.536E-3	2.964E-5	1.338E-4	-1.375E-3	-1.422E-3
13.300	3.269E-2	1.531E-3	-2.446E-5	-8.251E-5	-2.678E-3	-3.209E-3
13.333	3.268E-2	1.530E-3	-1.643E-4	-2.290E-5	-4.353E-5	-1.404E-3
13.367	3.268E-2	1.529E-3	-5.924E-5	-1.651E-4	3.800E-3	6.491E-4
13.400	3.268E-2	1.519E-3	1.422E-4	-5.544E-5	9.772E-4	2.996E-3
13.433	3.269E-2	1.526E-3	1.371E-5	1.349E-4	-2.858E-3	8.436E-4
13.467	3.268E-2	1.528E-3	-1.048E-4	-3.629E-5	-6.096E-4	-2.392E-3
13.500	3.268E-2	1.523E-3	-8.957E-7	-6.015E-5	2.408E-3	-8.429E-4
13.533	3.268E-2	1.524E-3	6.670E-5	-4.188E-5	-7.309E-4	2.048E-3
13.567	3.268E-2	1.521E-3	-4.071E-5	2.488E-5	-4.106E-4	1.820E-3
13.600	3.268E-2	1.526E-3	-1.378E-5	1.321E-4	-4.667E-4	1.142E-3
13.633	3.268E-2	1.529E-3	2.057E-6	7.730E-5	8.750E-4	3.840E-5
13.667	3.268E-2	1.531E-3	-2.481E-5	1.212E-4	-1.683E-4	-2.566E-3
13.700	3.268E-2	1.537E-3	4.088E-5	-3.730E-5	1.976E-3	-2.815E-3
13.733	3.268E-2	1.529E-3	7.467E-5	-1.574E-4	6.926E-4	-6.603E-4
13.767	3.268E-2	1.527E-3	1.140E-4	-2.152E-5	-2.307E-3	1.453E-3
13.800	3.269E-2	1.527E-3	-7.295E-5	-5.901E-5	-2.695E-3	2.488E-3
13.833	3.268E-2	1.523E-3	-1.237E-4	9.124E-5	-9.429E-5	3.224E-4
13.867	3.268E-2	1.533E-3	-2.339E-5	6.729E-5	5.137E-3	-8.376E-4
13.900	3.268E-2	1.527E-3	1.711E-4	-7.708E-5	-1.295E-3	-4.598E-3
13.933	3.269E-2	1.528E-3	3.195E-6	-1.536E-4	-2.587E-3	-3.007E-4
13.967	3.268E-2	1.517E-3	-1.659E-4	-1.802E-4	-2.320E-4	3.173E-3
14.000	3.268E-2	1.516E-3	9.118E-5	1.037E-4	5.274E-3	6.596E-3
14.033	3.268E-2	1.524E-3	1.688E-4	2.743E-4	-1.596E-3	1.380E-3
14.067	3.269E-2	1.534E-3	9.838E-6	1.998E-4	-4.329E-3	-5.208E-3
14.100	3.269E-2	1.537E-3	-1.750E-4	-8.234E-5	-5.810E-4	-5.247E-3
14.133	3.268E-2	1.529E-3	-2.527E-5	-1.945E-4	8.405E-4	-1.170E-3
14.167	3.268E-2	1.525E-3	-4.989E-5	-1.184E-4	-3.263E-3	2.287E-3
14.200	3.268E-2	1.521E-3	-3.040E-4	-5.524E-5	5.352E-4	4.884E-3
14.233	3.266E-2	1.521E-3	-5.734E-5	1.922E-4	5.782E-3	2.417E-3
14.267	3.267E-2	1.534E-3	1.953E-4	1.837E-4	3.079E-3	-4.492E-3
14.300	3.268E-2	1.533E-3	8.653E-5	-1.720E-4	-7.501E-4	-3.500E-3
14.333	3.268E-2	1.522E-3	1.329E-4	-9.605E-5	1.705E-4	2.795E-3
14.367	3.269E-2	1.527E-3	1.383E-4	1.046E-4	-2.437E-3	1.765E-3
14.400	3.269E-2	1.529E-3	-4.837E-5	-6.400E-6	-4.646E-3	-4.501E-3
14.433	3.268E-2	1.526E-3	-1.870E-4	-2.001E-4	1.011E-3	4.795E-4
14.467	3.267E-2	1.516E-3	-4.434E-6	-3.308E-5	3.135E-3	3.066E-3
14.500	3.268E-2	1.524E-3	1.022E-4	1.169E-4	8.673E-4	2.515E-3
14.533	3.268E-2	1.524E-3	-6.820E-6	5.044E-5	-2.265E-4	-2.677E-3
14.567	3.268E-2	1.527E-3	8.748E-5	-9.272E-6	7.370E-4	-3.307E-4
14.600	3.269E-2	1.523E-3	8.488E-5	-2.868E-5	-1.597E-3	2.186E-3
14.633	3.269E-2	1.525E-3	-5.569E-5	1.684E-4	-3.354E-3	1.374E-3
14.667	3.268E-2	1.534E-3	-1.310E-4	9.986E-5	-4.495E-4	-2.296E-3
14.700	3.268E-2	1.532E-3	-9.930E-5	-4.818E-5	1.059E-3	-4.838E-3
14.733	3.268E-2	1.531E-3	-3.597E-5	-1.737E-4	3.123E-3	2.274E-3
14.767	3.268E-2	1.521E-3	8.131E-5	1.303E-5	-6.828E-4	6.685E-3
14.800	3.268E-2	1.532E-3	-1.557E-5	3.810E-4	-8.589E-3	8.137E-3
14.833	3.267E-2	1.546E-3	-5.284E-4	5.069E-4	-1.878E-2	-3.539E-3
14.867	3.265E-2	1.566E-3	-1.259E-3	2.183E-4	-2.298E-3	-4.908E-3
14.900	3.259E-2	1.561E-3	-8.798E-4	3.258E-5	2.199E-2	-2.963E-3
14.933	3.259E-2	1.568E-3	4.307E-4	1.406E-4	1.823E-2	-5.994E-4
14.967	3.262E-2	1.570E-3	4.322E-4	-4.354E-5	-2.872E-3	-2.257E-3
15.000	3.262E-2	1.565E-3	1.548E-5	-4.193E-5	-1.330E-2	-3.519E-3
15.033	3.262E-2	1.567E-3	-3.042E-4	-1.971E-4	5.469E-3	9.887E-4
15.067	3.260E-2	1.552E-3	1.353E-4	-1.136E-4	8.933E-3	5.808E-4
15.100	3.263E-2	1.560E-3	6.359E-4	7.868E-6	5.597E-3	-1.118E-3
15.133	3.264E-2	1.552E-3	2.931E-4	-2.891E-4	-5.774E-3	-3.562E-3
15.167	3.265E-2	1.540E-3	2.964E-4	-2.381E-4	-1.810E-3	3.678E-3
15.200	3.266E-2	1.537E-3	1.919E-4	-1.093E-5	-2.633E-3	6.474E-3
15.233	3.266E-2	1.540E-3	8.620E-5	1.895E-4	-1.707E-3	1.504E-3
15.267	3.267E-2	1.549E-3	9.606E-5	1.271E-4	-1.816E-4	-2.585E-3
15.300	3.267E-2	1.548E-3	7.678E-5	-4.282E-5	-1.722E-3	-3.624E-3
15.333	3.267E-2	1.546E-3	-1.517E-5	-8.778E-5	-8.891E-4	8.584E-4
15.367	3.267E-2	1.542E-3	-1.025E-5	-1.177E-5	-9.870E-4	-1.364E-3
15.400	3.267E-2	1.546E-3	-3.512E-5	-1.103E-4	1.797E-3	2.044E-3
15.433	3.267E-2	1.535E-3	4.449E-5	1.186E-6	-9.270E-3	1.050E-3
15.467	3.267E-2	1.546E-3	-4.860E-4	1.130E-4	-7.645E-3	-1.005E-4
15.500	3.263E-2	1.542E-3	-7.566E-4	-1.108E-4		
15.533	3.262E-2	1.538E-3				
