	mass A						
t	x	y	vx	vy	ax	ay	
0.000	-5.150E-2	0.000				
0.033	-5.150E-2	-2.518E-6	-6.628E-6	-1.750E-5		
0.067	-5.150E-2	-1.166E-6	-7.705E-6	8.645E-5	1.205E-3	-1.641E-4
0.100	-5.150E-2	3.246E-6	2.191E-5	-4.112E-6	-1.249E-3	-3.515E-3
0.133	-5.150E-2	-1.440E-6	-2.398E-5	-1.869E-4	6.322E-5	-1.254E-3
0.167	-5.150E-2	-9.211E-6	-5.394E-5	-1.004E-4	1.254E-3	4.073E-3
0.200	-5.150E-2	-8.132E-6	1.137E-4	1.171E-4	6.566E-4	2.925E-3
0.233	-5.150E-2	-1.402E-6	3.647E-6	1.127E-4	-1.986E-3	5.929E-4
0.267	-5.150E-2	-6.215E-7	-7.643E-5	1.071E-4	1.729E-3	-2.154E-3
0.300	-5.150E-2	5.738E-6	1.388E-4	2.883E-5	2.144E-3	-1.059E-3
0.333	-5.149E-2	1.301E-6	1.220E-4	-3.566E-5	-1.928E-3	-6.762E-4
0.367	-5.149E-2	3.360E-6	-5.541E-5	3.811E-5	-2.683E-3	-1.029E-5
0.400	-5.150E-2	3.841E-6	-4.150E-5	-4.810E-5	-8.627E-4	-1.016E-3
0.433	-5.150E-2	1.535E-7	-9.184E-5	-5.239E-5	2.234E-6	-7.110E-4
0.467	-5.150E-2	3.485E-7	-8.044E-5	-6.046E-5	-5.963E-4	-8.421E-4
0.500	-5.150E-2	-3.877E-6	-8.186E-5	-1.347E-4	2.042E-3	-1.291E-4
0.533	-5.151E-2	-8.630E-6	-6.789E-6	-7.194E-5	2.820E-3	1.120E-3
0.567	-5.150E-2	-8.673E-6	1.656E-4	-3.399E-5	4.264E-4	3.162E-3
0.600	-5.150E-2	-1.090E-5	2.129E-5	9.616E-5	-1.624E-3	2.168E-3
0.633	-5.150E-2	-2.262E-6	-4.469E-6	1.739E-4	5.852E-4	2.436E-3
0.667	-5.150E-2	6.964E-7	1.179E-4	1.957E-4	2.164E-3	-2.980E-3
0.700	-5.149E-2	1.078E-5	1.205E-4	5.349E-5	-3.458E-3	-5.209E-3
0.733	-5.149E-2	4.262E-6	-8.123E-5	-2.327E-4	-2.525E-3	-2.258E-3
0.767	-5.150E-2	-4.731E-6	-1.303E-4	-9.675E-5	-5.720E-4	4.358E-3
0.800	-5.150E-2	-2.188E-6	-3.570E-5	1.080E-4	2.295E-3	2.555E-3
0.833	-5.150E-2	2.469E-6	-2.804E-5	6.815E-5	8.304E-4	-1.051E-3
0.867	-5.150E-2	2.355E-6	4.818E-5	1.090E-5	5.879E-4	-1.581E-3
0.900	-5.150E-2	3.195E-6	8.927E-6	-1.694E-5	-8.353E-4	-6.877E-4
0.933	-5.150E-2	1.226E-6	-2.284E-5	-5.029E-5	-1.829E-4	-1.016E-3
0.967	-5.150E-2	-1.577E-7	4.666E-6	-7.180E-5	1.389E-3	1.286E-3
1.000	-5.150E-2	-3.561E-6	6.551E-5	9.575E-6	3.719E-4	-2.379E-4
1.033	-5.149E-2	4.806E-7	4.943E-5	-2.984E-5	-2.042E-4	1.250E-3
1.067	-5.149E-2	-5.550E-6	2.248E-5	6.956E-6	-1.398E-3	-1.985E-4
1.100	-5.149E-2	9.443E-7	-1.445E-5	5.252E-5	-1.162E-3	-1.301E-3
1.133	-5.150E-2	-2.049E-6	-8.138E-5	-1.401E-4	-7.432E-4	-1.211E-3
1.167	-5.150E-2	-8.393E-6	-5.517E-5	-4.325E-5	1.961E-3	3.363E-3
1.200	-5.150E-2	-4.932E-6	4.346E-5	1.296E-4	1.428E-3	1.061E-3
1.233	-5.150E-2	2.488E-7	6.699E-5	3.155E-5	-5.307E-4	-7.598E-4
1.267	-5.149E-2	-2.829E-6	-1.458E-5	2.337E-5	-2.954E-3	1.201E-4
1.300	-5.150E-2	1.807E-6	-1.190E-4	9.641E-5	-3.082E-4	3.085E-4
1.333	-5.150E-2	3.598E-6	-7.108E-5	2.003E-5	1.720E-3	-1.948E-3
1.367	-5.150E-2	3.142E-6	4.381E-5	-3.410E-5	1.834E-3	-1.140E-3
1.400	-5.150E-2	1.325E-6	3.086E-5	-5.669E-5	2.073E-4	-5.634E-4
1.433	-5.150E-2	-6.367E-7	5.448E-5	-6.805E-5	-3.601E-4	1.328E-3
1.467	-5.150E-2	-3.212E-6	2.309E-5	1.616E-5	-4.181E-4	1.348E-3
1.500	-5.150E-2	4.407E-7	1.161E-6	5.727E-5	-2.757E-3	-1.938E-3
1.533	-5.150E-2	6.066E-7	-1.198E-4	-1.230E-4	2.677E-4	-3.271E-3
1.567	-5.151E-2	-7.762E-6	-6.164E-5	-1.975E-4	1.969E-3	1.910E-3
1.600	-5.150E-2	-1.256E-5	1.026E-4	1.515E-5	3.382E-3	4.789E-3
1.633	-5.150E-2	-6.752E-6	1.103E-4	1.614E-4	-1.318E-3	2.327E-5
1.667	-5.149E-2	-1.803E-6	5.495E-5	1.005E-5	-3.134E-3	-1.824E-3
1.700	-5.149E-2	-6.082E-6	-1.294E-4	-1.423E-5	-2.052E-3	8.410E-4
1.733	-5.150E-2	-2.751E-6	-1.001E-4	1.162E-4	1.785E-3	1.183E-3
1.767	-5.150E-2	1.664E-6	2.471E-5	6.291E-5	3.398E-3	-2.090E-3
1.800	-5.150E-2	1.443E-6	1.106E-4	-4.049E-5	3.066E-4	-1.367E-3
1.833	-5.149E-2	-1.036E-6	7.309E-5	-3.377E-5	-2.723E-3	1.183E-4
1.867	-5.149E-2	-8.086E-7	-9.752E-5	-1.329E-5	-1.510E-3	5.867E-4
1.900	-5.150E-2	-1.922E-6	-5.107E-5	-9.601E-6	1.179E-3	-1.430E-4
1.933	-5.150E-2	-1.449E-6	3.056E-5	-9.730E-6	1.255E-3	-3.418E-4
1.967	-5.150E-2	-2.571E-6	3.640E-6	-4.150E-5	-1.575E-3	-5.079E-4
2.000	-5.150E-2	-4.216E-6	-5.631E-5	-4.328E-5	6.682E-4	-1.214E-4
2.033	-5.150E-2	-5.456E-6	7.627E-6	-4.555E-5	7.902E-4	2.018E-3
2.067	-5.150E-2	-7.253E-6	5.674E-5	7.026E-5	1.974E-3	1.361E-3
2.100	-5.150E-2	-7.718E-7	8.037E-5	9.591E-5	-2.857E-3	-6.042E-4
2.133	-5.149E-2	-8.584E-7	-5.571E-5	-1.424E-5	-1.395E-3	-2.185E-3
2.167	-5.150E-2	-1.721E-6	-1.233E-4	-3.735E-5	3.673E-5	7.486E-5
2.200	-5.150E-2	-3.348E-6	3.491E-5	-1.561E-5	2.417E-3	-1.806E-3
2.233	-5.150E-2	-2.762E-6	8.346E-6	-1.261E-4	2.288E-3	2.012E-3
2.267	-5.150E-2	-1.176E-5	1.645E-4	2.990E-5	9.726E-4	2.966E-3
2.300	-5.149E-2	-7.686E-7	1.471E-4	1.968E-4	-3.678E-3	-6.204E-4
2.333	-5.149E-2	1.362E-6	-1.408E-4	-7.272E-5	-5.411E-3	-2.507E-3
2.367	-5.150E-2	-5.616E-6	-2.218E-4	-1.781E-5	2.839E-3	9.184E-4
2.400	-5.150E-2	1.752E-7	3.755E-5	7.663E-5	3.515E-3	6.820E-4
2.433	-5.150E-2	-5.076E-7	1.002E-4	-2.658E-5	1.182E-3	-1.233E-3
2.467	-5.150E-2	-1.597E-6	2.086E-5	1.638E-6	-1.238E-3	3.049E-4
2.500	-5.149E-2	-3.984E-7	7.397E-5	8.363E-6	-4.726E-4	1.345E-4
2.533	-5.149E-2	-1.039E-6	-2.610E-5	-4.314E-6	-1.490E-3	-2.247E-4
2.567	-5.150E-2	-6.860E-7	-4.358E-5	2.717E-6	-3.718E-6	4.282E-4
2.600	-5.150E-2	-8.583E-7	-4.413E-6	1.672E-5	1.628E-3	-3.618E-4
2.633	-5.150E-2	4.286E-7	4.907E-5	-7.443E-6	-4.757E-5	9.113E-4
2.667	-5.149E-2	-1.354E-6	2.187E-5	4.686E-5	3.862E-4	2.975E-4
2.700	-5.150E-2	3.552E-6	2.894E-5	6.008E-5	9.499E-4	-1.217E-5
2.733	-5.149E-2	2.651E-6	1.235E-4	2.586E-6	-1.517E-3	-3.069E-3
2.767	-5.149E-2	3.725E-6	-5.846E-5	-1.041E-4	-3.497E-3	-9.629E-4
2.800	-5.149E-2	-4.292E-6	-1.726E-4	-1.218E-4	-2.829E-4	1.957E-3
2.833	-5.150E-2	-4.392E-6	-3.997E-5	6.936E-5	3.027E-3	1.523E-3
2.867	-5.150E-2	3.322E-7	3.533E-5	3.299E-6	4.480E-4	-2.101E-3
2.900	-5.150E-2	-4.172E-6	-7.499E-6	-1.224E-4	-3.683E-4	2.400E-7
2.933	-5.150E-2	-7.828E-6	-1.391E-5	9.676E-6	7.006E-4	3.703E-3
2.967	-5.150E-2	-3.527E-6	5.792E-5	1.533E-4	9.700E-4	2.738E-4
3.000	-5.149E-2	2.389E-6	5.404E-5	3.776E-5	-9.938E-4	-1.864E-3
3.033	-5.149E-2	-1.010E-6	-1.336E-5	-2.535E-5	-4.609E-4	2.416E-4
3.067	-5.150E-2	6.987E-7	6.760E-6	9.015E-5	1.283E-4	8.552E-4
3.100	-5.149E-2	5.000E-6	2.458E-5	4.399E-5	-2.478E-3	-1.027E-3
3.133	-5.149E-2	3.631E-6	-1.593E-4	-1.226E-5	-5.976E-4	-3.634E-3
3.167	-5.150E-2	4.183E-6	-8.069E-5	-1.536E-4	1.337E-3	-3.580E-5
3.200	-5.150E-2	-6.610E-6	2.839E-5	-9.944E-5	3.859E-3	3.154E-3
3.233	-5.150E-2	-2.446E-6	8.925E-5	1.426E-4	-3.117E-5	2.205E-3
3.267	-5.149E-2	2.894E-6	1.122E-4	3.801E-5	-8.858E-4	-3.564E-3
3.300	-5.149E-2	8.744E-8	-3.657E-5	-1.265E-4	-3.435E-3	-9.639E-4
3.333	-5.150E-2	-5.536E-6	-8.840E-5	-3.935E-5	-3.033E-4	1.433E-3
3.367	-5.150E-2	-2.536E-6	-7.995E-5	2.180E-5	1.295E-3	1.189E-3
3.400	-5.150E-2	-4.083E-6	1.707E-5	-4.111E-6	1.095E-3	-6.056E-6
3.433	-5.150E-2	-2.810E-6	2.536E-6	4.259E-5	5.694E-4	-5.623E-4
3.467	-5.150E-2	-1.243E-6	2.442E-5	-3.471E-5	-1.314E-3	-4.213E-4
3.500	-5.150E-2	-5.124E-6	-3.731E-5	-2.284E-5	1.662E-3	3.375E-4
3.533	-5.150E-2	-2.766E-6	5.372E-5	3.177E-5	3.645E-3	1.407E-3
3.567	-5.149E-2	-3.006E-6	2.885E-4	3.973E-5	-1.000E-3	8.640E-4
3.600	-5.148E-2	-1.174E-7	-4.250E-7	1.056E-4	-5.528E-3	-6.981E-4
3.633	-5.149E-2	4.036E-6	-1.826E-4	8.494E-6	-2.209E-3	-1.963E-3
3.667	-5.150E-2	4.489E-7	-7.172E-5	-6.694E-5	2.875E-3	-7.058E-4
3.700	-5.150E-2	-4.265E-7	-1.705E-5	-1.234E-5	2.352E-3	1.326E-3
3.733	-5.150E-2	-3.736E-7	9.496E-5	1.734E-5	7.667E-4	-1.838E-4
3.767	-5.149E-2	7.295E-7	5.421E-5	-1.518E-5	-1.568E-3	9.660E-5
3.800	-5.149E-2	-1.386E-6	-4.344E-5	-1.163E-6	-1.813E-3	-6.789E-4
3.833	-5.149E-2	6.520E-7	-5.345E-5	-2.364E-5	-1.690E-5	-1.028E-4
3.867	-5.150E-2	-2.962E-6	-4.752E-5	-4.955E-5	1.529E-3	8.156E-4
3.900	-5.150E-2	-2.651E-6	4.181E-5	5.337E-5	9.722E-4	-4.745E-4
3.933	-5.149E-2	5.963E-7	4.780E-5	-5.520E-5	-1.882E-3	-1.731E-4
3.967	-5.149E-2	-6.331E-6	-1.036E-4	-3.304E-5	-9.510E-4	5.864E-4
4.000	-5.150E-2	-1.606E-6	-4.776E-5	6.640E-5	2.068E-3	2.737E-3
4.033	-5.150E-2	-1.905E-6	8.502E-5	8.894E-5	2.468E-3	-1.696E-3
4.067	-5.150E-2	4.323E-6	9.457E-5	1.641E-5	-2.362E-3	-1.258E-3
4.100	-5.149E-2	-8.107E-7	-4.636E-5	-6.965E-5	-1.944E-3	-1.215E-3
4.133	-5.150E-2	-3.207E-7	-9.570E-5	-1.230E-5	-1.690E-4	1.260E-3
4.167	-5.150E-2	-1.631E-6	-4.041E-6	-9.664E-6	2.527E-3	5.962E-4
4.200	-5.150E-2	-9.650E-7	4.535E-5	3.730E-5	1.456E-3	-1.174E-4
4.233	-5.150E-2	8.558E-7	1.119E-4	-7.849E-6	-1.867E-4	-9.453E-5
4.267	-5.149E-2	-1.488E-6	3.670E-5	5.451E-7	-1.791E-3	-1.398E-3
4.300	-5.149E-2	8.922E-7	-3.243E-5	-5.394E-5	-1.043E-3	1.913E-4
4.333	-5.149E-2	-5.084E-6	-1.888E-5	-5.097E-5	2.884E-4	1.061E-3
4.367	-5.149E-2	-2.506E-6	-1.412E-5	7.211E-5	-3.782E-4	1.752E-3
4.400	-5.149E-2	-2.774E-7	-4.005E-5	4.861E-5	-2.560E-4	-1.052E-3
4.433	-5.150E-2	7.349E-7	-4.291E-5	1.618E-6	1.372E-3	-5.493E-4
4.467	-5.150E-2	-1.695E-7	5.240E-5	2.194E-6	1.291E-3	-1.175E-3
4.500	-5.149E-2	8.812E-7	6.761E-5	-5.228E-5	-3.827E-4	-1.807E-3
4.533	-5.149E-2	-3.655E-6	2.453E-6	-1.451E-4	-9.824E-4	1.722E-3
4.567	-5.149E-2	-8.792E-6	5.347E-6	4.367E-5	-3.949E-4	2.842E-3
4.600	-5.149E-2	-7.433E-7	-1.418E-5	1.196E-4	-2.218E-3	2.213E-4
4.633	-5.149E-2	-8.186E-7	-1.402E-4	-4.349E-6	1.317E-3	-2.166E-4
4.667	-5.150E-2	-1.033E-6	1.580E-5	1.059E-4	1.900E-3	3.665E-4
4.700	-5.149E-2	6.242E-6	9.549E-5	7.321E-5	9.318E-4	-2.697E-3
4.733	-5.150E-2	3.847E-6	-1.486E-5	-1.240E-4	2.560E-4	-1.537E-3
4.767	-5.149E-2	-2.021E-6	1.403E-4	-4.252E-5	8.276E-4	1.166E-3
4.800	-5.149E-2	1.013E-6	8.114E-5	1.080E-5	-2.188E-3	1.176E-3
4.833	-5.149E-2	-1.301E-6	-6.463E-5	-1.400E-5	-3.633E-3	-1.295E-4
4.867	-5.149E-2	7.969E-8	-1.264E-4	3.096E-5	-5.039E-4	-3.164E-4
4.900	-5.150E-2	7.629E-7	-1.293E-4	-3.769E-5	1.208E-3	-1.075E-3
4.933	-5.150E-2	-2.433E-6	-2.211E-5	-6.084E-5	2.885E-3	-3.895E-4
4.967	-5.150E-2	-3.293E-6	5.880E-5	-4.289E-5	1.061E-3	1.571E-3
5.000	-5.150E-2	-5.292E-6	6.042E-5	2.228E-5	-2.881E-4	1.849E-3
5.033	-5.149E-2	-1.808E-6	2.214E-5	1.061E-4	-5.443E-4	5.389E-4
5.067	-5.149E-2	1.780E-6	2.939E-5	5.449E-5	-8.890E-5	-1.204E-4
5.100	-5.149E-2	1.825E-6	1.986E-5	7.249E-5	6.224E-4	-1.121E-3
5.133	-5.149E-2	6.612E-6	5.802E-5	2.468E-5	-1.070E-3	-1.660E-3
5.167	-5.149E-2	3.470E-6	-1.583E-5	-8.384E-5	-9.638E-4	-1.854E-3
5.200	-5.149E-2	1.023E-6	-6.188E-5	-7.829E-5	3.475E-4	7.427E-4
5.233	-5.149E-2	-1.749E-6	4.509E-5	-4.295E-5	8.601E-4	2.142E-3
5.267	-5.149E-2	-1.841E-6	1.128E-6	6.679E-5	-1.699E-3	4.421E-4
5.300	-5.149E-2	2.703E-6	-8.883E-5	1.761E-5	-9.234E-4	-1.022E-3
5.333	-5.150E-2	-6.672E-7	-6.289E-5	-5.217E-5	1.973E-3	-1.021E-4
5.367	-5.150E-2	-7.744E-7	4.938E-5	3.612E-5	9.482E-4	6.955E-4
5.400	-5.149E-2	1.741E-6	2.543E-5	8.075E-6	-1.771E-3	-7.663E-4
5.433	-5.150E-2	-2.361E-7	-9.892E-5	-4.227E-5	-2.084E-3	-4.695E-5
5.467	-5.150E-2	-1.077E-6	-1.133E-4	1.386E-5	2.885E-3	1.386E-3
5.500	-5.150E-2	6.877E-7	7.939E-5	5.815E-5	3.011E-3	-2.539E-4
5.533	-5.149E-2	2.799E-6	1.487E-4	1.649E-6	6.105E-4	-1.012E-3
5.567	-5.149E-2	7.977E-7	6.328E-5	-3.174E-5	-3.578E-3	4.363E-4
5.600	-5.149E-2	6.835E-7	-5.101E-5	4.126E-5	-1.765E-3	1.391E-3
5.633	-5.150E-2	3.548E-6	-1.058E-4	7.176E-5	-1.957E-4	-1.552E-3
5.667	-5.150E-2	5.468E-6	-2.368E-5	-5.635E-5	4.368E-3	-1.007E-3
5.700	-5.150E-2	-2.087E-7	1.513E-4	-4.393E-5	8.937E-4	-9.476E-5
5.733	-5.149E-2	2.539E-6	1.136E-4	1.298E-6	-1.413E-3	1.388E-3
5.767	-5.149E-2	-1.222E-7	-3.515E-5	-3.535E-6	-2.066E-3	-5.717E-4
5.800	-5.149E-2	2.303E-6	2.270E-5	6.095E-6	2.497E-3	4.188E-2
5.833	-5.149E-2	2.841E-7	1.098E-4	2.406E-3	2.258E-2	8.303E-3
5.867	-5.148E-2	1.627E-4	1.384E-3	1.724E-3	-1.524E-3	-6.224E-2
5.900	-5.140E-2	1.152E-4	6.138E-4	-2.799E-3	-3.611E-2	-5.106E-2
5.933	-5.144E-2	-2.390E-5	-1.700E-3	-1.942E-3	-1.750E-2	4.805E-2
5.967	-5.151E-2	-1.424E-5	-5.862E-4	1.120E-3	2.754E-2	3.064E-2
6.000	-5.148E-2	5.076E-5	6.422E-4	2.607E-4	1.474E-2	-2.627E-2
6.033	-5.147E-2	3.136E-6	1.519E-4	-1.257E-3	-9.205E-3	-1.213E-2
6.067	-5.147E-2	-3.307E-5	-1.797E-5	-3.612E-4	-2.099E-3	2.063E-2
6.100	-5.147E-2	-2.094E-5	6.771E-5	3.088E-4	4.401E-3	1.070E-2
6.133	-5.147E-2	-1.248E-5	2.433E-4	2.358E-4	1.003E-3	-2.956E-3
6.167	-5.145E-2	-5.224E-6	2.094E-4	1.274E-4	-4.227E-3	-2.209E-3
6.200	-5.145E-2	-3.989E-6	-1.034E-4	6.175E-5	-6.255E-3	-2.991E-3
6.233	-5.146E-2	-1.108E-6	-2.117E-4	-3.476E-5	1.852E-3	-6.306E-4
6.267	-5.147E-2	-6.306E-6	6.750E-6	-3.564E-5	4.084E-3	-8.947E-4
6.300	-5.146E-2	-3.484E-6	1.336E-4	-2.679E-5	4.297E-3	1.159E-3
6.333	-5.146E-2	-8.092E-6	2.137E-4	-2.375E-5	-3.451E-3	-1.970E-3
6.367	-5.144E-2	-5.067E-6	1.600E-5	-8.446E-5	-3.546E-3	1.362E-3
6.400	-5.146E-2	-1.372E-5	-1.757E-4	-3.189E-5	-8.236E-4	2.648E-3
6.433	-5.146E-2	-7.193E-6	5.468E-5	1.839E-4	3.394E-3	2.070E-3
6.467	-5.145E-2	-1.462E-6	5.074E-5	8.286E-5	-8.900E-4	-1.670E-3
6.500	-5.145E-2	-1.669E-6	-2.768E-5	4.197E-5	-1.849E-3	3.027E-4
6.533	-5.145E-2	1.336E-6	-6.586E-5	1.246E-4	-9.099E-4	-5.507E-4
6.567	-5.146E-2	6.638E-6	-9.108E-5	2.708E-5	3.176E-4	-3.490E-3
6.600	-5.146E-2	3.141E-6	-4.961E-5	-1.450E-4	2.007E-3	-7.630E-4
6.633	-5.146E-2	-3.029E-6	4.903E-5	-3.748E-5	1.756E-3	2.710E-3
6.667	-5.146E-2	6.424E-7	7.910E-5	8.690E-5	-2.154E-4	2.985E-3
6.700	-5.145E-2	2.764E-6	2.520E-5	1.250E-4	7.156E-4	-4.440E-4
6.733	-5.146E-2	8.976E-6	1.052E-4	9.167E-5	2.181E-3	-3.482E-3
6.767	-5.145E-2	8.875E-6	2.081E-4	-1.254E-4	-2.176E-3	-8.544E-3
6.800	-5.144E-2	6.135E-7	-2.597E-5	-4.679E-4	-5.431E-3	-1.601E-3
6.833	-5.145E-2	-2.232E-5	-2.215E-4	-3.288E-4	-1.009E-3	8.311E-3
6.867	-5.146E-2	-2.131E-5	-6.977E-5	1.965E-4	6.054E-3	1.343E-2
6.900	-5.145E-2	-9.223E-6	1.925E-4	5.374E-4	3.998E-3	-4.381E-5
6.933	-5.144E-2	1.452E-5	2.338E-4	2.813E-4	-1.324E-3	-6.020E-3
6.967	-5.144E-2	9.532E-6	6.559E-5	-2.919E-5	-2.943E-3	-4.141E-3
7.000	-5.144E-2	1.257E-5	2.764E-5	9.994E-5	2.539E-3	2.976E-3
7.033	-5.144E-2	1.619E-5	2.292E-4	1.488E-4	7.131E-3	-7.568E-4
7.067	-5.142E-2	2.249E-5	5.289E-4	7.584E-5	1.434E-2	-1.510E-3
7.100	-5.140E-2	2.125E-5	1.130E-3	4.147E-6	1.903E-2	-9.061E-3
7.133	-5.135E-2	2.277E-5	1.875E-3	-4.320E-4	4.699E-2	3.723E-3
7.167	-5.128E-2	-7.553E-6	4.008E-3	-1.745E-5	4.384E-2	3.617E-3
7.200	-5.108E-2	2.160E-5	5.362E-3	2.250E-4	4.392E-2	-1.205E-3
7.233	-5.092E-2	7.448E-6	6.317E-3	-4.126E-4	9.742E-3	-1.008E-3
7.267	-5.066E-2	-5.901E-6	6.661E-3	1.723E-4	-1.304E-2	3.507E-3
7.300	-5.047E-2	1.893E-5	4.998E-3	7.842E-5	-5.698E-3	-5.128E-3
7.333	-5.033E-2	-6.729E-7	6.055E-3	-4.602E-4	4.742E-2	-5.285E-3
7.367	-5.007E-2	-1.174E-5	8.566E-3	-1.659E-4	8.856E-2	1.651E-2
7.400	-4.976E-2	-1.173E-5	1.167E-2	5.863E-4	4.355E-2	8.647E-3
7.433	-4.929E-2	2.734E-5	1.221E-2	6.315E-4	-4.966E-2	-8.504E-3
7.467	-4.894E-2	3.037E-5	7.943E-3	-1.802E-4	-5.583E-2	-1.125E-2
7.500	-4.876E-2	1.533E-5	7.653E-3	-1.602E-4	-2.213E-2	-2.617E-3
7.533	-4.843E-2	1.969E-5	7.805E-3	-1.874E-4	2.842E-2	5.508E-3
7.567	-4.824E-2	2.839E-6	8.234E-3	2.079E-6	3.643E-2	7.593E-3
7.600	-4.788E-2	1.982E-5	1.122E-2	5.093E-4	1.274E-2	2.400E-3
7.633	-4.750E-2	3.679E-5	9.179E-3	1.419E-4	7.544E-3	-3.204E-3
7.667	-4.727E-2	2.929E-5	1.044E-2	1.388E-4	-1.351E-2	-6.626E-3
7.700	-4.680E-2	4.605E-5	1.024E-2	-6.264E-5	-1.058E-2	-3.927E-3
7.733	-4.659E-2	2.511E-5	7.871E-3	-3.730E-4	-1.978E-3	-1.483E-3
7.767	-4.627E-2	2.118E-5	1.089E-2	-2.157E-5	1.510E-2	6.562E-3
7.800	-4.586E-2	2.367E-5	9.499E-3	5.798E-5	6.743E-2	2.459E-3
7.833	-4.564E-2	2.505E-5	1.338E-2	1.135E-4	6.307E-2	-6.149E-3
7.867	-4.497E-2	3.124E-5	1.656E-2	-2.645E-4	6.858E-3	-8.996E-4
7.900	-4.454E-2	7.410E-6	1.199E-2	-1.641E-4	-9.624E-2	4.460E-3
7.933	-4.417E-2	2.030E-5	1.046E-2	2.710E-4	-1.005E-2	9.641E-3
7.967	-4.384E-2	2.548E-5	1.113E-2	3.404E-4	3.659E-3	1.449E-3
8.000	-4.343E-2	4.299E-5	1.128E-2	4.481E-4	-1.487E-2	5.094E-3
8.033	-4.309E-2	5.535E-5	9.727E-3	5.989E-4	3.382E-2	1.183E-4
8.067	-4.278E-2	8.292E-5	1.301E-2	5.691E-4	1.454E-2	1.029E-3
8.100	-4.222E-2	9.329E-5	1.246E-2	5.299E-4	2.374E-2	1.841E-3
8.133	-4.195E-2	1.182E-4	1.224E-2	7.859E-4	-2.487E-2	4.767E-3
8.167	-4.141E-2	1.457E-4	1.305E-2	8.265E-4	9.726E-3	1.458E-2
8.200	-4.108E-2	1.733E-4	1.116E-2	1.638E-3	4.741E-2	1.136E-2
8.233	-4.066E-2	2.549E-4	1.651E-2	1.894E-3	6.001E-2	-1.560E-2
8.267	-3.998E-2	2.996E-4	1.665E-2	4.517E-4	2.113E-2	-2.395E-2
8.300	-3.955E-2	2.850E-4	1.583E-2	5.199E-5	-2.278E-2	-3.285E-3
8.333	-3.892E-2	3.030E-4	1.682E-2	5.047E-4	-2.692E-2	-8.410E-3
8.367	-3.843E-2	3.187E-4	1.325E-2	-4.569E-4	-9.025E-2	-1.176E-2
8.400	-3.804E-2	2.726E-4	1.078E-2	-6.438E-4	-9.839E-4	1.141E-2
8.433	-3.771E-2	2.757E-4	1.274E-2	5.775E-4	0.100	7.069E-3
8.467	-3.719E-2	3.111E-4	1.805E-2	1.016E-5	4.336E-2	-5.801E-4
8.500	-3.651E-2	2.764E-4	1.649E-2	1.841E-5	3.561E-2	-2.226E-3
8.533	-3.609E-2	3.123E-4	1.812E-2	4.097E-4	-8.383E-3	1.457E-2
8.567	-3.530E-2	3.037E-4	1.882E-2	5.348E-4	-4.123E-3	-6.531E-3
8.600	-3.484E-2	3.480E-4	1.541E-2	4.250E-4	-4.686E-2	-6.528E-3
8.633	-3.427E-2	3.321E-4	1.685E-2	-2.972E-4	0.111	-9.266E-3
8.667	-3.371E-2	3.282E-4	2.182E-2	-2.540E-5	0.112	1.619E-2
8.700	-3.282E-2	3.304E-4	2.591E-2	6.929E-4	1.511E-2	7.390E-3
8.733	-3.199E-2	3.744E-4	2.222E-2	7.191E-4	-0.186	-8.956E-3
8.767	-3.134E-2	3.783E-4	1.370E-2	-1.298E-4	-0.124	-1.720E-2
8.800	-3.107E-2	3.657E-4	1.206E-2	-4.083E-4	5.315E-2	5.323E-4
8.833	-3.053E-2	3.511E-4	1.888E-2	-1.138E-4	0.178	-2.381E-3
8.867	-2.981E-2	3.581E-4	2.375E-2	-3.849E-4	0.117	-2.600E-3
8.900	-2.895E-2	3.254E-4	2.682E-2	-5.634E-4	4.548E-2	-2.162E-4
8.933	-2.803E-2	3.206E-4	2.683E-2	-1.889E-4	-4.325E-2	1.336E-2
8.967	-2.716E-2	3.128E-4	2.387E-2	1.947E-4	-4.649E-2	-3.046E-3
9.000	-2.643E-2	3.335E-4	2.307E-2	-1.534E-4	-1.415E-2	-1.444E-2
9.033	-2.562E-2	3.026E-4	2.370E-2	-1.035E-3	1.249E-2	2.127E-3
9.067	-2.485E-2	2.646E-4	2.346E-2	-8.277E-5	-3.089E-2	2.041E-2
9.100	-2.406E-2	2.971E-4	2.211E-2	6.851E-4	-3.570E-2	-7.251E-4
9.133	-2.338E-2	3.102E-4	2.049E-2	-2.705E-4	5.776E-2	-1.418E-2
9.167	-2.269E-2	2.791E-4	2.556E-2	-4.744E-4	0.134	5.033E-3
9.200	-2.168E-2	2.786E-4	3.079E-2	2.535E-4	6.935E-2	1.199E-2
9.233	-2.064E-2	2.959E-4	2.976E-2	3.583E-4	-7.724E-2	-1.160E-2
9.267	-1.969E-2	3.025E-4	2.561E-2	-5.045E-4	-8.714E-2	-1.551E-3
9.300	-1.893E-2	2.623E-4	2.328E-2	-8.245E-5	-1.907E-2	2.744E-3
9.333	-1.814E-2	2.970E-4	2.474E-2	2.169E-4	2.383E-3	-4.918E-3
9.367	-1.728E-2	2.768E-4	2.391E-2	-7.810E-4	-3.002E-2	-4.847E-3
9.400	-1.655E-2	2.449E-4	2.208E-2	-1.531E-4	-6.127E-2	1.744E-2
9.433	-1.581E-2	2.666E-4	2.033E-2	6.375E-4	-2.260E-2	1.596E-2
9.467	-1.519E-2	2.874E-4	1.989E-2	7.719E-4	-2.135E-3	-1.333E-3
9.500	-1.448E-2	3.180E-4	2.085E-2	6.329E-4	4.375E-3	-2.370E-2
9.533	-1.380E-2	3.296E-4	1.998E-2	-7.533E-4	-8.523E-3	-1.365E-2
9.567	-1.315E-2	2.678E-4	2.009E-2	-7.137E-4	1.861E-2	1.328E-2
9.600	-1.246E-2	2.820E-4	2.139E-2	5.914E-4	-1.828E-2	1.357E-2
9.633	-1.173E-2	3.072E-4	1.935E-2	1.603E-4	-4.006E-2	-1.294E-2
9.667	-1.117E-2	2.927E-4	1.770E-2	-4.610E-4	-1.566E-2	-3.671E-3
9.700	-1.055E-2	2.765E-4	1.896E-2	-6.665E-5	1.364E-2	3.811E-3
9.733	-9.908E-3	2.883E-4	1.860E-2	-2.869E-5	-1.562E-2	3.638E-4
9.767	-9.306E-3	2.746E-4	1.777E-2	-2.365E-4	7.264E-4	-1.018E-3
9.800	-8.723E-3	2.725E-4	1.851E-2	-8.865E-7	-7.857E-4	1.133E-3
9.833	-8.072E-3	2.745E-4	1.823E-2	-1.398E-4	1.929E-3	1.646E-4
9.867	-7.508E-3	2.632E-4	1.797E-2	-9.136E-5	-9.595E-3	-3.119E-4
9.900	-6.874E-3	2.684E-4	1.819E-2	-3.368E-5	7.871E-3	2.411E-3
9.933	-6.295E-3	2.610E-4	1.802E-2	-4.615E-5	-2.156E-2	-4.400E-3
9.967	-5.673E-3	2.654E-4	1.726E-2	-2.011E-4	-2.458E-2	1.155E-2
10.000	-5.145E-3	2.475E-4	1.588E-2	4.611E-4	-1.522E-2	4.485E-3
10.033	-4.614E-3	2.961E-4	1.639E-2	5.583E-4	2.655E-2	-6.693E-3
10.067	-4.052E-3	2.848E-4	1.767E-2	-3.786E-4	8.086E-3	-1.726E-2
10.100	-3.437E-3	2.709E-4	1.726E-2	-4.679E-4	2.464E-2	8.715E-3
10.133	-2.902E-3	2.536E-4	1.850E-2	1.043E-4	4.337E-3	5.459E-3
10.167	-2.203E-3	2.778E-4	1.874E-2	1.621E-4	-1.076E-2	-3.554E-3
10.200	-1.653E-3	2.644E-4	1.677E-2	-3.856E-4	-2.900E-2	-1.064E-2
10.233	-1.086E-3	2.521E-4	1.716E-2	-4.498E-4	1.021E-2	1.617E-3
10.267	-5.083E-4	2.344E-4	1.744E-2	-3.322E-4	-2.188E-3	1.634E-2
10.300	7.709E-5	2.300E-4	1.710E-2	6.028E-4	-2.401E-2	4.968E-3
10.333	6.315E-4	2.746E-4	1.581E-2	3.254E-4	-4.579E-2	-3.503E-3
10.367	1.131E-3	2.517E-4	1.401E-2	-1.081E-4	-6.480E-2	-2.748E-3
10.400	1.566E-3	2.674E-4	1.154E-2	4.548E-4	-6.572E-2	7.010E-3
10.433	1.901E-3	2.820E-4	9.430E-3	2.925E-4	-5.484E-2	-8.981E-3
10.467	2.194E-3	2.869E-4	8.037E-3	-1.419E-4	-4.971E-2	-1.420E-2
10.500	2.436E-3	2.725E-4	6.140E-3	-6.803E-4	-4.622E-2	5.085E-3
10.533	2.604E-3	2.415E-4	4.783E-3	2.990E-5	-4.912E-2	1.291E-2
10.567	2.755E-3	2.745E-4	3.155E-3	5.525E-4	-5.204E-2	7.930E-3
10.600	2.814E-3	2.784E-4	1.053E-3	2.739E-4	-5.000E-2	-1.072E-2
10.633	2.825E-3	2.928E-4	-1.190E-4	6.195E-6	-2.978E-2	-9.109E-3
10.667	2.806E-3	2.788E-4	-9.130E-4	-4.705E-4	-9.342E-3	-2.708E-3
10.700	2.765E-3	2.614E-4	-8.319E-4	-1.770E-4	4.108E-3	6.954E-3
10.733	2.751E-3	2.670E-4	-4.649E-4	1.071E-4	9.628E-3	3.788E-3
10.767	2.734E-3	2.685E-4	-2.953E-4	1.398E-5	2.805E-3	-1.360E-3
10.800	2.731E-3	2.679E-4	-1.914E-4	1.117E-5	2.194E-3	-2.636E-3
10.833	2.721E-3	2.693E-4	-2.252E-4	-1.246E-4	-8.948E-4	-3.420E-3
10.867	2.716E-3	2.596E-4	-2.026E-4	-2.714E-4	7.700E-4	5.605E-4
10.900	2.707E-3	2.512E-4	-2.100E-4	-8.222E-5	1.210E-3	7.059E-3
10.933	2.702E-3	2.541E-4	-1.060E-4	2.253E-4	3.311E-3	3.169E-3
10.967	2.700E-3	2.662E-4	9.122E-6	1.715E-4	2.023E-3	-3.178E-3
11.000	2.703E-3	2.655E-4	4.358E-5	-5.585E-5	-4.656E-4	-3.798E-3
11.033	2.703E-3	2.625E-4	-3.236E-5	-6.796E-5	-8.014E-4	1.341E-3
11.067	2.700E-3	2.610E-4	-2.682E-5	3.422E-5	-2.910E-3	-3.924E-3
11.100	2.701E-3	2.648E-4	-1.757E-4	-2.576E-4	1.661E-3	-2.714E-3
11.133	2.689E-3	2.438E-4	-3.077E-5	-3.093E-4	3.603E-3	4.437E-3
11.167	2.699E-3	2.442E-4	2.078E-4	1.606E-4	1.848E-3	7.330E-3
11.200	2.703E-3	2.545E-4	2.301E-5	1.939E-4	-5.931E-3	-4.034E-3
11.233	2.701E-3	2.571E-4	-1.766E-4	-1.337E-4	1.111E-3	-3.263E-3
11.267	2.691E-3	2.456E-4	2.639E-5	-1.013E-4	5.122E-3	4.443E-3
11.300	2.703E-3	2.503E-4	2.851E-4	2.465E-4	1.257E-3	3.767E-3
11.333	2.710E-3	2.621E-4	6.618E-5	1.713E-4	-3.239E-3	-2.229E-3
11.367	2.707E-3	2.617E-4	2.024E-5	2.601E-5	-1.422E-3	-3.701E-3
11.400	2.711E-3	2.638E-4	3.620E-5	-2.673E-5	-9.593E-4	-5.574E-4
11.433	2.709E-3	2.600E-4	-8.071E-5	-5.070E-5	-1.798E-3	-1.760E-4
11.467	2.706E-3	2.604E-4	-8.213E-5	-4.781E-6	2.574E-3	2.815E-3
11.500	2.704E-3	2.596E-4	8.218E-5	1.043E-4	1.730E-3	-1.833E-4
11.533	2.711E-3	2.674E-4	8.817E-5	4.831E-5	8.924E-5	1.098E-4
11.567	2.710E-3	2.629E-4	2.098E-5	1.892E-5	-4.899E-3	-2.315E-3
11.600	2.713E-3	2.686E-4	-1.648E-4	-9.659E-6	-7.178E-4	4.142E-4
11.633	2.699E-3	2.622E-4	-1.466E-4	-4.828E-5	3.084E-3	9.365E-4
11.667	2.703E-3	2.654E-4	1.499E-4	1.170E-4	4.493E-3	2.849E-3
11.700	2.709E-3	2.700E-4	1.289E-4	1.285E-4	-4.340E-6	-8.942E-5
11.733	2.711E-3	2.740E-4	1.257E-4	1.069E-4	-1.430E-3	-2.829E-3
11.767	2.717E-3	2.772E-4	6.782E-5	-4.244E-5	-1.938E-3	-3.270E-3
11.800	2.716E-3	2.712E-4	-3.858E-5	-1.526E-4	-1.794E-3	-1.125E-3
11.833	2.715E-3	2.670E-4	-3.876E-5	-9.437E-5	-8.661E-4	4.207E-3
11.867	2.713E-3	2.649E-4	-8.728E-5	1.082E-4	-1.055E-3	3.013E-3
11.900	2.709E-3	2.742E-4	-1.264E-4	1.673E-4	1.272E-3	-3.684E-4
11.933	2.705E-3	2.760E-4	-6.534E-6	3.038E-5	3.516E-3	-3.585E-3
11.967	2.708E-3	2.762E-4	1.321E-4	-5.394E-5	7.321E-4	-4.499E-4
12.000	2.714E-3	2.724E-4	5.209E-5	-2.596E-5	3.324E-4	1.242E-4
12.033	2.712E-3	2.745E-4	9.557E-5	-2.606E-6	1.083E-3	1.359E-3
12.067	2.720E-3	2.722E-4	1.929E-4	2.089E-5	-2.092E-3	6.273E-4
12.100	2.725E-3	2.759E-4	-5.544E-5	7.814E-5	-7.182E-3	-1.630E-3
12.133	2.716E-3	2.775E-4	-3.212E-4	-8.969E-5	-1.538E-4	-1.621E-3
12.167	2.703E-3	2.699E-4	-1.021E-4	-8.480E-5	8.010E-3	6.549E-4
12.200	2.710E-3	2.718E-4	2.932E-4	1.935E-5	4.034E-3	2.261E-3
12.233	2.723E-3	2.712E-4	1.837E-4	2.832E-5	-4.177E-3	-9.383E-4
12.267	2.722E-3	2.737E-4	-5.563E-5	-1.213E-5	-4.795E-3	-9.647E-4
12.300	2.719E-3	2.704E-4	-1.105E-4	-7.143E-5	8.663E-5	3.125E-4
12.333	2.715E-3	2.689E-4	-6.354E-5	1.993E-5	1.201E-3	1.959E-3
12.367	2.715E-3	2.717E-4	-3.987E-6	7.468E-5	1.106E-3	4.606E-4
12.400	2.714E-3	2.739E-4	-5.681E-6	4.232E-5	-6.670E-4	-1.949E-3
12.433	2.714E-3	2.745E-4	-3.709E-5	-5.074E-5	7.119E-4	-2.111E-3
12.467	2.712E-3	2.705E-4	1.434E-5	-1.157E-4	1.057E-3	7.119E-4
12.500	2.715E-3	2.668E-4	7.181E-5	-6.851E-6	-9.859E-5	2.481E-3
12.533	2.717E-3	2.701E-4	-9.900E-6	8.109E-5	-1.853E-3	-5.054E-4
12.567	2.715E-3	2.722E-4	-5.864E-5	-4.441E-5	1.572E-3	7.926E-4
12.600	2.713E-3	2.671E-4	7.978E-5	7.265E-5	-4.093E-4	-1.390E-4
12.633	2.720E-3	2.771E-4	-1.130E-5	6.068E-5	-2.020E-3	-1.786E-3
12.667	2.712E-3	2.711E-4	-1.548E-4	-1.507E-4	-3.764E-4	-2.723E-3
12.700	2.710E-3	2.670E-4	1.175E-5	-8.471E-5	2.510E-3	2.317E-3
12.733	2.713E-3	2.655E-4	2.987E-5	3.949E-6	2.369E-4	2.157E-3
12.767	2.712E-3	2.673E-4	-3.634E-6	6.589E-5	9.140E-4	1.961E-3
12.800	2.712E-3	2.699E-4	9.564E-5	1.245E-4	7.941E-4	-1.369E-3
12.833	2.718E-3	2.756E-4	7.988E-5	9.190E-6	-1.535E-3	-1.655E-3
12.867	2.718E-3	2.705E-4	-3.896E-5	-5.284E-5	-2.835E-3	1.886E-4
12.900	2.716E-3	2.721E-4	-9.987E-5	6.998E-5	9.102E-4	1.376E-3
12.933	2.711E-3	2.752E-4	-1.968E-6	3.904E-5	8.337E-4	-1.976E-3
12.967	2.715E-3	2.747E-4	1.382E-5	-7.239E-5	8.094E-4	-2.433E-3
13.000	2.712E-3	2.703E-4	-1.191E-5	-1.315E-4	1.633E-3	-5.847E-5
13.033	2.715E-3	2.659E-4	1.534E-4	-7.674E-5	7.499E-4	3.680E-3
13.067	2.722E-3	2.652E-4	7.019E-5	1.115E-4	-5.481E-3	1.782E-3
13.100	2.719E-3	2.733E-4	-2.463E-4	9.298E-5	-1.771E-3	-1.759E-4
13.133	2.706E-3	2.714E-4	-1.114E-4	2.619E-5	4.974E-3	-2.212E-3
13.167	2.712E-3	2.751E-4	1.896E-4	5.584E-6	1.674E-3	-4.829E-4
13.200	2.719E-3	2.718E-4	-8.968E-6	-5.393E-5	-4.132E-3	3.540E-4
13.233	2.711E-3	2.715E-4	-1.555E-4	4.842E-5	2.308E-4	2.177E-3
13.267	2.708E-3	2.750E-4	3.529E-5	1.020E-4	3.998E-3	-2.409E-3
13.300	2.714E-3	2.783E-4	1.423E-4	-9.428E-5	1.561E-3	-3.259E-3
13.333	2.718E-3	2.687E-4	1.152E-4	-1.840E-4	-1.792E-3	-1.757E-4
13.367	2.721E-3	2.660E-4	3.536E-5	-5.343E-5	-3.417E-3	3.584E-3
13.400	2.720E-3	2.652E-4	-1.216E-4	3.921E-5	-2.681E-3	1.760E-3
13.433	2.713E-3	2.686E-4	-1.620E-4	8.133E-5	8.978E-4	-8.377E-4
13.467	2.709E-3	2.706E-4	-4.846E-5	-2.071E-5	2.234E-3	-1.808E-3
13.500	2.710E-3	2.672E-4	4.348E-6	-6.412E-5	2.629E-4	-1.335E-3
13.533	2.709E-3	2.663E-4	-4.271E-5	-8.034E-5	2.471E-4	2.112E-3
13.567	2.707E-3	2.619E-4	4.823E-6	3.268E-5	2.508E-3	1.975E-3
13.600	2.710E-3	2.685E-4	1.413E-4	1.177E-4	2.133E-3	2.202E-3
13.633	2.717E-3	2.697E-4	1.598E-4	1.208E-4	-2.161E-3	-1.527E-3
13.667	2.720E-3	2.766E-4	-6.036E-6	7.054E-5	-2.820E-3	-1.843E-3
13.700	2.716E-3	2.744E-4	-6.636E-5	-5.372E-5	-1.160E-3	-2.145E-3
13.733	2.716E-3	2.730E-4	-4.223E-5	-4.972E-5	5.531E-4	2.873E-4
13.767	2.713E-3	2.711E-4	-5.348E-5	-3.983E-5	6.523E-5	1.362E-3
13.800	2.712E-3	2.703E-4	-2.467E-5	3.756E-5	2.546E-4	1.563E-3
13.833	2.712E-3	2.736E-4	-3.798E-5	8.225E-5	2.064E-3	-1.134E-3
13.867	2.710E-3	2.758E-4	8.843E-5	-3.713E-5	1.375E-3	-2.959E-3
13.900	2.718E-3	2.712E-4	1.127E-4	-1.415E-4	-8.271E-4	2.148E-3
13.933	2.717E-3	2.664E-4	-1.819E-5	8.713E-5	-2.317E-3	2.654E-3
13.967	2.716E-3	2.770E-4	-2.954E-5	1.287E-4	-1.241E-3	-1.143E-3
14.000	2.715E-3	2.749E-4	-8.920E-5	-7.417E-5	-1.696E-3	-5.922E-3
14.033	2.710E-3	2.720E-4	-1.597E-4	-2.236E-4	1.074E-3	-5.838E-5
14.067	2.705E-3	2.600E-4	-3.061E-5	-1.455E-4	4.511E-3	3.015E-3
14.100	2.708E-3	2.623E-4	1.720E-4	5.923E-5	3.084E-3	5.969E-3
14.133	2.716E-3	2.640E-4	1.820E-4	1.981E-4	-1.505E-3	1.584E-3
14.167	2.721E-3	2.755E-4	5.653E-5	2.257E-4	-4.183E-3	-4.081E-3
14.200	2.720E-3	2.790E-4	-9.698E-5	-1.002E-4	-2.580E-3	-6.036E-3
14.233	2.714E-3	2.688E-4	-1.357E-4	-2.291E-4	1.641E-3	1.072E-3
14.267	2.711E-3	2.638E-4	2.112E-5	6.037E-7	1.695E-3	4.647E-3
14.300	2.715E-3	2.689E-4	1.922E-5	1.186E-4	1.465E-3	3.064E-3
14.333	2.712E-3	2.717E-4	4.954E-5	1.617E-4	-5.466E-4	-3.421E-3
14.367	2.719E-3	2.797E-4	5.952E-5	-4.184E-5	-1.480E-3	-5.243E-3
14.400	2.716E-3	2.689E-4	-1.040E-4	-2.851E-4	-3.602E-3	-3.687E-3
14.433	2.712E-3	2.607E-4	-1.652E-4	-2.376E-4	-1.555E-4	7.229E-3
14.467	2.705E-3	2.530E-4	-1.291E-4	1.410E-4	4.328E-3	5.558E-3
14.500	2.703E-3	2.701E-4	1.213E-4	2.715E-4	3.142E-3	-7.281E-4
14.533	2.713E-3	2.711E-4	1.453E-4	-2.109E-5	-1.230E-3	-5.037E-3
14.567	2.713E-3	2.687E-4	-2.955E-5	-4.900E-5	-1.003E-3	-1.079E-3
14.600	2.711E-3	2.679E-4	7.853E-5	-7.132E-5	1.081E-3	7.810E-4
14.633	2.718E-3	2.639E-4	9.579E-5	-2.733E-5	-3.165E-3	2.438E-3
14.667	2.718E-3	2.661E-4	-1.598E-4	1.168E-4	-1.702E-3	8.978E-4
14.700	2.707E-3	2.717E-4	-7.759E-5	5.122E-5	2.348E-3	-7.206E-4
14.733	2.713E-3	2.695E-4	9.241E-5	1.579E-5	2.611E-3	-1.079E-3
14.767	2.714E-3	2.727E-4	4.449E-5	2.953E-5	-1.859E-3	-4.900E-4
14.800	2.716E-3	2.714E-4	-9.786E-6	-4.716E-5	-1.157E-3	-1.465E-3
14.833	2.713E-3	2.696E-4	-5.639E-5	-5.991E-5	-4.446E-4	8.977E-4
14.867	2.712E-3	2.674E-4	-2.564E-5	2.808E-6	2.781E-3	3.300E-3
14.900	2.711E-3	2.698E-4	1.111E-4	1.663E-4	2.523E-3	-2.627E-4
14.933	2.719E-3	2.785E-4	1.847E-4	3.550E-5	-7.158E-4	-2.149E-3
14.967	2.724E-3	2.722E-4	4.305E-5	-7.245E-5	-4.377E-3	-2.731E-3
15.000	2.722E-3	2.737E-4	-1.151E-4	-6.435E-5	-2.211E-3	4.709E-4
15.033	2.716E-3	2.679E-4	-1.206E-4	-1.004E-4	8.403E-4	5.636E-4
15.067	2.714E-3	2.670E-4	-3.421E-5	5.919E-6	2.227E-3	1.954E-3
15.100	2.714E-3	2.683E-4	2.062E-5	2.933E-5	1.970E-3	1.123E-3
15.133	2.715E-3	2.690E-4	9.684E-5	6.738E-5	-2.029E-3	-2.485E-4
15.167	2.720E-3	2.727E-4	-7.575E-5	3.792E-5	-4.403E-3	-8.946E-4
15.200	2.710E-3	2.715E-4	-2.683E-4	-2.262E-5	-2.418E-4	-1.824E-3
15.233	2.702E-3	2.712E-4	-7.784E-5	-6.090E-5	6.842E-3	-6.120E-5
15.267	2.705E-3	2.674E-4	2.140E-4	-5.288E-5	2.780E-3	-2.248E-4
15.300	2.716E-3	2.677E-4	1.471E-4	-4.332E-5	-1.798E-3	5.281E-5
15.333	2.715E-3	2.645E-4	1.290E-5	-7.572E-5	-3.235E-3	1.573E-3
15.367	2.717E-3	2.627E-4	-1.254E-5	5.816E-5	6.669E-5	3.516E-3
15.400	2.714E-3	2.684E-4	-2.505E-5	1.866E-4	-1.362E-4	5.170E-4
15.433	2.716E-3	2.751E-4	1.511E-5	9.531E-5	9.614E-4	-5.718E-3
15.467	2.715E-3	2.748E-4	1.552E-5	-1.996E-4	-1.096E-3	-1.298E-3
15.500	2.717E-3	2.618E-4	-3.310E-5	-7.522E-5	-2.775E-4	3.166E-3
15.533	2.713E-3	2.698E-4	-4.069E-5	1.421E-4	4.325E-5	2.630E-3
15.567	2.714E-3	2.713E-4	5.650E-6	2.987E-5	-1.180E-3	-2.199E-3
15.600	2.713E-3	2.718E-4	-1.226E-4	6.041E-6	2.603E-4	1.300E-3
15.633	2.706E-3	2.717E-4	-3.022E-5	1.016E-4	3.613E-3	-2.842E-4
15.667	2.711E-3	2.785E-4	1.854E-4	4.134E-5	9.108E-4	-2.940E-3
15.700	2.718E-3	2.744E-4	3.349E-5	-1.519E-4	-3.216E-3	-1.766E-3
15.733	2.714E-3	2.684E-4	-8.874E-5	-7.629E-5	-1.305E-3	1.082E-3
15.767	2.712E-3	2.693E-4	-1.723E-5	-3.637E-5	2.087E-3	2.060E-3
15.800	2.712E-3	2.660E-4	4.336E-5	1.143E-5	-5.644E-4	-3.769E-5
15.833	2.715E-3	2.701E-4	-3.019E-5	1.780E-5	-7.618E-4	2.890E-5
15.867	2.710E-3	2.672E-4	-5.781E-5	-4.007E-5	6.059E-4	-3.901E-4
15.900	2.711E-3	2.674E-4	4.808E-5	1.930E-5	9.417E-4	8.963E-4
15.933	2.714E-3	2.684E-4	7.147E-6	1.764E-5	3.558E-5	-3.932E-4
15.967	2.712E-3	2.686E-4	1.967E-5	-9.900E-6	9.250E-4	9.357E-4
16.000	2.715E-3	2.678E-4	9.785E-5	6.471E-5	1.172E-4	2.229E-3
16.033	2.718E-3	2.729E-4	2.885E-5	1.649E-4	-1.639E-3	-1.533E-4
16.067	2.717E-3	2.788E-4	-3.459E-5	6.106E-5	-9.257E-4	-4.857E-3
16.100	2.716E-3	2.770E-4	-2.002E-5	-1.756E-4	-8.866E-4	-3.495E-3
16.133	2.715E-3	2.671E-4	-8.415E-5	-2.039E-4	-4.384E-5	2.248E-3
16.167	2.710E-3	2.634E-4	-5.680E-5	2.499E-6	1.416E-3	4.180E-3
16.200	2.712E-3	2.672E-4	4.637E-5	9.613E-5	7.598E-4	1.159E-3
16.233	2.713E-3	2.698E-4	-8.788E-6	6.071E-5	-6.448E-4	-1.863E-3
16.267	2.711E-3	2.713E-4	-2.251E-5	-2.080E-5	5.632E-4	-1.028E-3
16.300	2.712E-3	2.684E-4	4.847E-5	-3.176E-5	1.546E-4	-1.377E-4
16.333	2.714E-3	2.692E-4	-2.407E-6	-1.842E-6	-1.337E-3	4.717E-4
16.367	2.712E-3	2.683E-4	-6.605E-5	-1.627E-5	-2.480E-3	-2.150E-3
16.400	2.710E-3	2.681E-4	-1.424E-4	-1.224E-4	9.251E-4	1.290E-3
16.433	2.702E-3	2.601E-4	-5.495E-5	1.068E-6	2.487E-3	2.016E-3
16.467	2.706E-3	2.682E-4	8.925E-5	1.148E-4	1.232E-3	-2.114E-4
16.500	2.708E-3	2.678E-4	2.424E-6	-7.406E-5	-1.969E-3	-2.559E-3
16.533	2.706E-3	2.632E-4	-5.456E-5	-6.608E-5	-1.874E-3	1.002E-3
16.567	2.705E-3	2.634E-4	-1.064E-4	2.003E-5	2.596E-4	1.718E-3
16.600	2.699E-3	2.646E-4	-6.579E-5	4.158E-5	2.853E-3	3.494E-3
16.633	2.700E-3	2.662E-4	1.067E-4	2.272E-4	-2.552E-3	-1.268E-4
16.667	2.706E-3	2.797E-4	-1.751E-4	1.236E-4	-2.744E-3	-3.836E-3
16.700	2.689E-3	2.744E-4	-2.338E-4	-1.378E-4	1.452E-3	-1.154E-3
16.733	2.691E-3	2.705E-4	6.066E-5	6.684E-5	3.964E-3	5.248E-3
16.767	2.693E-3	2.789E-4	-6.464E-6	2.602E-4	-1.188E-4	-4.440E-5
16.800	2.690E-3	2.879E-4	2.405E-5	6.908E-5	1.392E-3	-7.233E-3
16.833	2.694E-3	2.835E-4	1.197E-4	-2.622E-4	5.968E-3	-2.876E-3
16.867	2.698E-3	2.704E-4	3.751E-4	-1.639E-4	3.802E-3	2.573E-3
16.900	2.719E-3	2.725E-4	4.663E-4	2.307E-6	5.094E-3	1.375E-4
16.933	2.729E-3	2.705E-4	5.930E-4	-1.872E-4	3.085E-3	-4.957E-3
16.967	2.759E-3	2.601E-4	7.888E-4	-3.504E-4	-3.467E-3	1.057E-3
17.000	2.782E-3	2.472E-4	3.461E-4	-1.436E-4	-1.713E-2	7.912E-3
17.033	2.782E-3	2.505E-4	-3.871E-4	2.326E-4	-1.195E-2	3.662E-3
17.067	2.756E-3	2.627E-4	-5.406E-4	1.367E-4	-2.910E-3	-2.552E-3
17.100	2.746E-3	2.596E-4	-4.437E-4	-3.087E-5	3.470E-3	-3.506E-3
17.133	2.727E-3	2.606E-4	-4.029E-4	-3.698E-5	5.982E-3	1.931E-3
17.167	2.719E-3	2.571E-4	-9.662E-6	4.788E-5	6.217E-3	1.857E-3
17.200	2.726E-3	2.638E-4	7.128E-5	1.477E-4		
17.233	2.724E-3	2.670E-4				
