	mass A						
t	x	y	vx	vy	ax	ay	
0.000	0.145	1.096E-3				
0.033	0.145	1.102E-3	-1.145E-4	-5.829E-7		
0.067	0.145	1.096E-3	-1.183E-4	-8.740E-5	6.726E-4	-2.064E-3
0.100	0.145	1.096E-3	-4.913E-5	-7.640E-5	1.570E-3	1.101E-3
0.133	0.145	1.091E-3	-1.824E-5	-6.223E-5	-1.208E-3	2.352E-3
0.167	0.145	1.092E-3	-1.126E-4	1.070E-4	8.633E-4	2.145E-3
0.200	0.145	1.098E-3	-2.205E-5	1.013E-4	1.924E-3	-1.816E-4
0.233	0.145	1.098E-3	9.911E-5	5.512E-5	1.343E-3	-2.824E-3
0.267	0.145	1.101E-3	1.741E-5	-4.527E-5	-2.604E-3	-3.567E-3
0.300	0.145	1.095E-3	-5.475E-5	-2.213E-4	3.868E-4	3.582E-3
0.333	0.145	1.087E-3	5.878E-6	1.440E-4	2.407E-3	5.200E-3
0.367	0.145	1.105E-3	1.501E-4	2.844E-4	2.816E-3	-1.226E-3
0.400	0.145	1.106E-3	1.778E-4	-5.965E-5	-1.501E-3	-4.922E-3
0.433	0.145	1.101E-3	6.869E-5	-4.264E-5	-3.564E-3	5.114E-6
0.467	0.145	1.103E-3	-9.082E-5	-1.097E-5	-5.456E-4	-3.305E-4
0.500	0.145	1.100E-3	1.784E-5	-9.447E-5	3.030E-3	-3.508E-4
0.533	0.145	1.096E-3	1.593E-4	-4.063E-5	-7.451E-4	8.271E-4
0.567	0.145	1.097E-3	-2.824E-5	-1.010E-5	-2.436E-3	4.566E-3
0.600	0.145	1.096E-3	-7.396E-5	2.049E-4	-8.006E-4	-5.344E-4
0.633	0.145	1.111E-3	-6.641E-6	8.707E-5	-8.370E-4	-4.883E-3
0.667	0.145	1.102E-3	-1.574E-4	-2.672E-4	-2.111E-3	-3.711E-3
0.700	0.145	1.093E-3	-1.705E-4	-1.193E-4	2.099E-3	4.964E-3
0.733	0.145	1.094E-3	-7.666E-7	8.622E-5	4.072E-3	2.485E-3
0.767	0.145	1.099E-3	1.177E-4	6.457E-5	1.482E-3	-1.308E-3
0.800	0.145	1.098E-3	9.423E-5	-3.984E-5	-4.126E-3	-2.274E-3
0.833	0.145	1.096E-3	-1.432E-4	-7.056E-5	-1.713E-3	-8.063E-4
0.867	0.145	1.093E-3	-1.041E-4	-9.977E-5	1.658E-3	6.965E-4
0.900	0.145	1.090E-3	7.151E-5	-3.164E-5	2.023E-3	2.147E-3
0.933	0.145	1.091E-3	-1.630E-5	6.122E-5	-1.261E-3	-1.396E-4
0.967	0.145	1.094E-3	-1.574E-5	-2.912E-5	1.196E-3	-4.502E-5
1.000	0.145	1.089E-3	6.744E-5	2.767E-6	9.041E-5	-3.717E-4
1.033	0.145	1.094E-3	1.713E-5	2.097E-5	1.153E-4	6.017E-5
1.067	0.145	1.091E-3	2.141E-5	-5.639E-5	-9.545E-5	-2.038E-4
1.100	0.145	1.090E-3	6.646E-5	3.307E-5	9.040E-4	2.835E-3
1.133	0.145	1.093E-3	4.177E-5	1.298E-4	-2.109E-3	-2.872E-3
1.167	0.145	1.099E-3	-3.652E-5	-1.069E-4	-9.955E-4	-1.448E-3
1.200	0.145	1.086E-3	-7.547E-5	-1.006E-4	-1.247E-3	2.888E-3
1.233	0.145	1.092E-3	-6.956E-5	2.106E-4	1.372E-3	3.593E-3
1.267	0.145	1.100E-3	-3.218E-5	1.156E-4	2.583E-3	-2.532E-3
1.300	0.145	1.100E-3	1.366E-4	8.777E-6	1.421E-3	-2.840E-3
1.333	0.145	1.100E-3	7.967E-5	-4.933E-5	-3.001E-3	-1.302E-3
1.367	0.145	1.097E-3	-9.590E-5	-9.699E-5	-1.595E-3	-1.227E-3
1.400	0.145	1.094E-3	-4.376E-5	-1.149E-4	3.618E-3	3.103E-4
1.433	0.145	1.089E-3	1.716E-4	-9.385E-5	1.672E-3	1.341E-4
1.467	0.145	1.088E-3	1.050E-4	-8.160E-5	-9.700E-4	2.157E-3
1.500	0.145	1.084E-3	3.050E-5	1.258E-5	-3.242E-3	1.798E-3
1.533	0.145	1.088E-3	-3.682E-5	8.975E-5	-1.586E-3	9.690E-4
1.567	0.145	1.090E-3	-1.430E-4	4.122E-5	-3.254E-4	2.490E-4
1.600	0.145	1.091E-3	-2.791E-5	1.079E-4	2.809E-3	8.851E-4
1.633	0.145	1.097E-3	5.055E-5	1.226E-4	2.145E-4	-1.136E-3
1.667	0.145	1.099E-3	-5.812E-6	1.924E-5	-7.650E-4	-2.530E-3
1.700	0.145	1.098E-3	-3.185E-5	-5.431E-5	-1.712E-3	9.529E-5
1.733	0.145	1.096E-3	-8.095E-5	1.731E-5	-6.112E-4	-1.509E-3
1.767	0.145	1.099E-3	-1.168E-4	-9.906E-5	1.843E-3	-1.723E-3
1.800	0.145	1.089E-3	5.792E-5	-1.847E-4	1.112E-3	2.706E-4
1.833	0.145	1.087E-3	4.056E-6	-2.462E-5	-1.881E-3	2.434E-3
1.867	0.145	1.087E-3	-1.347E-4	-2.134E-5	-2.236E-3	1.132E-3
1.900	0.145	1.085E-3	-1.128E-4	2.167E-5	2.027E-3	9.892E-4
1.933	0.145	1.089E-3	-1.907E-5	7.761E-5	2.273E-3	8.882E-4
1.967	0.145	1.091E-3	6.923E-5	6.021E-5	3.931E-3	-9.553E-4
2.000	0.145	1.093E-3	2.049E-4	2.646E-5	4.146E-4	-2.293E-3
2.033	0.145	1.092E-3	1.666E-4	-9.499E-5	-2.411E-3	-9.135E-4
2.067	0.145	1.087E-3	-2.804E-5	-6.611E-5	-2.408E-3	1.934E-3
2.100	0.145	1.088E-3	2.113E-5	7.155E-5	1.422E-4	1.965E-3
2.133	0.145	1.091E-3	9.830E-6	6.362E-5	1.518E-3	-5.508E-5
2.167	0.145	1.092E-3	7.449E-5	4.926E-5	6.682E-4	-2.339E-4
2.200	0.145	1.095E-3	1.164E-4	6.187E-5	-1.419E-3	9.139E-4
2.233	0.145	1.096E-3	-5.490E-5	9.698E-5	-9.272E-4	1.004E-3
2.267	0.145	1.101E-3	2.325E-5	1.436E-4	6.459E-4	-1.105E-3
2.300	0.145	1.106E-3	6.087E-5	3.271E-5	-2.570E-4	-1.288E-3
2.333	0.145	1.103E-3	-5.102E-5	1.286E-5	1.093E-4	-8.654E-4
2.367	0.145	1.107E-3	7.058E-5	2.791E-5	2.488E-3	8.196E-4
2.400	0.145	1.105E-3	1.516E-4	2.251E-5	-2.538E-4	-1.571E-3
2.433	0.145	1.108E-3	3.882E-5	-2.827E-5	-3.787E-3	-8.214E-4
2.467	0.145	1.103E-3	-1.087E-4	-8.626E-5	-1.606E-3	3.287E-3
2.500	0.145	1.102E-3	-8.921E-5	1.953E-4	-4.410E-4	2.027E-3
2.533	0.145	1.116E-3	-9.035E-5	1.409E-4	-1.094E-3	-9.081E-4
2.567	0.145	1.112E-3	-1.977E-4	6.223E-6	-1.352E-3	-2.466E-3
2.600	0.145	1.117E-3	-1.782E-4	6.588E-5	7.396E-4	-5.775E-4
2.633	0.145	1.116E-3	-1.358E-4	-6.642E-5	7.159E-4	-2.821E-3
2.667	0.145	1.112E-3	-1.340E-4	-1.259E-4	-3.025E-3	-3.020E-3
2.700	0.145	1.108E-3	-3.138E-4	-2.452E-4	-1.399E-3	-3.951E-4
2.733	0.145	1.096E-3	-3.039E-4	-2.060E-4	6.478E-3	1.041E-3
2.767	0.145	1.094E-3	1.574E-4	-1.078E-4	7.843E-3	4.978E-3
2.800	0.145	1.089E-3	2.909E-4	5.684E-5	9.150E-4	2.768E-3
2.833	0.145	1.098E-3	1.402E-4	1.635E-4	-1.154E-2	1.908E-4
2.867	0.145	1.100E-3	-3.870E-4	1.148E-5	-7.045E-3	-2.951E-3
2.900	0.145	1.099E-3	-5.296E-4	-2.818E-5	7.471E-3	-2.202E-4
2.933	0.145	1.098E-3	2.363E-4	-1.678E-6	1.151E-2	-9.954E-4
2.967	0.145	1.099E-3	3.376E-4	-7.269E-5	6.844E-4	-1.127E-3
3.000	0.145	1.093E-3	1.314E-4	-1.165E-4	-6.245E-3	5.350E-5
3.033	0.145	1.091E-3	1.502E-5	-4.239E-5	-2.113E-3	1.278E-3
3.067	0.145	1.090E-3	-9.184E-5	-3.206E-5	-1.590E-3	-2.200E-3
3.100	0.145	1.089E-3	-3.126E-5	-1.754E-4	4.643E-3	3.726E-3
3.133	0.145	1.078E-3	1.628E-4	1.183E-4	2.475E-3	5.944E-4
3.167	0.145	1.097E-3	2.263E-4	7.309E-5	-2.125E-4	-2.030E-4
3.200	0.145	1.083E-3	6.894E-5	-1.300E-4	-3.356E-3	-2.759E-3
3.233	0.145	1.088E-3	3.337E-5	4.707E-5	-1.623E-3	3.188E-3
3.267	0.145	1.086E-3	-4.628E-5	9.554E-6	-1.033E-3	8.887E-5
3.300	0.145	1.089E-3	-4.613E-5	7.987E-5	-5.861E-4	7.040E-6
3.333	0.145	1.092E-3	-6.114E-5	1.751E-5	1.960E-3	-2.706E-3
3.367	0.145	1.090E-3	4.137E-5	-1.167E-4	1.958E-3	8.837E-4
3.400	0.145	1.084E-3	1.311E-4	4.067E-5	-5.999E-4	3.296E-3
3.433	0.145	1.092E-3	-2.683E-5	1.826E-4	-2.846E-3	7.976E-4
3.467	0.145	1.096E-3	-8.068E-5	5.110E-5	-4.572E-4	-4.635E-3
3.500	0.145	1.096E-3	-3.464E-5	-1.174E-4	1.188E-3	-6.979E-4
3.533	0.145	1.088E-3	-7.210E-6	-4.421E-5	-2.700E-4	2.049E-3
3.567	0.145	1.093E-3	-4.083E-5	9.332E-5	1.185E-4	1.035E-3
3.600	0.145	1.094E-3	-2.667E-5	-6.254E-6	5.520E-4	-1.958E-3
3.633	0.145	1.092E-3	2.482E-5	-4.824E-5	1.949E-3	1.712E-3
3.667	0.145	1.091E-3	7.931E-5	9.997E-5	3.278E-4	1.174E-3
3.700	0.145	1.099E-3	7.889E-5	8.801E-5	-1.784E-3	-1.739E-3
3.733	0.145	1.097E-3	-5.994E-5	-7.522E-5	-7.990E-4	-2.115E-3
3.767	0.145	1.094E-3	-1.968E-6	-4.327E-5	-2.229E-4	2.040E-3
3.800	0.145	1.094E-3	-9.704E-6	6.764E-5	5.942E-4	-1.214E-4
3.833	0.145	1.099E-3	-3.441E-5	-1.876E-5	-1.051E-3	-2.297E-3
3.867	0.145	1.093E-3	-1.627E-5	-1.411E-4	-2.813E-4	-2.173E-3
3.900	0.145	1.089E-3	-9.650E-5	-1.319E-4	-8.378E-5	7.141E-4
3.933	0.145	1.084E-3	-1.559E-5	-1.085E-4	3.787E-4	2.381E-3
3.967	0.145	1.082E-3	-3.952E-5	2.767E-5	6.898E-5	4.218E-3
4.000	0.145	1.086E-3	-5.842E-5	1.850E-4	1.008E-3	2.624E-3
4.033	0.145	1.094E-3	5.666E-5	2.120E-4	2.040E-3	-2.138E-3
4.067	0.145	1.100E-3	8.070E-5	4.252E-5	-8.034E-4	-3.911E-3
4.100	0.145	1.097E-3	1.675E-6	-8.313E-5	-3.641E-4	-2.110E-3
4.133	0.145	1.095E-3	2.807E-5	-7.639E-5	7.207E-4	-9.448E-4
4.167	0.145	1.092E-3	8.830E-5	-1.391E-4	-9.707E-4	1.703E-3
4.200	0.145	1.085E-3	-4.302E-5	-7.557E-6	-2.963E-3	4.057E-3
4.233	0.145	1.092E-3	-1.357E-4	1.939E-4	-1.535E-3	-5.974E-4
4.267	0.145	1.098E-3	-1.277E-4	-3.795E-5	9.973E-4	-2.243E-3
4.300	0.145	1.089E-3	-7.840E-5	-5.730E-5	3.435E-3	-1.076E-4
4.333	0.145	1.094E-3	9.816E-5	6.647E-5	2.336E-3	4.431E-4
4.367	0.145	1.093E-3	1.207E-4	-8.027E-5	-1.322E-3	-2.629E-3
4.400	0.145	1.089E-3	-3.050E-5	-1.114E-4	-2.360E-3	1.317E-3
4.433	0.145	1.086E-3	-4.107E-5	5.527E-6	-1.267E-4	1.378E-3
4.467	0.145	1.090E-3	-1.911E-5	1.848E-5	1.205E-3	-7.382E-4
4.500	0.145	1.087E-3	2.140E-5	-8.055E-5	-8.809E-4	1.870E-3
4.533	0.145	1.084E-3	-4.244E-5	1.211E-4	-5.501E-4	5.443E-4
4.567	0.145	1.095E-3	-7.066E-5	5.851E-5	1.770E-3	-3.019E-3
4.600	0.145	1.088E-3	1.067E-4	-1.936E-4	2.294E-3	-1.876E-4
4.633	0.145	1.082E-3	1.060E-4	6.009E-5	-1.497E-3	2.584E-3
4.667	0.145	1.092E-3	-2.382E-5	7.146E-5	-1.860E-3	-7.266E-4
4.700	0.145	1.087E-3	-2.427E-5	-9.095E-5	2.173E-4	-2.393E-3
4.733	0.145	1.086E-3	1.037E-5	-4.067E-5	1.689E-3	4.771E-3
4.767	0.145	1.084E-3	7.006E-5	1.851E-4	-8.946E-4	1.554E-3
4.800	0.145	1.098E-3	-7.776E-6	1.652E-4	-2.228E-3	-9.103E-4
4.833	0.145	1.095E-3	-1.329E-4	6.848E-6	1.911E-3	-3.613E-3
4.867	0.145	1.099E-3	1.141E-4	3.809E-7	2.685E-3	-5.640E-5
4.900	0.145	1.096E-3	1.368E-4	-4.563E-5	-2.443E-3	2.336E-4
4.933	0.145	1.096E-3	-1.301E-4	4.019E-5	-3.196E-3	-3.088E-4
4.967	0.145	1.098E-3	-8.140E-5	-4.692E-5	1.509E-3	-4.909E-3
5.000	0.145	1.093E-3	1.403E-5	-3.064E-4	3.090E-3	-6.054E-5
5.033	0.145	1.078E-3	9.044E-5	-1.199E-4	5.670E-4	6.468E-3
5.067	0.145	1.085E-3	9.374E-5	2.336E-4	-1.280E-3	4.023E-3
5.100	0.145	1.093E-3	-2.920E-5	1.288E-4	6.505E-4	2.132E-4
5.133	0.145	1.093E-3	1.152E-4	1.796E-4	-1.438E-3	-3.256E-3
5.167	0.145	1.105E-3	-2.442E-5	3.070E-5	-3.016E-3	-3.633E-3
5.200	0.145	1.095E-3	-2.192E-4	-1.986E-4	-1.253E-3	-3.219E-3
5.233	0.145	1.092E-3	-3.640E-5	-1.054E-4	4.315E-3	2.642E-3
5.267	0.145	1.088E-3	6.283E-5	-4.953E-5	8.101E-4	2.844E-3
5.300	0.145	1.089E-3	3.013E-5	9.348E-5	-5.026E-4	-1.713E-3
5.333	0.145	1.094E-3	-2.114E-6	-1.109E-4	-1.011E-3	-2.921E-3
5.367	0.145	1.081E-3	-9.354E-6	-2.176E-4	8.157E-4	3.081E-3
5.400	0.145	1.080E-3	2.234E-5	1.562E-4	-1.658E-3	6.762E-3
5.433	0.145	1.092E-3	-6.709E-5	2.764E-4	3.148E-5	-2.353E-3
5.467	0.145	1.098E-3	-5.951E-5	-2.050E-5	9.321E-4	-3.720E-3
5.500	0.145	1.090E-3	7.476E-5	-4.966E-5	2.591E-3	4.734E-4
5.533	0.145	1.095E-3	7.127E-5	1.016E-4	-1.073E-3	1.734E-3
5.567	0.145	1.097E-3	3.074E-5	3.268E-5	-3.357E-3	-4.011E-3
5.600	0.145	1.097E-3	-1.634E-4	-1.480E-4	-1.149E-3	-1.867E-3
5.633	0.145	1.087E-3	-9.450E-5	-1.510E-4	3.681E-3	1.822E-3
5.667	0.145	1.087E-3	1.440E-4	3.152E-5	3.195E-3	3.864E-3
5.700	0.145	1.089E-3	1.184E-4	9.243E-5	-2.958E-3	-7.959E-4
5.733	0.145	1.093E-3	-6.794E-5	-2.440E-6	-3.141E-3	-1.787E-3
5.767	0.145	1.089E-3	-1.186E-4	-7.173E-5	8.043E-4	-1.400E-5
5.800	0.145	1.089E-3	7.469E-6	2.200E-5	1.542E-3	1.538E-3
5.833	0.145	1.091E-3	5.916E-6	3.958E-5	2.172E-3	6.143E-4
5.867	0.145	1.091E-3	9.882E-5	4.502E-5	8.209E-4	5.856E-4
5.900	0.145	1.094E-3	1.356E-4	8.928E-5	-3.703E-4	9.577E-4
5.933	0.145	1.097E-3	1.382E-5	1.075E-4	-2.432E-3	-5.007E-4
5.967	0.145	1.101E-3	-3.778E-6	6.258E-5	-2.755E-3	-3.262E-3
6.000	0.145	1.101E-3	-1.582E-4	-1.078E-4	-1.556E-3	-4.280E-3
6.033	0.145	1.094E-3	-1.604E-4	-2.473E-4	1.794E-3	1.640E-3
6.067	0.145	1.085E-3	1.122E-5	-2.170E-5	3.759E-3	3.733E-3
6.100	0.145	1.092E-3	7.987E-5	9.280E-5	2.783E-3	1.638E-3
6.133	0.145	1.091E-3	1.868E-4	8.704E-6	-1.139E-3	-1.972E-4
6.167	0.145	1.093E-3	5.359E-5	1.044E-4	-2.669E-3	-1.661E-4
6.200	0.145	1.098E-3	-7.568E-5	2.377E-5	-2.547E-3	-4.673E-3
6.233	0.145	1.094E-3	-5.283E-5	-2.333E-4	-3.208E-3	-2.742E-3
6.267	0.145	1.082E-3	-2.935E-4	-1.997E-4	1.003E-4	3.805E-3
6.300	0.145	1.081E-3	-1.366E-4	6.892E-5	5.814E-3	6.414E-3
6.333	0.145	1.087E-3	2.137E-4	2.285E-4	4.483E-3	9.052E-4
6.367	0.145	1.096E-3	1.320E-4	1.475E-4	-2.579E-3	-3.334E-3
6.400	0.145	1.097E-3	1.531E-5	-3.224E-5	-2.029E-3	-3.139E-3
6.433	0.145	1.094E-3	3.175E-6	-5.921E-5	-7.434E-4	-7.275E-4
6.467	0.145	1.093E-3	-2.370E-5	-6.458E-5	-1.206E-4	1.047E-3
6.500	0.145	1.090E-3	-2.166E-5	-1.093E-5	-5.640E-6	2.007E-3
6.533	0.145	1.092E-3	-5.212E-6	9.209E-5	8.599E-4	1.337E-3
6.567	0.145	1.096E-3	1.791E-5	7.898E-5	-5.229E-4	1.210E-3
6.600	0.145	1.097E-3	-1.355E-5	1.442E-4	-5.943E-4	-2.926E-3
6.633	0.145	1.106E-3	-5.465E-5	-4.060E-5	-1.088E-3	-6.342E-3
6.667	0.145	1.095E-3	-5.970E-5	-3.692E-4	5.743E-4	-1.195E-3
6.700	0.145	1.081E-3	-4.102E-5	-1.311E-4	1.132E-3	6.765E-3
6.733	0.145	1.086E-3	3.557E-5	1.652E-4	1.574E-3	3.646E-3
6.767	0.145	1.092E-3	5.986E-5	8.989E-5	8.294E-4	-2.294E-4
6.800	0.145	1.092E-3	8.701E-5	1.059E-4	3.785E-4	-1.546E-3
6.833	0.145	1.099E-3	9.245E-5	5.368E-5	-1.660E-3	-1.365E-3
6.867	0.145	1.096E-3	-1.762E-5	-5.382E-5	-2.586E-3	-2.819E-3
6.900	0.145	1.096E-3	-1.056E-4	-8.441E-5	-2.462E-4	1.238E-5
6.933	0.145	1.090E-3	-2.873E-5	-9.471E-5	6.160E-4	-8.425E-4
6.967	0.145	1.089E-3	-3.449E-5	-9.709E-5	-1.220E-3	-3.101E-4
7.000	0.145	1.083E-3	-1.379E-4	-1.505E-4	2.091E-3	3.683E-3
7.033	0.145	1.079E-3	7.385E-5	1.287E-4	3.642E-3	5.376E-3
7.067	0.145	1.092E-3	1.941E-4	2.918E-4	-3.164E-6	-4.011E-6
7.100	0.145	1.099E-3	1.423E-5	8.138E-5	-2.849E-3	-4.378E-3
7.133	0.145	1.097E-3	-2.596E-6	-2.166E-5	2.641E-3	1.733E-3
7.167	0.145	1.097E-3	1.904E-4	1.890E-4	1.973E-3	2.552E-3
7.200	0.145	1.110E-3	1.869E-4	2.260E-4	-1.633E-3	-3.221E-3
7.233	0.145	1.112E-3	1.893E-5	-7.915E-5	-4.306E-3	-3.606E-3
7.267	0.145	1.105E-3	-7.213E-5	-5.661E-5	-4.324E-4	2.214E-3
7.300	0.145	1.108E-3	-4.398E-5	1.336E-4	1.256E-3	-1.081E-3
7.333	0.145	1.114E-3	5.289E-5	-1.081E-4	-7.319E-4	-3.344E-3
7.367	0.145	1.101E-3	-9.000E-5	-1.939E-4	3.475E-4	5.108E-3
7.400	0.145	1.101E-3	5.041E-6	2.793E-4	2.533E-3	4.696E-3
7.433	0.145	1.120E-3	1.734E-4	2.271E-4	1.033E-3	-3.356E-3
7.467	0.145	1.116E-3	3.382E-5	-8.962E-5	-3.676E-3	-7.012E-3
7.500	0.145	1.114E-3	-7.935E-5	-1.671E-4	-2.028E-3	-2.324E-4
7.533	0.145	1.105E-3	-1.027E-4	-1.567E-4	2.064E-3	2.914E-3
7.567	0.145	1.103E-3	4.760E-5	6.162E-5	3.581E-3	2.974E-3
7.600	0.145	1.109E-3	1.748E-4	6.718E-5	-1.458E-3	-1.329E-3
7.633	0.145	1.108E-3	-4.246E-5	-6.353E-5	-2.866E-3	-8.745E-4
7.667	0.145	1.105E-3	-9.598E-5	-1.540E-6	1.807E-3	9.785E-4
7.700	0.145	1.108E-3	1.398E-4	4.225E-5	1.965E-3	-8.282E-5
7.733	0.145	1.107E-3	5.968E-5	-3.317E-5	-2.735E-3	-1.509E-3
7.767	0.145	1.106E-3	-1.008E-4	-5.670E-5	-1.209E-3	6.427E-4
7.800	0.145	1.104E-3	-1.003E-5	3.463E-6	1.656E-3	1.772E-3
7.833	0.145	1.106E-3	4.033E-5	7.758E-5	1.936E-3	1.933E-3
7.867	0.145	1.109E-3	8.351E-5	1.224E-4	-5.289E-4	-1.921E-3
7.900	0.145	1.114E-3	5.047E-5	-1.823E-5	-2.871E-5	-1.033E-3
7.933	0.145	1.108E-3	2.432E-5	-2.449E-5	-1.030E-3	-9.629E-5
7.967	0.145	1.112E-3	3.484E-5	5.959E-5	1.234E-3	6.050E-4
8.000	0.145	1.112E-3	5.711E-5	-3.060E-5	2.504E-3	1.339E-4
8.033	0.145	1.110E-3	2.312E-4	6.371E-5	7.031E-3	2.973E-3
8.067	0.145	1.116E-3	5.040E-4	1.937E-4	1.040E-2	1.734E-3
8.100	0.145	1.123E-3	9.375E-4	1.790E-4	2.101E-2	-1.299E-2
8.133	0.145	1.128E-3	1.847E-3	-5.855E-4	5.556E-2	-1.311E-3
8.167	0.145	1.084E-3	4.516E-3	-2.583E-4	5.829E-2	8.419E-3
8.200	0.145	1.111E-3	6.244E-3	4.300E-4	2.127E-2	1.561E-2
8.233	0.145	1.113E-3	5.623E-3	4.718E-4	-2.732E-2	-9.744E-3
8.267	0.145	1.142E-3	4.473E-3	6.279E-5	1.086E-2	-9.476E-3
8.300	0.146	1.117E-3	5.859E-3	-4.867E-4	3.267E-2	1.827E-3
8.333	0.146	1.110E-3	7.469E-3	3.004E-4	3.568E-3	4.600E-3
8.367	0.146	1.137E-3	5.781E-3	4.419E-5	4.649E-3	-1.847E-3
8.400	0.146	1.113E-3	7.182E-3	-1.979E-4	2.678E-2	-4.786E-3
8.433	0.146	1.124E-3	8.603E-3	3.453E-5	3.588E-2	3.921E-3
8.467	0.147	1.115E-3	8.726E-3	-1.225E-4	-5.989E-3	-3.276E-3
8.500	0.147	1.116E-3	8.864E-3	-8.180E-5	-2.951E-2	1.026E-2
8.533	0.147	1.109E-3	6.463E-3	4.214E-4	2.403E-3	-6.573E-3
8.567	0.147	1.144E-3	8.345E-3	-1.592E-4	1.403E-2	-4.176E-4
8.600	0.148	1.099E-3	8.881E-3	-1.993E-4	2.313E-2	3.582E-3
8.633	0.148	1.131E-3	8.363E-3	6.260E-4	-2.431E-2	6.069E-3
8.667	0.148	1.140E-3	8.536E-3	-8.899E-6	-8.916E-3	-1.558E-2
8.700	0.149	1.130E-3	6.857E-3	-4.365E-4	4.403E-2	-5.990E-3
8.733	0.149	1.111E-3	1.125E-2	-4.183E-4	3.120E-2	1.351E-2
8.767	0.149	1.102E-3	1.073E-2	4.205E-4	2.669E-2	6.071E-3
8.800	0.150	1.139E-3	1.050E-2	2.862E-4	-3.090E-2	-7.750E-3
8.833	0.150	1.121E-3	1.112E-2	-4.491E-4	4.168E-2	-1.540E-3
8.867	0.150	1.109E-3	1.104E-2	2.463E-4	-2.414E-3	1.378E-2
8.900	0.151	1.138E-3	1.283E-2	6.525E-4	-4.779E-2	-8.010E-3
8.933	0.151	1.153E-3	7.301E-3	-3.156E-4	-1.511E-2	-1.676E-2
8.967	0.151	1.117E-3	1.014E-2	-7.148E-4	3.808E-2	3.344E-3
9.000	0.152	1.105E-3	1.275E-2	6.929E-5	5.598E-2	1.689E-2
9.033	0.152	1.121E-3	1.148E-2	4.730E-4	-1.801E-2	6.313E-3
9.067	0.153	1.137E-3	1.298E-2	4.372E-4	4.645E-2	-8.133E-3
9.100	0.153	1.150E-3	1.366E-2	-1.896E-5	-1.336E-2	-3.318E-3
9.133	0.154	1.136E-3	1.308E-2	3.305E-5	-7.170E-2	-3.138E-3
9.167	0.154	1.152E-3	8.312E-3	3.453E-5	1.579E-2	1.659E-3
9.200	0.154	1.138E-3	1.278E-2	-1.060E-4	7.987E-2	5.717E-3
9.233	0.155	1.145E-3	1.642E-2	5.336E-4	1.684E-2	-6.309E-3
9.267	0.155	1.173E-3	1.213E-2	-3.198E-4	6.014E-3	-1.000E-2
9.300	0.156	1.124E-3	1.626E-2	-6.309E-4	1.783E-2	1.862E-3
9.333	0.156	1.131E-3	1.575E-2	2.142E-4	-6.709E-2	1.263E-2
9.367	0.157	1.138E-3	9.509E-3	1.032E-4	-0.127	-5.044E-3
9.400	0.157	1.138E-3	8.073E-3	-1.328E-4	5.848E-2	-1.626E-3
9.433	0.157	1.130E-3	1.249E-2	-5.694E-5	0.169	7.688E-3
9.467	0.158	1.135E-3	2.057E-2	4.189E-4	8.047E-2	-3.516E-3
9.500	0.159	1.157E-3	1.858E-2	-1.274E-4	4.532E-2	-8.910E-3
9.533	0.159	1.126E-3	2.082E-2	-5.087E-4	-1.360E-2	6.025E-3
9.567	0.160	1.124E-3	2.130E-2	4.412E-4	-6.389E-2	3.742E-3
9.600	0.160	1.155E-3	1.382E-2	-3.263E-5	-5.902E-2	-2.521E-3
9.633	0.161	1.121E-3	1.739E-2	-2.005E-4	0.129	-7.171E-3
9.667	0.162	1.142E-3	2.361E-2	-4.018E-5	8.693E-2	9.734E-3
9.700	0.162	1.119E-3	2.332E-2	3.665E-5	-6.713E-2	-1.469E-3
9.733	0.163	1.145E-3	1.869E-2	2.431E-4	-0.135	3.759E-3
9.767	0.164	1.135E-3	1.411E-2	-9.855E-6	2.476E-2	-7.589E-3
9.800	0.164	1.144E-3	1.916E-2	-6.029E-5	0.138	-2.646E-3
9.833	0.165	1.131E-3	2.565E-2	-3.287E-4	0.129	-4.311E-3
9.867	0.166	1.122E-3	2.643E-2	-2.815E-4	-1.009E-2	1.015E-2
9.900	0.167	1.112E-3	2.570E-2	2.565E-4	-8.825E-2	5.483E-3
9.933	0.167	1.139E-3	2.028E-2	3.140E-4	-6.617E-2	-9.600E-3
9.967	0.168	1.133E-3	2.013E-2	-5.504E-4	4.045E-2	1.096E-3
10.000	0.169	1.102E-3	2.427E-2	1.926E-4	6.848E-2	5.825E-3
10.033	0.170	1.146E-3	2.456E-2	3.462E-4	-2.150E-2	4.410E-3
10.067	0.170	1.125E-3	2.273E-2	-3.017E-5	-1.571E-2	-1.440E-2
10.100	0.171	1.144E-3	2.302E-2	-2.022E-4	-4.562E-3	2.032E-3
10.133	0.172	1.112E-3	2.323E-2	-2.895E-4	5.282E-2	2.434E-4
10.167	0.173	1.125E-3	2.544E-2	1.462E-4	5.171E-2	4.714E-3
10.200	0.174	1.122E-3	2.801E-2	-1.309E-4	1.140E-2	-8.093E-3
10.233	0.175	1.116E-3	2.562E-2	-3.481E-4	-7.712E-2	3.644E-3
10.267	0.175	1.098E-3	2.280E-2	-4.724E-6	-6.625E-2	-3.529E-3
10.300	0.176	1.116E-3	2.106E-2	-2.958E-4	-1.484E-2	4.537E-3
10.333	0.177	1.079E-3	2.176E-2	-1.437E-4	1.868E-2	1.184E-2
10.367	0.178	1.106E-3	2.267E-2	8.744E-4	-1.311E-2	-5.542E-3
10.400	0.178	1.137E-3	2.093E-2	-4.377E-4	-3.763E-2	-1.369E-2
10.433	0.179	1.077E-3	1.967E-2	-6.095E-4	9.103E-3	8.550E-3
10.467	0.180	1.096E-3	2.164E-2	6.605E-4	5.397E-2	1.487E-2
10.500	0.180	1.121E-3	2.363E-2	2.932E-4	-4.468E-3	-1.110E-2
10.533	0.181	1.116E-3	2.157E-2	-2.060E-4	-6.287E-2	-9.884E-3
10.567	0.182	1.107E-3	1.874E-2	-3.137E-4	-3.985E-2	3.388E-3
10.600	0.182	1.095E-3	1.905E-2	-3.182E-5	1.912E-3	4.552E-3
10.633	0.183	1.105E-3	1.920E-2	1.163E-4	-9.104E-3	-9.917E-4
10.667	0.184	1.103E-3	1.825E-2	-1.800E-4	-1.250E-2	-4.207E-3
10.700	0.184	1.093E-3	1.826E-2	-1.869E-4	1.004E-2	6.475E-3
10.733	0.185	1.090E-3	1.905E-2	2.520E-4	-1.217E-2	1.265E-3
10.767	0.186	1.110E-3	1.773E-2	5.198E-5	-1.621E-2	-4.142E-3
10.800	0.186	1.094E-3	1.727E-2	-2.548E-4	1.803E-2	-1.097E-4
10.833	0.187	1.093E-3	1.939E-2	1.573E-4	4.270E-2	8.533E-3
10.867	0.187	1.104E-3	2.021E-2	3.373E-4	-2.768E-2	-3.432E-3
10.900	0.188	1.115E-3	1.773E-2	-4.716E-5	-4.783E-2	-8.332E-3
10.933	0.189	1.101E-3	1.622E-2	-3.366E-4	2.186E-2	2.234E-3
10.967	0.189	1.093E-3	1.945E-2	1.263E-4	2.407E-2	7.878E-4
11.000	0.190	1.110E-3	1.879E-2	-1.023E-4	-4.136E-2	4.743E-3
11.033	0.190	1.086E-3	1.554E-2	1.004E-4	-4.973E-2	-2.083E-4
11.067	0.191	1.116E-3	1.576E-2	2.895E-4	3.715E-2	3.857E-3
11.100	0.191	1.105E-3	1.795E-2	1.593E-5	2.417E-2	-9.022E-3
11.133	0.192	1.117E-3	1.803E-2	-6.415E-5	-1.815E-2	-7.095E-3
11.167	0.193	1.101E-3	1.608E-2	-6.106E-4	-4.337E-2	9.604E-3
11.200	0.193	1.077E-3	1.534E-2	4.355E-4	-3.087E-2	5.723E-3
11.233	0.194	1.130E-3	1.407E-2	3.069E-4	-2.532E-2	5.097E-4
11.267	0.194	1.097E-3	1.343E-2	-1.827E-4	-2.732E-2	-2.272E-2
11.300	0.195	1.118E-3	1.258E-2	-6.150E-4	-1.042E-2	5.516E-3
11.333	0.195	1.056E-3	1.229E-2	-4.803E-4	-2.993E-3	1.450E-2
11.367	0.195	1.086E-3	1.280E-2	9.173E-4	-2.001E-2	1.561E-2
11.400	0.196	1.117E-3	1.099E-2	4.422E-4	-5.332E-2	-1.237E-2
11.433	0.196	1.115E-3	8.919E-3	-5.424E-5	-5.856E-2	-1.557E-2
11.467	0.196	1.114E-3	7.304E-3	-4.647E-4	-6.322E-2	1.931E-3
11.500	0.197	1.084E-3	4.690E-3	-1.484E-4	-8.648E-2	5.582E-3
11.533	0.197	1.104E-3	1.494E-3	2.258E-4	-7.071E-2	4.394E-3
11.567	0.197	1.099E-3	-2.676E-4	-6.989E-5	-3.383E-2	-4.132E-3
11.600	0.197	1.099E-3	-5.280E-4	1.479E-5	-4.138E-3	-5.075E-4
11.633	0.197	1.100E-3	-5.911E-4	-8.718E-5	2.877E-3	-2.842E-3
11.667	0.197	1.093E-3	-3.096E-4	-2.143E-4	4.848E-3	1.018E-3
11.700	0.197	1.086E-3	-2.181E-4	-2.808E-5	2.661E-3	2.583E-3
11.733	0.197	1.091E-3	-1.988E-4	2.973E-5	3.296E-3	7.095E-4
11.767	0.197	1.088E-3	2.826E-5	-5.116E-5	2.014E-3	-1.019E-3
11.800	0.197	1.088E-3	-2.190E-5	-5.679E-6	-3.431E-3	-5.008E-4
11.833	0.197	1.088E-3	-2.565E-4	-8.166E-5	-2.305E-3	4.307E-5
11.867	0.197	1.083E-3	-1.891E-4	-3.987E-5	9.244E-4	-5.267E-4
11.900	0.197	1.085E-3	-1.361E-4	-5.478E-5	2.546E-3	-3.142E-4
11.933	0.197	1.079E-3	-8.048E-5	-1.233E-4	1.427E-3	-3.986E-5
11.967	0.197	1.077E-3	1.485E-5	-2.629E-5	3.360E-3	1.617E-3
12.000	0.197	1.077E-3	9.544E-5	-1.126E-5	-6.703E-4	2.764E-4
12.033	0.197	1.076E-3	3.614E-5	-2.032E-5	1.331E-4	1.104E-3
12.067	0.197	1.076E-3	1.317E-5	5.878E-5	4.839E-4	3.625E-3
12.100	0.197	1.080E-3	1.429E-4	2.250E-4	1.372E-3	2.833E-3
12.133	0.197	1.091E-3	7.952E-5	2.733E-4	-2.706E-3	-4.291E-3
12.167	0.197	1.098E-3	-3.293E-5	-5.036E-5	-2.481E-4	-4.906E-3
12.200	0.197	1.087E-3	2.684E-5	-1.496E-4	-1.705E-3	-3.414E-3
12.233	0.197	1.088E-3	-6.429E-5	-1.624E-4	2.868E-4	1.458E-3
12.267	0.197	1.077E-3	-7.007E-5	-1.581E-4	9.543E-4	6.668E-3
12.300	0.197	1.078E-3	1.021E-4	3.222E-4	4.132E-3	4.777E-3
12.333	0.197	1.098E-3	1.463E-4	2.650E-4	-5.138E-4	-3.176E-3
12.367	0.197	1.095E-3	1.189E-4	-3.614E-5	-2.481E-3	-6.188E-3
12.400	0.197	1.096E-3	-5.885E-5	-7.345E-5	-2.588E-3	1.935E-3
12.433	0.197	1.090E-3	-6.047E-5	3.562E-5	-3.444E-5	6.382E-4
12.467	0.197	1.098E-3	-3.325E-5	5.942E-5	1.779E-3	-1.213E-3
12.500	0.197	1.094E-3	2.930E-5	-1.189E-4	1.346E-3	-2.241E-3
12.533	0.197	1.090E-3	9.055E-5	-7.674E-5	-1.352E-4	1.637E-3
12.567	0.197	1.089E-3	6.768E-6	3.086E-6	7.848E-5	1.401E-3
12.600	0.197	1.090E-3	6.788E-5	1.842E-5	-9.003E-4	7.020E-4
12.633	0.197	1.091E-3	1.205E-5	3.828E-5	-1.321E-3	2.361E-3
12.667	0.197	1.093E-3	-9.487E-5	1.719E-4	4.968E-4	-7.938E-4
12.700	0.197	1.102E-3	7.329E-5	4.308E-5	1.468E-3	-2.625E-3
12.733	0.197	1.096E-3	4.258E-5	-9.675E-5	-1.890E-3	-3.889E-4
12.767	0.197	1.096E-3	-1.041E-4	6.598E-5	-1.372E-3	2.306E-3
12.800	0.197	1.100E-3	-4.365E-5	7.352E-5	1.233E-3	-2.999E-3
12.833	0.197	1.100E-3	4.248E-6	-1.410E-4	1.299E-3	-6.120E-4
12.867	0.197	1.091E-3	1.965E-5	-3.741E-5	2.665E-4	1.183E-3
12.900	0.197	1.098E-3	3.998E-5	5.503E-5	4.801E-4	1.681E-3
12.933	0.197	1.094E-3	3.763E-5	-2.012E-5	-1.452E-3	-2.815E-3
12.967	0.197	1.097E-3	-3.587E-5	-6.597E-5	-8.802E-4	3.114E-4
13.000	0.197	1.090E-3	-5.931E-5	-6.808E-5	3.736E-4	1.942E-3
13.033	0.197	1.092E-3	1.980E-5	1.124E-4	1.934E-3	1.217E-3
13.067	0.197	1.098E-3	5.920E-5	2.808E-5	-5.147E-4	-2.126E-3
13.100	0.197	1.094E-3	3.800E-6	-7.893E-5	-2.593E-3	-8.470E-4
13.133	0.197	1.092E-3	-1.338E-4	-7.512E-6	4.645E-4	-1.472E-3
13.167	0.197	1.093E-3	3.815E-6	-1.429E-4	2.866E-3	5.185E-4
13.200	0.197	1.083E-3	1.293E-4	-6.687E-5	1.736E-3	4.279E-3
13.233	0.197	1.089E-3	7.193E-5	2.343E-4	-3.731E-3	3.150E-3
13.267	0.197	1.098E-3	-8.388E-5	1.398E-4	-8.767E-4	-1.981E-3
13.300	0.197	1.098E-3	-6.160E-5	4.858E-5	1.315E-3	-2.210E-3
13.333	0.197	1.102E-3	8.639E-5	3.547E-5	1.699E-3	-8.139E-4
13.367	0.197	1.101E-3	1.800E-5	-3.001E-5	-1.765E-3	-2.904E-3
13.400	0.197	1.100E-3	-3.123E-5	-1.356E-4	-5.123E-4	-1.242E-4
13.433	0.197	1.092E-3	-2.184E-5	-8.841E-5	1.555E-3	2.991E-3
13.467	0.197	1.094E-3	7.413E-5	1.137E-4	2.846E-4	2.771E-3
13.500	0.197	1.099E-3	2.810E-5	9.952E-5	-2.005E-3	-1.462E-3
13.533	0.197	1.100E-3	-9.919E-5	-5.012E-6	9.959E-4	-7.368E-4
13.567	0.197	1.099E-3	7.890E-5	3.765E-5	2.392E-3	-1.599E-4
13.600	0.197	1.103E-3	1.367E-4	2.589E-5	-1.301E-3	-1.434E-3
13.633	0.197	1.101E-3	-6.445E-5	-9.208E-5	-3.518E-3	-1.452E-3
13.667	0.197	1.097E-3	-1.017E-4	-7.169E-5	-3.479E-4	3.404E-3
13.700	0.197	1.096E-3	-7.023E-5	1.295E-4	2.054E-3	6.455E-4
13.733	0.197	1.105E-3	1.937E-5	4.351E-5	1.164E-3	-2.638E-3
13.767	0.197	1.099E-3	4.129E-5	-1.449E-4	1.452E-3	-1.139E-3
13.800	0.197	1.096E-3	7.146E-5	3.431E-6	-2.013E-3	7.074E-4
13.833	0.197	1.099E-3	-2.840E-5	-5.582E-5	-2.012E-3	3.922E-4
13.867	0.197	1.092E-3	-1.436E-4	-5.111E-5	1.038E-4	1.509E-4
13.900	0.197	1.096E-3	1.772E-5	3.276E-5	3.693E-3	2.333E-3
13.933	0.197	1.094E-3	1.124E-4	4.715E-5	-8.067E-4	-1.593E-4
13.967	0.197	1.099E-3	-2.256E-5	6.850E-5	-1.083E-3	-2.146E-3
14.000	0.197	1.099E-3	-2.501E-5	-1.124E-4	-1.605E-3	-2.169E-3
14.033	0.197	1.091E-3	-4.313E-5	-1.141E-4	9.975E-4	2.377E-3
14.067	0.197	1.091E-3	-4.894E-5	8.152E-5	-4.620E-4	1.937E-3
14.100	0.197	1.097E-3	9.136E-6	4.151E-5	1.889E-3	-1.269E-3
14.133	0.197	1.094E-3	1.109E-5	-5.508E-5	-5.005E-6	-2.464E-3
14.167	0.197	1.093E-3	5.999E-5	-8.794E-5	1.016E-3	1.188E-3
14.200	0.197	1.088E-3	4.365E-5	-1.649E-5	4.594E-4	4.182E-3
14.233	0.197	1.092E-3	1.053E-4	2.225E-4	-3.179E-4	2.350E-3
14.267	0.197	1.103E-3	3.741E-5	1.736E-4	-2.801E-3	-3.297E-4
14.300	0.197	1.103E-3	-1.043E-4	1.258E-4	-2.079E-3	-4.690E-3
14.333	0.197	1.111E-3	-1.085E-4	-4.646E-5	2.283E-3	-2.153E-3
14.367	0.197	1.100E-3	5.138E-5	-1.395E-4	2.138E-3	-1.181E-3
14.400	0.197	1.102E-3	7.365E-5	-2.221E-5	-5.050E-4	-1.969E-3
14.433	0.197	1.099E-3	-2.432E-5	-2.889E-4	-1.013E-3	-1.198E-3
14.467	0.197	1.083E-3	1.182E-5	-1.909E-4	-1.999E-3	4.178E-3
14.500	0.197	1.086E-3	-1.201E-4	1.026E-4	-2.567E-4	6.504E-3
14.533	0.197	1.089E-3	-8.993E-5	1.875E-4	1.626E-3	8.319E-4
14.567	0.197	1.099E-3	7.662E-5	1.946E-4	-1.414E-3	-3.733E-3
14.600	0.197	1.102E-3	-1.910E-4	-7.015E-5	-2.881E-3	-5.271E-3
14.633	0.197	1.094E-3	-2.066E-4	-2.053E-4	3.506E-3	5.433E-4
14.667	0.197	1.089E-3	1.209E-4	-1.355E-5	5.035E-3	4.019E-3
14.700	0.197	1.093E-3	1.434E-4	1.001E-4	1.103E-4	1.982E-3
14.733	0.197	1.095E-3	8.224E-5	8.792E-5	-1.654E-4	-2.462E-3
14.767	0.197	1.099E-3	1.483E-4	-3.548E-5	1.983E-4	-1.370E-3
14.800	0.197	1.093E-3	1.123E-4	-6.178E-5	-4.004E-3	-5.180E-4
14.833	0.197	1.095E-3	-1.218E-4	-9.090E-6	-1.922E-3	2.105E-3
14.867	0.197	1.092E-3	-8.040E-5	3.076E-5	-2.056E-3	7.842E-4
14.900	0.197	1.097E-3	-1.404E-4	8.684E-5	3.428E-3	9.724E-4
14.933	0.197	1.098E-3	-1.171E-5	6.533E-5	3.805E-3	3.767E-4
14.967	0.197	1.101E-3	2.772E-4	1.202E-4	7.717E-4	-8.056E-4
15.000	0.197	1.106E-3	-1.791E-5	3.439E-5	-6.101E-3	-4.587E-3
15.033	0.197	1.104E-3	-1.750E-4	-2.063E-4	-1.439E-3	-2.516E-3
15.067	0.197	1.093E-3	-8.407E-5	-1.738E-4	3.480E-3	4.500E-3
15.100	0.197	1.092E-3	5.565E-5	1.338E-4	1.337E-3	2.939E-3
15.133	0.197	1.101E-3	3.609E-5	7.379E-5	1.620E-3	-1.873E-3
15.167	0.197	1.097E-3	9.819E-5	-8.160E-5	-3.342E-4	-3.876E-3
15.200	0.197	1.096E-3	9.960E-5	-1.239E-4	-7.638E-4	2.105E-3
15.233	0.197	1.089E-3	-2.866E-5	-8.363E-6	-3.985E-4	4.208E-3
15.267	0.197	1.095E-3	9.453E-5	2.290E-4	-7.849E-4	8.975E-4
15.300	0.197	1.104E-3	-3.102E-5	5.532E-5	-3.087E-3	-5.607E-3
15.333	0.197	1.099E-3	-1.918E-4	-1.962E-4	-1.499E-3	-4.271E-3
15.367	0.197	1.091E-3	-9.265E-5	-2.215E-4	1.483E-3	2.448E-3
15.400	0.197	1.084E-3	-8.154E-5	-3.840E-5	2.053E-3	5.239E-3
15.433	0.197	1.088E-3	8.926E-6	1.607E-4	4.051E-3	3.371E-3
15.467	0.197	1.095E-3	2.182E-4	1.813E-4	2.081E-3	-3.703E-3
15.500	0.197	1.100E-3	1.715E-4	-6.802E-5	-5.049E-3	-3.687E-3
15.533	0.197	1.091E-3	-1.409E-4	-1.457E-4	-3.068E-3	3.477E-3
15.567	0.197	1.091E-3	-9.907E-5	2.079E-4	1.808E-3	4.714E-3
15.600	0.197	1.104E-3	7.714E-5	2.330E-4	3.094E-3	-2.162E-3
15.633	0.197	1.106E-3	5.698E-5	-9.403E-6	-8.844E-4	-5.927E-3
15.667	0.197	1.104E-3	3.991E-5	-1.428E-4	-2.252E-4	-8.052E-4
15.700	0.197	1.097E-3	2.095E-5	-9.304E-5	-8.452E-4	8.890E-5
15.733	0.197	1.098E-3	4.022E-6	-7.607E-5	5.475E-4	2.395E-3
15.767	0.197	1.092E-3	3.101E-5	-6.404E-6	-9.181E-5	-1.940E-3
15.800	0.197	1.097E-3	3.404E-5	-1.014E-4	-2.903E-3	-1.540E-3
15.833	0.197	1.085E-3	-1.722E-4	-2.316E-4	-1.460E-3	2.269E-3
15.867	0.197	1.082E-3	-1.204E-4	1.012E-4	1.873E-3	7.316E-3
15.900	0.197	1.092E-3	3.222E-5	2.913E-4	2.189E-3	7.855E-4
15.933	0.197	1.101E-3	-1.160E-5	1.459E-4	-4.873E-4	-3.575E-3
15.967	0.197	1.101E-3	7.631E-7	1.124E-5	1.974E-3	-3.521E-3
16.000	0.197	1.102E-3	1.128E-4	-5.524E-5	1.569E-4	-2.778E-6
16.033	0.197	1.098E-3	5.671E-5	-2.639E-5	-9.405E-4	7.471E-4
16.067	0.197	1.100E-3	-1.691E-5	4.024E-5	-1.810E-3	-1.112E-3
16.100	0.197	1.100E-3	-1.083E-5	-1.098E-4	-9.503E-6	-1.021E-3
16.133	0.197	1.093E-3	-5.245E-5	-7.579E-5	-2.231E-3	1.750E-3
16.167	0.197	1.095E-3	-1.268E-4	6.574E-5	1.837E-4	6.842E-4
16.200	0.197	1.097E-3	-9.309E-5	-3.857E-5	2.370E-3	2.607E-4
16.233	0.197	1.093E-3	7.968E-5	3.148E-5	4.978E-3	1.799E-3
16.267	0.197	1.099E-3	2.155E-4	1.509E-4	3.789E-3	3.937E-3
16.300	0.197	1.103E-3	3.504E-4	2.364E-4	-3.666E-4	4.658E-3
16.333	0.197	1.115E-3	2.118E-4	4.901E-4	-5.393E-3	-1.494E-3
16.367	0.197	1.135E-3	-5.119E-5	2.086E-4	-4.927E-3	-7.854E-3
16.400	0.197	1.129E-3	-1.201E-4	-1.681E-4	5.584E-4	-3.324E-3
16.433	0.197	1.124E-3	-8.568E-6	2.644E-5	2.402E-3	1.070E-2
16.467	0.197	1.131E-3	6.578E-5	5.413E-4	-4.258E-3	-1.635E-3
16.500	0.197	1.160E-3	-2.655E-4	1.030E-4	-6.762E-3	-8.216E-3
16.533	0.197	1.138E-3	-4.858E-4	-3.291E-4	-1.584E-3	-4.595E-3
16.567	0.197	1.138E-3	-3.109E-4	1.003E-5	7.440E-3	7.752E-3
16.600	0.197	1.138E-3	-1.133E-5	1.176E-4	5.901E-3	-2.105E-3
16.633	0.197	1.146E-3	1.426E-4	-5.345E-5	4.130E-3	-7.450E-3
16.667	0.197	1.135E-3	1.972E-4	-4.618E-4	-3.226E-3	-2.486E-3
16.700	0.197	1.115E-3	1.412E-5	-2.578E-4	1.363E-3	3.321E-3
16.733	0.197	1.117E-3	1.255E-4	-1.068E-4		
16.767	0.197	1.108E-3				
