	mass A						
t	x	y	vx	vy	ax	ay	
0.000	0.147	-7.967E-4				
0.033	0.147	-8.104E-4	-1.701E-4	-2.431E-4		
0.067	0.147	-8.129E-4	-1.625E-4	-3.867E-5	4.015E-3	7.676E-3
0.100	0.147	-8.129E-4	8.704E-5	2.231E-4	2.208E-3	4.145E-3
0.133	0.147	-7.980E-4	6.812E-5	3.156E-4	-1.849E-3	9.672E-4
0.167	0.147	-7.919E-4	-1.321E-4	2.133E-4	-2.707E-4	-5.657E-3
0.200	0.147	-7.838E-4	6.350E-5	6.912E-7	6.161E-3	-1.941E-3
0.233	0.147	-7.919E-4	3.139E-4	-2.136E-5	1.716E-3	2.730E-5
0.267	0.147	-7.852E-4	2.022E-4	1.127E-4	-4.624E-3	1.865E-4
0.300	0.147	-7.843E-4	-5.022E-5	-5.384E-5	-2.757E-3	-1.538E-3
0.333	0.147	-7.888E-4	9.599E-6	-1.693E-5	7.668E-4	2.869E-3
0.367	0.147	-7.855E-4	5.618E-5	1.718E-4	1.487E-3	1.415E-3
0.400	0.147	-7.773E-4	5.796E-5	1.017E-4	1.005E-3	8.787E-4
0.433	0.147	-7.787E-4	1.541E-4	1.520E-4	5.395E-4	1.591E-4
0.467	0.147	-7.672E-4	9.823E-5	2.072E-4	-2.148E-3	-1.305E-3
0.500	0.147	-7.649E-4	-7.945E-6	7.163E-6	-2.015E-3	-4.689E-3
0.533	0.147	-7.667E-4	-3.566E-5	-9.768E-5	-8.594E-4	-2.186E-3
0.567	0.147	-7.714E-4	-5.558E-5	-1.414E-4	-6.669E-4	2.206E-4
0.600	0.147	-7.762E-4	-8.702E-5	-8.563E-5	-1.915E-4	3.123E-3
0.633	0.147	-7.771E-4	-7.001E-5	6.946E-5	-1.778E-3	2.455E-3
0.667	0.147	-7.715E-4	-1.790E-4	1.064E-4	-6.611E-4	7.594E-4
0.700	0.147	-7.700E-4	-1.748E-4	8.340E-5	-1.522E-3	-4.941E-3
0.733	0.147	-7.660E-4	-1.994E-4	-1.630E-4	8.122E-4	-6.426E-3
0.767	0.147	-7.809E-4	-2.081E-4	-4.335E-4	2.769E-5	-3.213E-3
0.800	0.147	-7.949E-4	-1.215E-4	-3.436E-4	3.331E-3	6.455E-3
0.833	0.147	-8.038E-4	-4.684E-5	-1.879E-5	3.009E-3	5.787E-3
0.867	0.147	-7.961E-4	1.244E-4	1.182E-4	7.432E-4	-5.147E-4
0.900	0.147	-7.959E-4	1.176E-5	-1.046E-4	-2.883E-3	-2.541E-3
0.933	0.147	-8.031E-4	-1.153E-4	-8.563E-5	-1.845E-4	1.856E-3
0.967	0.147	-8.016E-4	9.002E-6	6.883E-5	2.680E-3	9.671E-4
1.000	0.147	-7.985E-4	9.516E-5	-1.709E-5	2.043E-3	-2.314E-3
1.033	0.147	-8.027E-4	1.171E-4	-1.213E-4	5.112E-4	-2.014E-3
1.067	0.147	-8.066E-4	1.470E-4	-1.316E-4	-1.466E-3	1.294E-3
1.100	0.147	-8.115E-4	2.449E-5	-5.392E-5	-3.782E-3	4.165E-3
1.133	0.147	-8.102E-4	-1.278E-4	1.584E-4	6.089E-5	2.696E-3
1.167	0.147	-8.010E-4	6.089E-6	1.625E-4	2.668E-3	1.234E-3
1.200	0.147	-7.993E-4	1.167E-4	1.733E-4	2.298E-3	-1.916E-3
1.233	0.147	-7.894E-4	1.066E-4	1.132E-4	1.054E-3	1.245E-3
1.267	0.147	-7.918E-4	2.067E-4	1.534E-4	2.975E-3	1.890E-3
1.300	0.147	-7.792E-4	3.017E-4	3.361E-4	-1.566E-3	-3.541E-3
1.333	0.147	-7.694E-4	1.413E-4	-7.443E-5	-4.019E-3	-3.543E-3
1.367	0.147	-7.841E-4	-3.884E-5	-5.458E-5	9.039E-4	2.181E-3
1.400	0.147	-7.730E-4	2.101E-4	2.467E-4	3.930E-3	6.099E-3
1.433	0.147	-7.677E-4	2.988E-4	2.579E-4	-2.152E-3	-5.066E-3
1.467	0.147	-7.558E-4	2.049E-5	9.520E-8	-5.890E-3	-5.831E-3
1.500	0.147	-7.677E-4	-1.199E-4	-2.600E-4	1.353E-2	3.590E-3
1.533	0.147	-7.732E-4	8.146E-4	2.572E-4	8.558E-3	6.061E-3
1.567	0.147	-7.505E-4	8.416E-4	3.044E-4	-1.186E-2	-1.932E-3
1.600	0.147	-7.529E-4	-3.258E-4	-4.277E-5	-2.061E-2	-6.795E-3
1.633	0.147	-7.534E-4	-4.954E-4	-7.824E-5	4.410E-3	3.438E-3
1.667	0.147	-7.581E-4	-1.849E-5	1.264E-4	2.473E-2	2.383E-2
1.700	0.147	-7.450E-4	1.136E-3	1.446E-3	3.782E-3	2.031E-2
1.733	0.147	-6.617E-4	5.909E-4	1.837E-3	-7.219E-3	4.808E-3
1.767	0.147	-6.225E-4	5.342E-5	1.396E-3	-1.521E-2	-1.389E-2
1.800	0.147	-5.686E-4	9.609E-5	1.136E-3	-4.777E-3	-1.114E-2
1.833	0.147	-5.467E-4	-5.963E-4	5.066E-4	-8.282E-3	-1.179E-2
1.867	0.147	-5.349E-4	-3.621E-4	3.733E-4	5.212E-3	-1.591E-3
1.900	0.147	-5.218E-4	-2.001E-4	4.227E-4	7.103E-3	8.784E-4
1.933	0.147	-5.067E-4	4.107E-5	4.403E-4	1.580E-2	-2.887E-3
1.967	0.147	-4.925E-4	8.534E-4	2.473E-4	7.757E-3	-6.110E-3
2.000	0.147	-4.902E-4	7.680E-4	-5.620E-6	-1.110E-2	-4.722E-3
2.033	0.147	-4.929E-4	-1.115E-4	-6.508E-5	-1.473E-2	-5.533E-3
2.067	0.147	-4.945E-4	-2.137E-4	-3.212E-4	-4.606E-3	-2.683E-5
2.100	0.147	-5.143E-4	-3.087E-4	-2.019E-4	-3.398E-3	5.404E-3
2.133	0.147	-5.080E-4	-5.309E-4	1.889E-4	-1.433E-3	1.453E-3
2.167	0.147	-5.017E-4	-3.844E-4	-1.166E-4	2.014E-3	-4.298E-3
2.200	0.147	-5.158E-4	-3.480E-4	-2.151E-4	-3.321E-4	-3.270E-4
2.233	0.147	-5.160E-4	-4.510E-4	-3.166E-5	-1.444E-3	1.474E-3
2.267	0.147	-5.179E-4	-4.366E-4	-1.415E-4	2.592E-3	-6.382E-4
2.300	0.147	-5.254E-4	-2.882E-4	-1.115E-4	6.212E-3	1.827E-3
2.333	0.147	-5.253E-4	-1.151E-5	2.270E-5	2.205E-3	2.530E-3
2.367	0.147	-5.239E-4	-8.387E-5	4.566E-5	1.449E-3	1.480E-3
2.400	0.147	-5.223E-4	-3.884E-5	1.110E-4	1.129E-3	2.288E-3
2.433	0.147	-5.165E-4	1.164E-4	2.099E-4	2.889E-3	-1.210E-3
2.467	0.147	-5.083E-4	7.292E-5	5.915E-5	-3.300E-3	-4.590E-3
2.500	0.147	-5.126E-4	-4.105E-5	-1.520E-4	-4.231E-3	-1.416E-3
2.533	0.147	-5.184E-4	-2.660E-4	-3.491E-5	-3.294E-3	1.443E-3
2.567	0.147	-5.149E-4	-2.536E-4	2.228E-6	-4.354E-3	-1.114E-3
2.600	0.147	-5.183E-4	-4.934E-4	-1.513E-4	-5.014E-3	-7.635E-3
2.633	0.147	-5.250E-4	-6.926E-4	-4.685E-4	2.749E-3	-4.988E-3
2.667	0.147	-5.495E-4	-2.862E-4	-5.755E-4	1.203E-2	4.467E-3
2.700	0.147	-5.634E-4	1.657E-4	-1.282E-4	9.559E-3	1.182E-2
2.733	0.147	-5.580E-4	3.411E-4	2.579E-4	2.578E-3	5.199E-3
2.767	0.147	-5.462E-4	3.342E-4	2.242E-4	-9.119E-4	-1.059E-3
2.800	0.147	-5.431E-4	2.664E-4	1.302E-4	-1.380E-3	-1.706E-3
2.833	0.147	-5.375E-4	2.413E-4	1.436E-4	-3.832E-3	-3.072E-3
2.867	0.147	-5.335E-4	4.267E-5	-6.121E-5	-4.650E-3	-2.814E-3
2.900	0.147	-5.416E-4	-1.291E-4	-1.107E-4	-1.518E-3	-9.886E-5
2.933	0.147	-5.409E-4	-3.265E-5	-1.527E-6	2.161E-3	2.929E-3
2.967	0.147	-5.417E-4	3.189E-5	4.929E-5	6.063E-4	1.797E-3
3.000	0.147	-5.376E-4	7.735E-9	1.395E-4	-9.578E-4	9.212E-5
3.033	0.147	-5.324E-4	-3.721E-5	6.352E-5	-1.779E-3	-2.974E-3
3.067	0.147	-5.334E-4	-1.091E-4	-8.080E-5	1.440E-3	-2.260E-4
3.100	0.147	-5.378E-4	1.621E-5	2.505E-5	1.120E-3	2.844E-3
3.133	0.147	-5.317E-4	4.944E-5	1.633E-4	1.227E-3	2.503E-3
3.167	0.147	-5.269E-4	1.116E-5	1.620E-4	-4.639E-4	-1.668E-3
3.200	0.147	-5.209E-4	7.986E-5	7.445E-5	1.260E-3	-4.383E-3
3.233	0.147	-5.219E-4	6.154E-5	-1.459E-4	-1.243E-3	-2.875E-3
3.267	0.147	-5.306E-4	2.131E-5	-1.513E-4	-1.210E-3	2.209E-3
3.300	0.147	-5.320E-4	-4.315E-5	3.825E-5	-1.007E-3	3.070E-3
3.333	0.147	-5.281E-4	-3.559E-5	6.725E-5	1.437E-3	2.371E-3
3.367	0.147	-5.275E-4	4.257E-5	1.516E-4	8.918E-4	-2.187E-3
3.400	0.147	-5.180E-4	5.359E-5	6.820E-6	-1.137E-3	-3.048E-3
3.433	0.147	-5.271E-4	-5.540E-5	-1.657E-4	-1.175E-3	-1.636E-3
3.467	0.147	-5.290E-4	-3.779E-5	-3.534E-5	3.485E-4	3.181E-3
3.500	0.147	-5.294E-4	-3.418E-6	3.175E-5	1.350E-3	2.244E-3
3.533	0.147	-5.269E-4	2.649E-5	1.172E-4	5.577E-3	3.779E-3
3.567	0.147	-5.216E-4	3.513E-4	2.733E-4	6.598E-3	3.355E-3
3.600	0.147	-5.087E-4	5.444E-4	3.698E-4	1.142E-4	7.716E-4
3.633	0.147	-4.969E-4	3.215E-4	3.096E-4	-4.180E-3	-1.367E-3
3.667	0.147	-4.881E-4	2.256E-4	2.687E-4	-1.266E-3	-4.032E-4
3.700	0.147	-4.790E-4	2.747E-4	2.870E-4	5.236E-5	3.315E-4
3.733	0.147	-4.689E-4	2.262E-4	2.962E-4	-2.934E-3	-3.907E-3
3.767	0.147	-4.593E-4	8.177E-5	5.549E-5	-1.837E-3	-4.280E-3
3.800	0.147	-4.652E-4	6.863E-5	-7.016E-5	4.333E-4	-4.148E-3
3.833	0.147	-4.640E-4	1.509E-4	-1.325E-4	-3.520E-3	-2.646E-3
3.867	0.147	-4.741E-4	-1.394E-4	-3.096E-4	-5.680E-3	-2.009E-3
3.900	0.147	-4.846E-4	-3.229E-4	-2.532E-4	3.274E-4	5.410E-3
3.933	0.147	-4.909E-4	-6.961E-5	3.761E-5	4.967E-3	5.701E-3
3.967	0.147	-4.821E-4	4.284E-5	1.931E-4	3.360E-3	3.485E-3
4.000	0.147	-4.781E-4	1.067E-4	2.049E-4	6.253E-3	-2.302E-3
4.033	0.147	-4.684E-4	4.592E-4	1.007E-4	4.183E-2	-1.135E-2
4.067	0.147	-4.714E-4	2.671E-3	-5.510E-4	0.128	3.259E-3
4.100	0.147	-5.052E-4	8.929E-3	5.898E-5	0.177	1.157E-2
4.133	0.147	-4.674E-4	1.517E-2	6.609E-4	0.103	7.969E-4
4.167	0.148	-4.611E-4	1.594E-2	-1.304E-4	2.334E-2	-1.456E-2
4.200	0.149	-4.761E-4	1.594E-2	-3.483E-4	1.967E-2	1.586E-2
4.233	0.149	-4.843E-4	1.767E-2	8.455E-4	1.570E-2	3.608E-3
4.267	0.150	-4.197E-4	1.713E-2	4.082E-4	1.685E-3	-1.177E-2
4.300	0.150	-4.571E-4	1.723E-2	-6.059E-4	-2.328E-2	-1.809E-2
4.333	0.151	-4.601E-4	1.637E-2	-3.895E-4	4.903E-2	1.158E-2
4.367	0.151	-4.831E-4	1.906E-2	-7.982E-5	0.114	7.671E-3
4.400	0.152	-4.655E-4	2.538E-2	3.623E-4	-4.294E-5	-8.469E-3
4.433	0.153	-4.589E-4	1.985E-2	-6.571E-4	-1.007E-2	-8.202E-3
4.467	0.153	-5.093E-4	2.124E-2	-5.426E-4	2.474E-2	1.163E-2
4.500	0.154	-4.951E-4	2.554E-2	5.049E-4	1.074E-2	1.160E-2
4.533	0.155	-4.756E-4	1.977E-2	1.740E-4	6.808E-3	7.865E-3
4.567	0.156	-4.835E-4	2.515E-2	7.582E-4	0.147	-2.060E-3
4.600	0.157	-4.251E-4	3.182E-2	5.514E-4	8.952E-2	-7.909E-3
4.633	0.158	-4.467E-4	3.023E-2	-3.041E-4	-2.829E-2	-6.633E-3
4.667	0.159	-4.453E-4	2.952E-2	3.377E-4	1.926E-2	-2.085E-3
4.700	0.160	-4.242E-4	3.164E-2	-2.780E-4	7.191E-2	-7.097E-3
4.733	0.161	-4.639E-4	3.448E-2	-5.319E-4	4.992E-2	6.670E-3
4.767	0.162	-4.597E-4	3.521E-2	4.397E-4	7.460E-2	5.280E-3
4.800	0.163	-4.346E-4	3.855E-2	-6.676E-5	2.191E-2	-1.297E-2
4.833	0.165	-4.641E-4	3.844E-2	-7.271E-4	-1.370E-3	-9.966E-3
4.867	0.166	-4.830E-4	3.646E-2	-5.679E-4	0.117	-3.063E-3
4.900	0.167	-5.020E-4	4.626E-2	-9.064E-4	0.186	2.151E-3
4.933	0.169	-5.435E-4	5.120E-2	-6.110E-4	0.139	1.042E-2
4.967	0.171	-5.427E-4	5.297E-2	1.775E-5	-2.749E-2	8.472E-3
5.000	0.172	-5.423E-4	5.190E-2	-1.188E-4	-4.918E-2	-1.659E-3
5.033	0.174	-5.506E-4	4.726E-2	-1.454E-4	-3.556E-2	-9.836E-3
5.067	0.176	-5.520E-4	5.035E-2	-6.395E-4	6.471E-2	1.065E-3
5.100	0.177	-5.933E-4	5.205E-2	-3.833E-4	2.362E-2	-3.121E-3
5.133	0.179	-5.775E-4	5.155E-2	-3.934E-4	-0.102	3.083E-3
5.167	0.181	-6.195E-4	4.603E-2	-6.367E-4	-0.123	-5.913E-3
5.200	0.182	-6.200E-4	4.167E-2	-4.268E-4	-7.590E-2	1.410E-2
5.233	0.184	-6.480E-4	4.210E-2	-2.098E-5	-2.543E-2	1.086E-2
5.267	0.185	-6.214E-4	3.990E-2	6.160E-4	-4.386E-2	-7.518E-3
5.300	0.186	-6.069E-4	3.873E-2	-5.505E-4	-3.775E-2	-1.461E-3
5.333	0.188	-6.581E-4	3.793E-2	3.848E-5	-2.694E-3	-2.875E-3
5.367	0.189	-6.043E-4	3.794E-2	6.861E-5	1.857E-4	3.515E-3
5.400	0.190	-6.535E-4	3.858E-2	-5.282E-4	-2.133E-2	-1.215E-2
5.433	0.191	-6.395E-4	3.638E-2	-1.667E-4	-5.077E-2	1.916E-2
5.467	0.192	-6.646E-4	3.484E-2	2.967E-4	-6.367E-2	-8.874E-3
5.500	0.194	-6.198E-4	3.267E-2	-1.601E-4	-2.341E-2	4.986E-3
5.533	0.195	-6.753E-4	3.238E-2	-1.651E-4	-7.459E-3	-9.880E-3
5.567	0.196	-6.308E-4	3.318E-2	1.373E-5	-2.028E-3	8.717E-3
5.600	0.197	-6.744E-4	3.172E-2	-3.173E-4	-7.696E-2	-7.041E-3
5.633	0.198	-6.519E-4	2.851E-2	9.819E-5	-0.113	1.070E-2
5.667	0.199	-6.678E-4	2.369E-2	1.947E-5	-0.163	-1.096E-2
5.700	0.200	-6.506E-4	1.801E-2	-2.929E-4	-0.188	-2.672E-3
5.733	0.200	-6.873E-4	1.088E-2	-5.407E-4	-0.197	4.005E-3
5.767	0.200	-6.867E-4	4.830E-3	2.211E-4	-0.142	1.092E-2
5.800	0.200	-6.726E-4	1.287E-3	1.968E-4	-6.949E-2	-8.231E-4
5.833	0.200	-6.735E-4	3.176E-4	6.045E-5	-1.379E-2	1.112E-3
5.867	0.200	-6.686E-4	4.569E-4	3.062E-4	-1.389E-3	-9.667E-4
5.900	0.200	-6.531E-4	3.320E-4	8.247E-5	-3.587E-3	-6.321E-3
5.933	0.200	-6.631E-4	8.974E-5	-2.528E-4	-2.317E-3	8.524E-4
5.967	0.200	-6.700E-4	2.336E-4	1.548E-4	1.956E-3	8.600E-3
6.000	0.200	-6.527E-4	2.390E-4	4.300E-4	5.527E-4	2.252E-3
6.033	0.200	-6.413E-4	2.334E-4	2.426E-4	-1.128E-3	-3.921E-3
6.067	0.200	-6.366E-4	2.029E-4	1.512E-4	-1.538E-3	-2.768E-3
6.100	0.200	-6.312E-4	9.879E-5	8.558E-5	-2.396E-3	-3.297E-3
6.133	0.200	-6.309E-4	5.600E-5	-7.836E-5	-1.730E-3	-2.518E-3
6.167	0.200	-6.365E-4	-1.639E-5	-1.060E-4	9.882E-4	2.674E-3
6.200	0.200	-6.379E-4	9.170E-5	1.085E-4	2.937E-3	5.440E-3
6.233	0.200	-6.292E-4	2.309E-4	2.877E-4	5.757E-4	-5.275E-4
6.267	0.200	-6.188E-4	1.189E-4	9.096E-5	-1.875E-3	-4.575E-4
6.300	0.200	-6.232E-4	7.192E-5	1.494E-4	-2.952E-4	-1.523E-3
6.333	0.200	-6.088E-4	1.278E-4	1.429E-4	1.132E-4	-8.052E-4
6.367	0.200	-6.136E-4	8.033E-5	-4.160E-5	-1.957E-3	-4.920E-3
6.400	0.200	-6.116E-4	-1.188E-5	-9.228E-5	-2.052E-3	1.551E-3
6.433	0.200	-6.198E-4	-5.992E-5	-2.827E-5	1.227E-3	3.274E-3
6.467	0.200	-6.134E-4	5.622E-5	2.078E-4	1.235E-3	2.415E-3
6.500	0.200	-6.059E-4	7.365E-5	1.215E-4	-5.626E-4	-2.020E-3
6.533	0.200	-6.053E-4	-2.941E-5	3.795E-5	5.316E-4	-1.946E-3
6.567	0.200	-6.034E-4	1.059E-4	1.831E-5	7.211E-4	-1.774E-4
6.600	0.200	-6.041E-4	7.905E-5	7.528E-6	-1.909E-3	-5.871E-4
6.633	0.200	-6.029E-4	-8.526E-5	-1.248E-6	-4.304E-3	-1.469E-3
6.667	0.200	-6.042E-4	-1.743E-4	-9.724E-5	6.933E-4	-3.877E-4
6.700	0.200	-6.094E-4	-8.703E-5	-5.278E-5	1.388E-3	1.312E-3
6.733	0.200	-6.077E-4	-7.474E-6	3.043E-5	3.402E-3	1.592E-3
6.767	0.200	-6.073E-4	6.534E-5	3.056E-5	-8.115E-4	-2.709E-4
6.800	0.200	-6.057E-4	2.767E-5	2.423E-5	8.979E-5	-1.599E-4
6.833	0.200	-6.057E-4	-3.074E-5	8.460E-6	9.036E-4	-7.436E-4
6.867	0.200	-6.051E-4	1.525E-4	-1.426E-5	6.905E-4	-1.397E-3
6.900	0.200	-6.067E-4	2.904E-5	-8.931E-5	-2.959E-3	-5.823E-4
6.933	0.200	-6.111E-4	-1.013E-4	-6.951E-5	-1.749E-3	3.782E-5
6.967	0.200	-6.113E-4	-5.694E-5	-5.592E-5	2.024E-3	3.508E-3
7.000	0.200	-6.148E-4	2.291E-5	1.108E-4	2.601E-3	4.788E-3
7.033	0.200	-6.039E-4	1.285E-4	3.311E-4	2.951E-3	4.888E-4
7.067	0.200	-5.927E-4	2.141E-4	1.417E-4	-2.335E-3	-4.097E-3
7.100	0.200	-5.945E-4	1.606E-5	-5.025E-6	-4.142E-3	-3.695E-3
7.133	0.200	-5.931E-4	-1.503E-4	-5.007E-5	-2.722E-3	-1.695E-3
7.167	0.200	-5.978E-4	-1.031E-4	-1.502E-4	-1.657E-3	-1.285E-3
7.200	0.200	-6.031E-4	-2.629E-4	-1.288E-4	2.988E-4	1.348E-3
7.233	0.200	-6.064E-4	-1.496E-4	-5.711E-5	4.124E-3	1.793E-3
7.267	0.200	-6.069E-4	9.821E-5	-2.841E-6	5.641E-3	1.363E-3
7.300	0.200	-6.066E-4	1.828E-4	2.818E-5	1.613E-4	7.133E-4
7.333	0.200	-6.050E-4	1.466E-4	4.852E-5	-3.308E-3	-7.677E-4
7.367	0.200	-6.034E-4	-6.727E-5	-1.619E-5	-4.640E-3	-6.996E-4
7.400	0.200	-6.061E-4	-1.740E-4	-2.506E-5	2.232E-4	-4.337E-4
7.433	0.200	-6.050E-4	-5.773E-5	-1.315E-5	-1.280E-4	-8.313E-4
7.467	0.200	-6.070E-4	-1.198E-4	-9.593E-5	1.055E-3	2.923E-3
7.500	0.200	-6.114E-4	-8.883E-5	1.384E-4	-1.934E-3	7.969E-4
7.533	0.200	-5.977E-4	-1.245E-4	8.671E-5	1.791E-3	-2.443E-3
7.567	0.200	-6.057E-4	-1.103E-4	-1.662E-4	3.053E-3	-2.108E-3
7.600	0.200	-6.088E-4	1.867E-4	-6.833E-7	3.032E-3	2.403E-3
7.633	0.200	-6.057E-4	8.193E-5	2.120E-5	-7.736E-4	4.432E-3
7.667	0.200	-6.074E-4	7.377E-5	2.216E-4	-7.880E-4	2.610E-3
7.700	0.200	-5.909E-4	9.965E-5	3.099E-4	7.322E-4	-2.171E-3
7.733	0.200	-5.867E-4	6.573E-5	2.656E-6	-1.685E-3	-7.236E-3
7.767	0.200	-5.907E-4	3.514E-5	-1.735E-4	6.642E-4	-1.785E-3
7.800	0.200	-5.983E-4	5.540E-5	-1.282E-4	-1.351E-3	6.164E-4
7.833	0.200	-5.993E-4	1.554E-5	-8.818E-5	-1.648E-3	-2.403E-3
7.867	0.200	-6.042E-4	-1.199E-4	-2.978E-4	4.790E-4	9.743E-4
7.900	0.200	-6.192E-4	5.491E-5	-1.068E-4	1.354E-3	4.126E-3
7.933	0.200	-6.113E-4	3.505E-5	1.138E-4	-1.195E-3	2.460E-3
7.967	0.200	-6.116E-4	-1.007E-4	-2.394E-5	-6.542E-4	-4.384E-3
8.000	0.200	-6.129E-4	1.492E-5	-1.501E-4	1.307E-3	2.192E-3
8.033	0.200	-6.216E-4	1.535E-5	4.909E-5	1.703E-3	1.689E-3
8.067	0.200	-6.096E-4	7.468E-5	1.028E-4	-6.267E-4	-7.278E-4
8.100	0.200	-6.147E-4	4.801E-5	-1.210E-4	1.960E-4	-5.675E-4
8.133	0.200	-6.177E-4	3.561E-6	8.543E-5	-2.379E-3	2.144E-3
8.167	0.200	-6.090E-4	-3.042E-5	9.157E-5	-5.740E-4	-2.221E-4
8.200	0.200	-6.116E-4	-1.072E-4	-1.195E-5	-3.906E-4	2.585E-4
8.233	0.200	-6.098E-4	-1.430E-5	1.393E-4	2.237E-3	2.558E-3
8.267	0.200	-6.023E-4	3.083E-5	1.803E-4	2.404E-3	-1.683E-3
8.300	0.200	-5.978E-4	1.410E-4	1.866E-5	1.300E-4	-3.148E-3
8.333	0.200	-6.011E-4	7.847E-5	-6.165E-5	-3.382E-3	7.712E-4
8.367	0.200	-6.019E-4	-1.276E-4	8.179E-5	-2.290E-3	1.184E-3
8.400	0.200	-5.956E-4	-8.687E-5	6.102E-5	2.053E-3	-3.926E-4
8.433	0.200	-5.978E-4	4.424E-5	-5.066E-6	1.218E-3	-3.825E-3
8.467	0.200	-5.959E-4	-2.370E-6	-1.312E-4	-6.309E-4	-3.080E-3
8.500	0.200	-6.066E-4	-2.932E-5	-2.787E-4	1.052E-3	-1.217E-6
8.533	0.200	-6.145E-4	8.226E-5	-1.111E-4	2.162E-3	5.102E-3
8.567	0.200	-6.140E-4	1.293E-4	8.254E-5	-1.969E-3	3.004E-3
8.600	0.200	-6.090E-4	-4.158E-5	9.732E-5	-3.599E-3	-1.056E-3
8.633	0.200	-6.075E-4	-1.571E-4	-4.836E-6	2.738E-5	-2.180E-3
8.667	0.200	-6.094E-4	-2.126E-5	-5.514E-5	1.088E-3	3.638E-4
8.700	0.200	-6.112E-4	-4.440E-5	1.654E-5	-1.605E-3	3.329E-4
8.733	0.200	-6.082E-4	-1.757E-4	-3.398E-8	-2.939E-3	-6.477E-4
8.767	0.200	-6.112E-4	-2.207E-4	-6.522E-5	8.029E-4	6.154E-4
8.800	0.200	-6.126E-4	-1.465E-4	4.724E-5	3.594E-3	1.711E-3
8.833	0.200	-6.080E-4	4.372E-5	7.942E-5	4.723E-3	6.959E-4
8.867	0.200	-6.073E-4	1.693E-4	5.907E-5	2.179E-3	1.354E-3
8.900	0.200	-6.041E-4	1.933E-4	1.770E-4	7.175E-3	5.544E-3
8.933	0.200	-5.955E-4	5.774E-4	4.229E-4	1.359E-2	3.778E-3
8.967	0.200	-5.759E-4	1.189E-3	4.799E-4	3.977E-3	-3.141E-3
9.000	0.200	-5.635E-4	9.125E-4	1.856E-4	1.923E-3	-2.759E-2
9.033	0.200	-5.635E-4	1.060E-3	-1.223E-3	9.535E-3	-1.324E-2
9.067	0.201	-6.450E-4	1.784E-3	-1.198E-3	4.516E-3	1.328E-2
9.100	0.201	-6.434E-4	1.370E-3	1.755E-4	-1.419E-2	2.420E-2
9.133	0.201	-6.333E-4	7.019E-4	2.767E-4	-1.225E-2	9.863E-4
9.167	0.201	-6.249E-4	5.753E-4	2.207E-4	-6.024E-3	-1.592E-3
9.200	0.201	-6.186E-4	3.675E-4	1.682E-4	-3.748E-3	-3.432E-3
9.233	0.201	-6.137E-4	2.358E-4	9.951E-6	-6.163E-3	-6.875E-4
9.267	0.201	-6.180E-4	6.303E-5	5.951E-5	-3.790E-3	-1.592E-4
9.300	0.201	-6.097E-4	-1.267E-4	9.398E-5		
9.333	0.201	-6.117E-4				
