	mass A						
t	x	y	vx	vy	ax	ay	
0.000	0.161	-1.862E-5				
0.033	0.161	-1.866E-5	7.971E-5	-3.751E-5		
0.067	0.161	-2.112E-5	3.405E-5	-1.913E-4	-1.818E-3	1.437E-3
0.100	0.161	-3.141E-5	-4.468E-5	-1.245E-5	-4.767E-4	5.100E-3
0.133	0.161	-2.195E-5	-1.476E-5	2.544E-4	2.293E-4	2.546E-3
0.167	0.161	-1.445E-5	4.655E-6	1.214E-4	8.826E-4	-2.948E-3
0.200	0.161	-1.386E-5	1.047E-5	3.062E-5	-8.703E-4	-2.828E-3
0.233	0.161	-1.241E-5	-1.695E-5	-3.720E-5	3.433E-5	-5.087E-4
0.267	0.161	-1.634E-5	-3.040E-5	-3.939E-5	-9.438E-5	-7.099E-4
0.300	0.161	-1.503E-5	1.370E-5	-3.937E-5	1.682E-3	1.458E-3
0.333	0.161	-1.896E-5	5.363E-5	6.431E-6	9.988E-5	9.552E-4
0.367	0.161	-1.461E-5	5.359E-5	7.849E-5	5.822E-4	4.948E-4
0.400	0.161	-1.373E-5	5.350E-5	9.186E-6	1.885E-4	-1.063E-3
0.433	0.161	-1.399E-5	9.863E-5	7.927E-6	-1.125E-3	-2.558E-4
0.467	0.161	-1.320E-5	-2.358E-5	2.178E-6	-1.884E-3	1.280E-3
0.500	0.161	-1.385E-5	-6.090E-5	7.179E-5	-1.033E-4	-4.341E-4
0.533	0.161	-8.416E-6	1.356E-6	2.244E-5	-1.000E-3	-2.551E-3
0.567	0.161	-1.235E-5	-1.191E-4	-1.473E-4	3.667E-4	-9.977E-4
0.600	0.161	-1.823E-5	-3.764E-5	-5.034E-5	1.105E-3	1.125E-3
0.633	0.161	-1.571E-5	4.651E-5	-1.860E-5	6.198E-4	-6.320E-4
0.667	0.161	-1.947E-5	-6.051E-5	-1.344E-4	-9.969E-4	-7.117E-5
0.700	0.161	-2.467E-5	-6.124E-6	-3.347E-5	5.296E-4	2.275E-3
0.733	0.161	-2.170E-5	-7.942E-6	5.951E-5	-4.115E-4	2.711E-3
0.767	0.161	-2.070E-5	-5.271E-5	1.100E-4	-9.432E-4	-8.668E-5
0.800	0.161	-1.437E-5	-6.276E-5	9.437E-5	1.285E-3	-2.724E-3
0.833	0.161	-1.441E-5	1.700E-5	-9.663E-5	1.427E-3	-2.391E-3
0.867	0.161	-2.082E-5	6.557E-5	-9.290E-5	3.429E-4	1.447E-3
0.900	0.161	-2.060E-5	1.618E-5	3.740E-5	-1.163E-3	1.380E-3
0.933	0.161	-1.832E-5	-6.165E-6	3.089E-6	-5.608E-4	2.631E-4
0.967	0.161	-2.040E-5	-2.382E-5	2.009E-5	-3.892E-4	-7.753E-4
1.000	0.161	-1.698E-5	-3.041E-5	-9.799E-7	2.415E-4	9.089E-5
1.033	0.161	-2.046E-5	-1.149E-5	-2.630E-5	1.147E-3	-5.341E-4
1.067	0.161	-1.874E-5	4.769E-5	6.894E-6	5.256E-4	4.914E-4
1.100	0.161	-2.000E-5	3.755E-5	-2.007E-5	-5.875E-4	6.539E-4
1.133	0.161	-2.007E-5	-1.003E-5	5.399E-5	-6.406E-4	7.248E-4
1.167	0.161	-1.640E-5	-1.635E-7	5.029E-5	-1.632E-4	-1.064E-4
1.200	0.161	-1.672E-5	-1.428E-5	1.786E-5	-3.094E-4	-1.898E-3
1.233	0.161	-1.521E-5	-3.054E-5	-4.673E-5	2.147E-4	-5.252E-4
1.267	0.161	-1.984E-5	2.448E-6	-5.878E-5	8.176E-4	4.282E-4
1.300	0.161	-1.913E-5	2.945E-5	1.823E-5	2.416E-3	1.568E-3
1.333	0.161	-1.862E-5	1.446E-4	3.120E-5	-1.604E-3	6.789E-4
1.367	0.161	-1.705E-5	-7.754E-6	6.579E-5	-3.550E-3	-9.425E-4
1.400	0.161	-1.424E-5	-1.950E-4	-1.444E-5	-1.804E-3	-2.284E-4
1.433	0.161	-1.801E-5	-7.408E-5	3.019E-6	2.787E-3	-6.948E-4
1.467	0.161	-1.403E-5	-1.086E-5	3.205E-6	5.938E-4	4.458E-4
1.500	0.161	-1.780E-5	-2.939E-5	-2.906E-5	1.092E-4	-3.236E-4
1.533	0.161	-1.597E-5	-2.381E-5	2.628E-5	6.541E-4	1.403E-5
1.567	0.161	-1.605E-5	3.087E-5	-4.252E-5	1.179E-3	-9.591E-4
1.600	0.161	-1.881E-5	5.020E-5	-4.978E-5	1.905E-3	-4.782E-4
1.633	0.161	-1.937E-5	1.464E-4	-5.393E-5	-1.363E-3	1.412E-3
1.667	0.161	-2.240E-5	1.434E-5	1.400E-5	-2.707E-3	1.116E-3
1.700	0.161	-1.843E-5	-1.212E-4	6.368E-5	-1.268E-3	1.192E-3
1.733	0.161	-1.816E-5	-1.768E-5	5.584E-5	2.733E-3	-7.180E-4
1.767	0.161	-1.471E-5	4.801E-5	4.556E-5	5.635E-4	-5.110E-4
1.800	0.161	-1.512E-5	3.823E-5	-2.871E-6	8.073E-6	-7.492E-4
1.833	0.161	-1.490E-5	2.055E-5	6.546E-6	-7.301E-4	-8.948E-4
1.867	0.161	-1.468E-5	1.473E-5	-5.505E-5	-1.774E-3	-5.568E-4
1.900	0.161	-1.857E-5	-1.049E-4	-5.676E-5	-7.750E-4	-1.145E-3
1.933	0.161	-1.847E-5	-6.830E-5	-9.189E-5	1.374E-3	1.266E-4
1.967	0.161	-2.470E-5	3.134E-5	-9.690E-5	3.737E-4	1.939E-3
2.000	0.161	-2.493E-5	-5.281E-5	6.624E-5	3.081E-5	2.714E-3
2.033	0.161	-2.028E-5	-2.625E-6	9.796E-5	1.905E-3	-7.271E-4
2.067	0.161	-1.840E-5	1.192E-4	3.140E-6	7.664E-4	-2.310E-3
2.100	0.161	-2.007E-5	4.213E-5	-6.350E-5	-2.264E-3	-1.477E-3
2.133	0.161	-2.263E-5	-5.144E-5	-8.960E-5	-1.073E-3	7.226E-4
2.167	0.161	-2.605E-5	-2.865E-5	-2.780E-5	5.775E-4	3.772E-3
2.200	0.161	-2.448E-5	1.847E-6	1.678E-4	1.318E-3	2.417E-3
2.233	0.161	-1.486E-5	4.388E-5	1.736E-4	-1.056E-3	-2.462E-3
2.267	0.161	-1.291E-5	-3.441E-5	-3.334E-5	-4.274E-4	-3.444E-3
2.300	0.161	-1.708E-5	-4.557E-5	-7.319E-5	-6.822E-6	-4.027E-4
2.333	0.161	-1.779E-5	2.413E-5	-3.079E-5	9.693E-4	1.187E-3
2.367	0.161	-1.913E-5	-1.312E-5	-8.774E-6	-6.274E-4	2.455E-3
2.400	0.161	-1.837E-5	-7.001E-6	1.283E-4	1.946E-4	-7.459E-4
2.433	0.161	-1.058E-5	-4.177E-6	3.881E-7	-5.052E-4	-2.134E-3
2.467	0.161	-1.835E-5	-3.265E-5	-1.128E-4	1.966E-4	-8.939E-4
2.500	0.161	-1.811E-5	-1.076E-5	8.246E-6	1.308E-3	2.080E-3
2.533	0.161	-1.780E-5	7.264E-5	9.031E-6	-4.130E-4	-3.599E-4
2.567	0.161	-1.750E-5	-2.215E-5	-1.289E-5	-1.786E-3	-1.764E-3
2.600	0.161	-1.865E-5	-9.162E-5	-1.047E-4	3.159E-4	-1.364E-5
2.633	0.161	-2.448E-5	2.164E-5	-4.877E-5	1.691E-3	2.141E-3
2.667	0.161	-2.191E-5	3.828E-5	8.321E-5	1.313E-3	1.863E-3
2.700	0.161	-1.894E-5	7.528E-5	6.287E-5	-9.558E-5	-2.622E-4
2.733	0.161	-1.772E-5	7.414E-5	5.481E-5	-1.080E-3	7.858E-4
2.767	0.161	-1.528E-5	-2.971E-5	1.178E-4	-7.298E-4	-1.104E-3
2.800	0.161	-9.862E-6	2.165E-5	1.280E-5	4.800E-4	-4.227E-3
2.833	0.161	-1.443E-5	3.389E-5	-2.037E-4	-1.658E-4	-9.573E-4
2.867	0.161	-2.344E-5	-1.751E-5	-7.639E-5	-3.153E-3	2.292E-3
2.900	0.161	-1.952E-5	-1.463E-4	2.698E-5	-1.455E-4	2.313E-3
2.933	0.161	-2.164E-5	-9.416E-5	1.319E-5	1.877E-3	-1.873E-4
2.967	0.161	-1.864E-5	5.744E-5	5.449E-5	2.275E-3	-2.288E-4
3.000	0.161	-1.801E-5	2.013E-5	-1.793E-5	-1.161E-3	-6.739E-4
3.033	0.161	-1.984E-5	-1.051E-5	-3.251E-6	7.397E-4	9.818E-4
3.067	0.161	-1.823E-5	4.819E-5	6.511E-5	-8.585E-4	-1.537E-3
3.100	0.161	-1.550E-5	-1.615E-5	-8.450E-5	-3.340E-4	-1.678E-3
3.133	0.161	-2.386E-5	-4.790E-5	-1.160E-4	3.131E-4	1.483E-3
3.167	0.161	-2.323E-5	6.284E-5	6.947E-5	2.337E-3	3.811E-3
3.200	0.161	-1.923E-5	8.309E-5	1.316E-4	-1.918E-3	-5.185E-4
3.233	0.161	-1.446E-5	-3.354E-5	4.504E-5	-4.139E-4	-2.664E-3
3.267	0.161	-1.623E-5	-1.486E-5	-7.293E-5	-3.127E-4	-1.416E-3
3.300	0.161	-1.932E-5	3.136E-5	-4.745E-5	9.819E-4	8.888E-4
3.333	0.161	-1.939E-5	-1.761E-5	1.555E-6	-1.268E-3	3.530E-5
3.367	0.161	-1.921E-5	-7.064E-6	-4.352E-5	-5.724E-4	-1.135E-4
3.400	0.161	-2.229E-5	-8.128E-5	-2.948E-5	2.183E-4	-8.173E-4
3.433	0.161	-2.118E-5	-1.161E-6	-5.977E-5	1.070E-3	2.176E-3
3.467	0.161	-2.628E-5	2.803E-5	5.090E-5	8.571E-4	-5.386E-5
3.500	0.161	-1.779E-5	1.654E-5	3.900E-5	2.621E-4	5.308E-4
3.533	0.161	-2.368E-5	6.987E-5	-2.600E-5	-2.956E-4	-9.380E-4
3.567	0.161	-1.952E-5	-5.843E-7	5.964E-5	-3.532E-4	1.970E-3
3.600	0.161	-1.970E-5	1.392E-5	5.640E-5	7.382E-4	2.965E-4
3.633	0.161	-1.576E-5	8.508E-5	1.079E-4	-7.427E-4	-2.429E-3
3.667	0.161	-1.251E-5	-3.642E-5	-9.050E-5	-2.609E-3	-2.483E-3
3.700	0.161	-2.179E-5	-1.208E-4	-1.310E-4	5.454E-4	1.652E-3
3.733	0.161	-2.124E-5	6.920E-6	7.959E-5	1.758E-3	3.133E-3
3.767	0.161	-1.649E-5	3.406E-5	8.334E-5	3.179E-3	6.031E-4
3.800	0.161	-1.569E-5	1.536E-4	8.512E-5	1.425E-3	-9.848E-4
3.833	0.161	-1.081E-5	2.157E-4	5.644E-5	-5.617E-4	-3.940E-3
3.867	0.161	-1.192E-5	5.336E-5	-1.896E-4	-5.672E-3	-1.307E-3
3.900	0.161	-2.345E-5	-1.289E-4	-9.795E-5	-1.997E-3	2.175E-3
3.933	0.161	-1.845E-5	-1.405E-4	6.126E-5	-1.914E-3	8.938E-4
3.967	0.161	-1.937E-5	-1.690E-4	-9.017E-5	1.600E-3	-2.293E-3
4.000	0.161	-2.446E-5	-1.330E-4	-1.039E-4	3.909E-3	3.516E-3
4.033	0.161	-2.629E-5	1.628E-4	1.394E-4	4.981E-3	3.250E-3
4.067	0.161	-1.517E-5	2.016E-4	1.829E-4	-9.146E-4	2.690E-4
4.100	0.161	-1.410E-5	8.476E-5	7.969E-5	-1.609E-3	-3.067E-3
4.133	0.161	-9.858E-6	7.405E-5	2.780E-5	-2.172E-3	-8.891E-5
4.167	0.161	-1.225E-5	-1.356E-5	2.474E-5	-1.010E-3	-7.078E-4
4.200	0.161	-8.208E-6	-5.708E-5	3.475E-5	-1.061E-3	-8.860E-4
4.233	0.161	-9.932E-6	-2.501E-5	-7.017E-5	1.863E-3	-7.261E-4
4.267	0.161	-1.289E-5	1.715E-5	-1.684E-5	1.526E-3	2.105E-3
4.300	0.161	-1.105E-5	1.195E-4	8.852E-5	-1.185E-4	6.612E-4
4.333	0.161	-6.985E-6	5.935E-6	3.851E-5	-3.467E-4	-2.820E-4
4.367	0.161	-8.487E-6	4.681E-5	3.028E-5	-2.509E-4	-5.543E-5
4.400	0.161	-4.966E-6	6.423E-5	7.295E-5	2.705E-3	1.259E-3
4.433	0.161	-3.624E-6	1.404E-4	8.741E-5	2.055E-3	-1.308E-3
4.467	0.161	8.609E-7	2.864E-4	2.020E-5	1.355E-3	2.178E-4
4.500	0.161	-2.277E-6	1.902E-4	4.295E-5	6.160E-3	9.451E-4
4.533	0.161	3.724E-6	6.269E-4	1.439E-4	4.427E-2	-2.995E-3
4.567	0.161	7.315E-6	3.010E-3	-1.498E-4	0.159	-5.588E-3
4.600	0.161	-6.266E-6	1.084E-2	-3.109E-4	0.234	5.594E-3
4.633	0.161	-1.341E-5	1.961E-2	2.247E-4	9.405E-2	9.537E-3
4.667	0.162	8.717E-6	1.775E-2	4.650E-4	-4.844E-2	-1.687E-3
4.700	0.163	1.759E-5	1.443E-2	2.691E-5	-2.734E-2	-7.752E-3
4.733	0.163	1.051E-5	1.685E-2	-1.069E-4	5.372E-2	1.250E-4
4.767	0.164	1.046E-5	1.808E-2	8.693E-5	7.480E-3	3.192E-3
4.800	0.164	1.631E-5	1.738E-2	1.235E-4	3.712E-2	1.821E-3
4.833	0.165	1.870E-5	1.980E-2	1.673E-4	7.935E-2	-4.552E-3
4.867	0.166	2.746E-5	2.367E-2	-9.426E-5	2.458E-2	-4.351E-3
4.900	0.166	1.241E-5	2.151E-2	-2.651E-4	-3.909E-2	-1.001E-3
4.933	0.167	9.787E-6	2.003E-2	-5.949E-5	2.869E-2	6.264E-3
4.967	0.168	8.447E-6	2.380E-2	1.099E-4	5.922E-2	-6.407E-5
5.000	0.169	1.712E-5	2.475E-2	1.186E-5	4.295E-2	-2.240E-3
5.033	0.169	9.237E-6	2.552E-2	-1.449E-4	2.496E-2	-5.818E-4
5.067	0.170	7.458E-6	2.738E-2	2.367E-5	5.799E-2	-1.497E-3
5.100	0.171	1.081E-5	2.866E-2	-1.937E-4	-4.077E-2	-1.193E-3
5.133	0.172	-5.454E-6	2.588E-2	-1.931E-4	8.477E-2	3.322E-3
5.167	0.173	-2.061E-6	3.134E-2	1.476E-4	0.138	1.861E-3
5.200	0.174	4.386E-6	3.893E-2	-6.168E-5	7.411E-2	-7.372E-3
5.233	0.176	-6.173E-6	3.447E-2	-4.100E-4	-7.082E-4	-1.237E-3
5.267	0.177	-2.295E-5	3.785E-2	-1.805E-4	8.151E-2	4.217E-3
5.300	0.178	-1.820E-5	4.195E-2	-2.626E-6	2.081E-3	5.346E-3
5.333	0.179	-2.312E-5	3.729E-2	5.892E-5	4.535E-2	-6.918E-3
5.367	0.181	-1.428E-5	4.295E-2	-3.030E-4	0.188	-9.545E-3
5.400	0.182	-4.332E-5	5.275E-2	-7.820E-4	0.135	-4.268E-3
5.433	0.184	-6.641E-5	5.122E-2	-5.073E-4	-3.988E-3	7.382E-3
5.467	0.186	-7.714E-5	5.133E-2	-2.587E-4	-2.740E-2	3.957E-3
5.500	0.187	-8.366E-5	5.086E-2	-2.449E-4	5.191E-2	-1.628E-3
5.533	0.189	-9.347E-5	5.289E-2	-3.784E-4	2.876E-2	-3.270E-3
5.567	0.191	-1.089E-4	5.503E-2	-4.777E-4	-2.597E-3	2.230E-3
5.600	0.193	-1.253E-4	5.132E-2	-2.559E-4	-0.104	1.797E-3
5.633	0.194	-1.259E-4	4.851E-2	-2.544E-4	-7.505E-2	4.880E-4
5.667	0.196	-1.423E-4	4.597E-2	-3.452E-4	-5.415E-2	-4.356E-3
5.700	0.197	-1.490E-4	4.505E-2	-4.361E-4	-7.108E-2	3.884E-3
5.733	0.199	-1.714E-4	4.166E-2	-2.365E-4	-6.996E-2	6.559E-3
5.767	0.200	-1.647E-4	3.944E-2	1.641E-4	-3.337E-2	1.165E-3
5.800	0.202	-1.604E-4	4.013E-2	-1.859E-4	2.427E-2	8.449E-4
5.833	0.203	-1.771E-4	4.078E-2	5.575E-5	-2.282E-2	5.628E-4
5.867	0.204	-1.567E-4	3.920E-2	1.254E-4	-5.125E-2	-4.655E-3
5.900	0.206	-1.688E-4	3.661E-2	-4.595E-4	-5.530E-2	-1.035E-2
5.933	0.207	-1.873E-4	3.586E-2	-5.269E-4	-1.690E-2	7.574E-4
5.967	0.208	-2.039E-4	3.536E-2	-4.002E-4	7.493E-3	7.307E-3
6.000	0.209	-2.140E-4	3.631E-2	-5.237E-5	1.627E-2	6.507E-3
6.033	0.210	-2.074E-4	3.677E-2	1.050E-4	-2.992E-2	3.682E-3
6.067	0.212	-2.070E-4	3.433E-2	1.155E-4	-9.471E-2	-8.082E-4
6.100	0.213	-1.997E-4	3.026E-2	1.101E-4	-0.133	-6.483E-3
6.133	0.214	-1.997E-4	2.554E-2	-3.176E-4	-0.182	-6.736E-3
6.167	0.214	-2.209E-4	1.835E-2	-4.418E-4	-0.219	3.583E-3
6.200	0.215	-2.291E-4	1.045E-2	-1.175E-5	-0.205	5.113E-3
6.233	0.215	-2.216E-4	4.697E-3	-2.536E-5	-0.138	7.754E-4
6.267	0.215	-2.308E-4	1.195E-3	-9.155E-5	-7.328E-2	-1.373E-3
6.300	0.215	-2.277E-4	-1.132E-4	-1.354E-5	-2.028E-2	7.821E-4
6.333	0.215	-2.317E-4	-1.064E-4	-9.886E-5	-3.566E-4	-1.634E-3
6.367	0.215	-2.343E-4	-1.278E-5	-9.857E-5	2.865E-3	2.369E-3
6.400	0.215	-2.383E-4	-1.369E-5	2.920E-5	9.952E-4	2.774E-3
6.433	0.215	-2.324E-4	1.193E-4	1.373E-4	-2.288E-4	2.332E-3
6.467	0.215	-2.291E-4	-3.456E-5	1.452E-4	-3.066E-3	-1.235E-3
6.500	0.215	-2.227E-4	-1.290E-4	8.919E-5	8.373E-4	-8.033E-4
6.533	0.215	-2.232E-4	3.649E-5	4.641E-5	3.153E-3	-8.612E-4
6.567	0.215	-2.196E-4	1.155E-4	6.954E-5	2.864E-5	-1.575E-3
6.600	0.215	-2.186E-4	1.716E-5	-6.448E-5	-2.671E-3	-1.674E-3
6.633	0.215	-2.239E-4	-6.847E-5	-7.607E-5	-5.357E-5	2.023E-3
6.667	0.215	-2.236E-4	-6.127E-7	9.573E-5	1.389E-3	2.076E-3
6.700	0.215	-2.175E-4	6.112E-5	8.871E-5	1.606E-3	-2.927E-5
6.733	0.215	-2.177E-4	7.534E-5	4.680E-5	-4.914E-4	-1.046E-3
6.767	0.215	-2.144E-4	5.727E-5	5.395E-5	-2.266E-4	8.523E-4
6.800	0.215	-2.141E-4	2.827E-5	7.383E-5	8.381E-5	-7.791E-4
6.833	0.215	-2.095E-4	8.152E-5	4.113E-5	-1.463E-3	-4.708E-4
6.867	0.215	-2.114E-4	-4.983E-5	-2.621E-6	-2.522E-3	-5.891E-4
6.900	0.215	-2.097E-4	-1.385E-4	3.387E-5	7.809E-4	1.787E-4
6.933	0.215	-2.091E-4	2.432E-5	-1.059E-6	3.814E-3	-1.591E-3
6.967	0.215	-2.097E-4	1.368E-4	-6.753E-5	7.323E-4	-3.876E-4
7.000	0.215	-2.136E-4	7.044E-5	-4.830E-5	-1.073E-3	2.228E-3
7.033	0.215	-2.129E-4	3.762E-5	9.669E-5	-1.957E-3	1.840E-3
7.067	0.215	-2.072E-4	-2.356E-5	9.730E-5	-3.755E-5	1.941E-4
7.100	0.215	-2.065E-4	-1.534E-5	7.007E-5	-1.679E-3	-3.167E-3
7.133	0.215	-2.025E-4	-6.660E-5	-6.314E-5	5.658E-4	-1.403E-3
7.167	0.215	-2.107E-4	-6.284E-5	-1.027E-4	6.514E-4	1.590E-3
7.200	0.215	-2.093E-4	5.378E-5	1.008E-4	1.336E-3	2.140E-3
7.233	0.215	-2.039E-4	-8.996E-6	5.270E-5	-2.496E-3	7.231E-5
7.267	0.215	-2.058E-4	-9.916E-5	5.038E-5	1.321E-3	-2.964E-3
7.300	0.215	-2.006E-4	3.030E-5	-6.676E-5	2.368E-3	-1.538E-3
7.333	0.215	-2.103E-4	1.415E-4	-1.513E-4	1.052E-3	1.450E-3
7.367	0.215	-2.107E-4	4.476E-5	8.758E-5	-1.560E-3	2.786E-3
7.400	0.215	-2.044E-4	4.902E-5	6.088E-5	-1.548E-3	-2.364E-3
7.433	0.215	-2.066E-4	-4.197E-5	-1.134E-4	1.100E-4	-8.532E-4
7.467	0.215	-2.120E-4	6.356E-6	-1.294E-5	1.726E-4	4.260E-3
7.500	0.215	-2.075E-4	4.135E-5	2.094E-4	-9.084E-4	1.229E-3
7.533	0.215	-1.980E-4	-1.024E-4	9.563E-5	-3.400E-3	-5.183E-3
7.567	0.215	-2.011E-4	-1.731E-4	-1.867E-4	9.786E-4	-3.152E-3
7.600	0.215	-2.105E-4	-6.453E-5	-1.356E-4	4.512E-3	3.238E-3
7.633	0.215	-2.101E-4	1.636E-4	7.514E-5	2.066E-3	5.105E-3
7.667	0.215	-2.055E-4	9.659E-5	1.946E-4	-2.223E-3	-8.508E-4
7.700	0.215	-1.972E-4	-4.013E-5	5.282E-5	-9.347E-4	-2.992E-3
7.733	0.215	-2.020E-4	4.782E-5	-7.814E-5	5.568E-4	-9.649E-4
7.767	0.215	-2.024E-4	3.057E-5	2.926E-5	-2.713E-3	-3.547E-5
7.800	0.215	-2.000E-4	-1.573E-4	-5.924E-5	-1.701E-3	-1.709E-3
7.833	0.215	-2.063E-4	-1.157E-4	-1.356E-4	2.715E-3	5.798E-4
7.867	0.215	-2.091E-4	6.892E-5	1.611E-6	3.339E-3	1.340E-3
7.900	0.215	-2.062E-4	1.035E-4	-1.585E-5	-2.063E-3	8.756E-5
7.933	0.215	-2.101E-4	-5.859E-5	-4.360E-5	-1.853E-3	5.738E-4
7.967	0.215	-2.091E-4	-7.845E-5	5.407E-5	9.106E-4	6.516E-4
8.000	0.215	-2.065E-4	5.847E-5	6.797E-6	3.779E-3	1.788E-4
8.033	0.215	-2.087E-4	1.465E-4	2.847E-5	-6.507E-4	6.744E-4
8.067	0.215	-2.046E-4	6.001E-5	9.300E-5	-1.879E-3	1.911E-4
8.100	0.215	-2.025E-4	-4.586E-5	2.503E-5	-1.092E-3	-2.876E-3
8.133	0.215	-2.029E-4	2.613E-5	-9.419E-5	-6.424E-4	-1.507E-3
8.167	0.215	-2.088E-4	-7.714E-5	-1.031E-4	-6.339E-4	2.105E-3
8.200	0.215	-2.098E-4	-6.867E-5	6.437E-5	5.040E-4	2.042E-3
8.233	0.215	-2.045E-4	1.432E-5	6.399E-5	2.178E-3	-2.414E-4
8.267	0.215	-2.055E-4	3.784E-5	2.143E-6	1.744E-4	-1.393E-3
8.300	0.215	-2.043E-4	5.681E-5	-6.019E-8	-6.599E-5	6.147E-5
8.333	0.215	-2.055E-4	1.116E-5	-1.260E-5	-1.554E-3	1.983E-4
8.367	0.215	-2.052E-4	-3.381E-5	2.356E-5	-1.685E-3	1.643E-3
8.400	0.215	-2.040E-4	-1.096E-4	8.928E-5	4.232E-4	-1.707E-3
8.433	0.215	-1.992E-4	-2.453E-5	-4.920E-5	2.573E-3	-4.269E-3
8.467	0.215	-2.073E-4	9.842E-5	-2.558E-4	1.368E-3	-9.483E-4
8.500	0.215	-2.163E-4	5.880E-5	-1.118E-4	-2.335E-4	8.429E-3
8.533	0.215	-2.147E-4	6.146E-5	3.151E-4	-1.095E-3	1.445E-3
8.567	0.215	-1.953E-4	1.959E-5	1.067E-4	-3.188E-4	-4.684E-3
8.600	0.215	-2.076E-4	-2.741E-6	-1.965E-4	-5.798E-4	-3.025E-3
8.633	0.215	-2.084E-4	2.021E-5	1.703E-5	-8.464E-4	4.454E-3
8.667	0.215	-2.065E-4	-7.509E-5	8.330E-5	-3.065E-4	5.581E-4
8.700	0.215	-2.028E-4	-2.235E-5	6.272E-5	-1.004E-4	-2.656E-3
8.733	0.215	-2.023E-4	-2.990E-5	-9.505E-5	4.631E-4	-4.220E-4
8.767	0.215	-2.091E-4	-5.015E-5	-1.735E-5	-1.047E-4	2.082E-3
8.800	0.215	-2.034E-4	8.688E-6	1.207E-4	1.155E-3	-3.119E-4
8.833	0.215	-2.011E-4	1.945E-6	-6.084E-5	5.953E-4	-1.348E-3
8.867	0.215	-2.075E-4	5.532E-5	-2.345E-5	8.368E-4	1.131E-3
8.900	0.215	-2.027E-4	6.554E-5	8.931E-5	-4.479E-4	2.766E-4
8.933	0.215	-2.015E-4	1.951E-5	-3.510E-5	-1.976E-3	-5.360E-3
8.967	0.215	-2.050E-4	-6.307E-5	-2.578E-4	-2.413E-3	2.576E-3
9.000	0.215	-2.187E-4	-1.492E-4	3.823E-5	5.703E-4	2.879E-3
9.033	0.215	-2.025E-4	-4.490E-5	1.351E-4	3.710E-3	1.264E-3
9.067	0.215	-2.097E-4	1.345E-4	-6.456E-5	1.156E-3	-4.755E-3
9.100	0.215	-2.068E-4	4.502E-5	-6.558E-5	9.469E-6	3.735E-3
9.133	0.215	-2.141E-4	6.785E-5	7.613E-5	-2.466E-3	1.594E-3
9.167	0.215	-2.017E-4	-2.020E-5	1.755E-4	-2.103E-3	8.680E-5
9.200	0.215	-2.024E-4	-1.775E-4	-1.718E-5	7.153E-4	-3.098E-3
9.233	0.215	-2.028E-4	6.552E-5	-3.198E-6	3.116E-3	-6.815E-4
9.267	0.215	-2.026E-4	8.177E-5	-5.199E-5	-6.215E-4	1.270E-3
9.300	0.215	-2.063E-4	-4.013E-5	4.157E-5	-1.055E-3	5.994E-4
9.333	0.215	-1.998E-4	2.869E-5	5.909E-5	4.076E-4	-2.072E-3
9.367	0.215	-2.024E-4	9.608E-6	-1.467E-4	-1.601E-3	-8.141E-4
9.400	0.215	-2.096E-4	-1.002E-4	-2.392E-5	-2.814E-3	-4.648E-5
9.433	0.215	-2.039E-4	-1.740E-4	-5.249E-5	2.696E-3	2.006E-3
9.467	0.215	-2.131E-4	3.960E-5	-1.808E-5	3.856E-3	2.043E-3
9.500	0.215	-2.052E-4	1.752E-4	1.951E-4	5.294E-4	1.003E-3
9.533	0.215	-2.001E-4	1.401E-5	1.861E-5	-2.534E-3	-4.458E-3
9.567	0.215	-2.039E-4	3.235E-6	-1.314E-4	-2.272E-3	2.298E-4
9.600	0.215	-2.089E-4	-9.976E-5	2.343E-5	-8.263E-4	8.798E-4
9.633	0.215	-2.023E-4	-1.152E-4	5.904E-6	2.990E-3	5.519E-4
9.667	0.215	-2.085E-4	1.372E-4	-3.915E-5	4.047E-3	6.785E-4
9.700	0.215	-2.050E-4	1.845E-4	1.177E-4	7.569E-4	3.542E-3
9.733	0.215	-2.006E-4	1.413E-4	1.736E-4	-2.631E-3	-4.284E-4
9.767	0.215	-1.934E-4	4.942E-5	1.145E-4	-2.710E-4	-1.107E-3
9.800	0.215	-1.930E-4	6.117E-5	5.775E-5	1.154E-3	-3.155E-4
9.833	0.215	-1.895E-4	1.870E-4	1.190E-4	2.193E-4	-1.866E-4
9.867	0.215	-1.851E-4	6.663E-5	5.456E-5	-4.267E-3	3.116E-3
9.900	0.215	-1.859E-4	-1.148E-4	2.609E-4	-1.825E-3	1.316E-3
9.933	0.215	-1.677E-4	-7.769E-5	2.744E-4	2.349E-4	-7.371E-4
9.967	0.215	-1.676E-4	-4.466E-5	8.155E-5		
10.000	0.215	-1.622E-4				
