	mass A						
t	x	y	vx	vy	ax	ay	
0.000	0.118	-6.521E-4				
0.033	0.118	-6.561E-4	1.028E-4	-2.970E-5		
0.067	0.118	-6.540E-4	-4.314E-5	-8.671E-5	-1.488E-3	6.629E-4
0.100	0.118	-6.618E-4	-3.007E-5	-6.472E-5	7.538E-5	2.972E-3
0.133	0.118	-6.584E-4	1.382E-5	1.713E-4	2.276E-3	3.940E-3
0.167	0.118	-6.504E-4	7.209E-5	1.985E-4	1.149E-3	-2.764E-3
0.200	0.118	-6.451E-4	1.406E-4	-9.654E-6	-1.601E-3	-4.117E-3
0.233	0.118	-6.511E-4	-4.679E-5	-1.260E-4	-3.548E-3	-1.288E-3
0.267	0.118	-6.535E-4	-1.346E-4	-5.867E-5	-6.959E-4	1.681E-3
0.300	0.118	-6.550E-4	-6.305E-5	-2.036E-5	1.803E-3	1.915E-3
0.333	0.118	-6.549E-4	-1.798E-5	6.468E-5	8.275E-4	3.384E-4
0.367	0.118	-6.507E-4	-3.662E-6	3.028E-5	1.166E-3	5.354E-4
0.400	0.118	-6.529E-4	4.605E-5	4.781E-5	1.446E-4	-1.014E-3
0.433	0.118	-6.475E-4	3.359E-5	2.800E-5	-1.229E-3	-3.512E-5
0.467	0.118	-6.510E-4	-6.068E-5	-2.101E-5	-2.429E-4	8.853E-4
0.500	0.118	-6.489E-4	7.342E-6	1.219E-4	1.184E-3	1.852E-3
0.533	0.118	-6.429E-4	5.448E-5	1.162E-4	-1.170E-4	-2.924E-3
0.567	0.118	-6.411E-4	-2.201E-5	-8.070E-5	-1.272E-3	-2.971E-3
0.600	0.118	-6.482E-4	-3.547E-5	-1.235E-4	9.932E-4	1.103E-3
0.633	0.118	-6.494E-4	4.492E-5	2.866E-5	2.792E-3	4.302E-3
0.667	0.118	-6.463E-4	1.586E-4	1.585E-4	-1.581E-3	-1.664E-3
0.700	0.118	-6.388E-4	-2.169E-5	-3.457E-5	-4.728E-3	-3.996E-3
0.733	0.118	-6.486E-4	-2.330E-4	-2.049E-4	8.081E-5	3.089E-4
0.767	0.118	-6.525E-4	-6.846E-6	2.866E-5	3.865E-3	2.147E-3
0.800	0.118	-6.467E-4	9.543E-5	-8.104E-6	6.590E-5	-1.140E-4
0.833	0.118	-6.530E-4	-5.482E-5	-6.796E-5	-3.768E-3	-1.355E-3
0.867	0.118	-6.513E-4	-1.477E-4	-2.710E-5	6.234E-4	8.707E-5
0.900	0.118	-6.548E-4	-4.158E-5	-1.025E-4	2.664E-3	-7.262E-4
0.933	0.118	-6.581E-4	8.388E-5	-6.755E-5	2.042E-3	1.710E-3
0.967	0.118	-6.593E-4	6.412E-5	1.280E-5	-2.810E-3	2.943E-3
1.000	0.118	-6.572E-4	-7.648E-5	1.288E-4	-1.089E-3	4.090E-4
1.033	0.118	-6.507E-4	-7.326E-5	7.002E-5	1.608E-3	-1.239E-3
1.067	0.118	-6.526E-4	9.281E-5	-6.252E-6	1.948E-3	-1.839E-3
1.100	0.118	-6.511E-4	4.792E-5	-1.265E-5	-1.166E-3	7.673E-4
1.133	0.118	-6.534E-4	-5.195E-6	1.072E-5	-1.445E-3	-4.558E-4
1.167	0.118	-6.504E-4	-3.290E-5	2.354E-7	-7.634E-5	5.429E-5
1.200	0.118	-6.534E-4	-2.695E-5	-3.083E-5	8.064E-4	-5.213E-4
1.233	0.118	-6.525E-4	3.442E-5	-9.905E-7	3.327E-4	1.152E-3
1.267	0.118	-6.535E-4	2.860E-6	2.210E-5	-4.951E-4	5.611E-4
1.300	0.118	-6.510E-4	-2.065E-5	5.755E-5	4.334E-4	-1.474E-3
1.333	0.118	-6.496E-4	4.257E-5	-7.199E-5	-8.909E-6	-1.218E-3
1.367	0.118	-6.558E-4	-3.988E-6	-7.018E-5	-1.977E-4	-1.009E-3
1.400	0.118	-6.543E-4	-9.423E-6	-7.325E-5	3.061E-4	1.764E-3
1.433	0.118	-6.607E-4	5.161E-5	-2.639E-5	3.370E-4	9.768E-4
1.467	0.118	-6.561E-4	3.009E-6	6.629E-5	-4.320E-5	4.167E-3
1.500	0.118	-6.563E-4	3.201E-5	1.805E-4	5.549E-4	5.114E-4
1.533	0.118	-6.440E-4	6.695E-5	1.894E-4	1.166E-3	-3.843E-3
1.567	0.118	-6.436E-4	8.592E-5	-1.325E-4	-9.319E-4	-2.687E-3
1.600	0.118	-6.529E-4	3.619E-5	-3.947E-5	-8.955E-4	1.494E-3
1.633	0.118	-6.463E-4	-1.477E-5	7.329E-5	-2.354E-3	1.596E-3
1.667	0.118	-6.480E-4	-7.814E-5	-8.648E-6	4.809E-4	-1.471E-3
1.700	0.118	-6.469E-4	-4.139E-5	8.778E-6	1.734E-3	8.298E-4
1.733	0.118	-6.474E-4	9.605E-5	2.717E-5	1.177E-3	-1.646E-3
1.767	0.118	-6.450E-4	2.298E-5	-6.543E-5	-1.872E-3	5.355E-4
1.800	0.118	-6.518E-4	-4.534E-5	-9.678E-6	-1.743E-3	-6.898E-5
1.833	0.118	-6.457E-4	-8.061E-5	2.651E-5	2.588E-4	1.029E-3
1.867	0.118	-6.500E-4	-4.594E-5	-2.751E-5	9.556E-4	-1.471E-3
1.900	0.118	-6.475E-4	8.161E-6	-8.435E-6	6.343E-4	-1.470E-3
1.933	0.118	-6.506E-4	-1.492E-5	-1.546E-4	2.270E-4	1.590E-3
1.967	0.118	-6.578E-4	1.584E-5	5.253E-5	-4.092E-4	1.413E-3
2.000	0.118	-6.471E-4	-1.785E-5	6.315E-5	-4.946E-4	-1.211E-3
2.033	0.118	-6.536E-4	-5.079E-5	-1.481E-4	-7.466E-5	-2.789E-3
2.067	0.118	-6.569E-4	-8.902E-7	-7.518E-5	-1.339E-4	2.426E-3
2.100	0.118	-6.586E-4	-5.496E-5	5.516E-6	9.536E-4	2.547E-3
2.133	0.118	-6.566E-4	2.406E-5	1.016E-4	7.058E-4	3.726E-4
2.167	0.118	-6.519E-4	5.640E-5	4.705E-5	1.674E-3	5.758E-4
2.200	0.118	-6.534E-4	6.769E-5	8.814E-5	-5.587E-5	-5.541E-4
2.233	0.118	-6.460E-4	1.128E-4	8.237E-5	-7.647E-4	-1.752E-3
2.267	0.118	-6.479E-4	-1.403E-5	-8.459E-5	-2.679E-3	-2.592E-3
2.300	0.118	-6.516E-4	-6.976E-5	-8.180E-5	-1.837E-3	1.165E-4
2.333	0.118	-6.534E-4	-1.227E-4	-6.345E-5	1.542E-3	1.532E-3
2.367	0.118	-6.558E-4	-4.748E-6	2.367E-6	2.010E-3	1.561E-3
2.400	0.118	-6.532E-4	7.847E-5	6.570E-5	-5.403E-5	2.377E-4
2.433	0.118	-6.515E-4	-5.022E-5	9.820E-6	-2.389E-3	-1.528E-3
2.467	0.118	-6.526E-4	-8.292E-5	-4.494E-5	8.161E-4	-1.655E-3
2.500	0.118	-6.545E-4	3.058E-6	-9.257E-5	2.564E-3	8.242E-4
2.533	0.118	-6.587E-4	1.039E-4	-1.483E-5	7.566E-4	1.707E-3
2.567	0.118	-6.554E-4	6.032E-5	6.383E-5	-1.002E-3	1.497E-3
2.600	0.118	-6.545E-4	1.054E-5	5.498E-5	-1.571E-4	-7.970E-4
2.633	0.118	-6.518E-4	6.121E-5	3.043E-5	-1.242E-3	-1.057E-3
2.667	0.118	-6.525E-4	-4.665E-5	-3.203E-5	-1.678E-3	-1.409E-3
2.700	0.118	-6.539E-4	-1.059E-4	-5.760E-5	1.440E-4	-2.009E-4
2.733	0.118	-6.563E-4	1.359E-6	-5.067E-5	2.997E-3	3.055E-3
2.767	0.118	-6.573E-4	8.294E-5	1.310E-4	-8.894E-4	4.733E-4
2.800	0.118	-6.476E-4	-2.374E-5	5.737E-5	-6.807E-4	1.190E-3
2.833	0.118	-6.535E-4	-3.689E-5	8.314E-5	-4.154E-4	-6.388E-4
2.867	0.118	-6.420E-4	2.557E-5	1.502E-4	1.533E-3	-8.662E-4
2.900	0.118	-6.435E-4	1.024E-5	-6.396E-5	-1.320E-3	-4.409E-3
2.933	0.118	-6.463E-4	-1.678E-5	-1.175E-4	-1.056E-3	-1.556E-4
2.967	0.118	-6.513E-4	-9.952E-5	-8.928E-5	3.084E-4	1.508E-4
3.000	0.118	-6.522E-4	7.991E-6	-7.834E-5	2.074E-3	6.901E-4
3.033	0.118	-6.565E-4	6.842E-5	-7.392E-5	7.338E-4	1.020E-3
3.067	0.118	-6.572E-4	3.403E-5	8.253E-6	-1.195E-3	2.059E-3
3.100	0.118	-6.560E-4	-1.736E-6	6.018E-5	-1.224E-3	-2.271E-4
3.133	0.118	-6.532E-4	-5.483E-5	6.990E-6	-1.036E-3	2.090E-3
3.167	0.118	-6.555E-4	-7.124E-5	1.435E-4	4.507E-4	4.381E-4
3.200	0.118	-6.436E-4	-2.765E-5	1.394E-4	1.463E-3	-2.039E-3
3.233	0.118	-6.462E-4	3.502E-5	-8.436E-5	6.611E-4	-5.981E-3
3.267	0.118	-6.492E-4	2.134E-5	-2.125E-4	-1.503E-4	1.220E-4
3.300	0.118	-6.604E-4	8.986E-6	-1.383E-4	-5.831E-4	3.151E-3
3.333	0.118	-6.584E-4	-1.585E-6	6.948E-5	-5.251E-4	5.262E-3
3.367	0.118	-6.557E-4	-3.802E-5	1.743E-4	-9.028E-4	-7.760E-4
3.400	0.118	-6.468E-4	-5.609E-5	7.091E-5	2.797E-3	-2.665E-3
3.433	0.118	-6.510E-4	1.180E-4	-7.952E-5	2.442E-3	-1.071E-4
3.467	0.118	-6.521E-4	1.805E-4	8.786E-5	-1.924E-3	2.029E-3
3.500	0.118	-6.452E-4	-5.719E-5	9.933E-5	-5.178E-3	-2.284E-3
3.533	0.118	-6.455E-4	-1.774E-4	-1.001E-4	5.052E-4	-1.743E-3
3.567	0.118	-6.518E-4	-3.190E-5	-4.734E-5	2.676E-3	-1.284E-3
3.600	0.118	-6.487E-4	5.560E-5	-1.037E-4	1.937E-3	1.454E-3
3.633	0.118	-6.587E-4	4.791E-5	-6.207E-5	-4.114E-4	9.848E-4
3.667	0.118	-6.528E-4	6.097E-5	7.412E-5	-9.404E-4	3.280E-3
3.700	0.118	-6.538E-4	-2.979E-5	7.701E-5	-6.535E-4	-6.271E-4
3.733	0.118	-6.477E-4	3.092E-7	9.124E-5	3.904E-4	-1.843E-3
3.767	0.118	-6.477E-4	3.057E-5	-7.708E-5	-3.728E-4	-4.151E-3
3.800	0.118	-6.528E-4	-4.389E-5	-1.885E-4	-3.480E-4	1.162E-3
3.833	0.118	-6.603E-4	-4.509E-6	-2.740E-5	1.071E-3	2.655E-3
3.867	0.118	-6.546E-4	5.305E-5	6.505E-5	-1.053E-3	2.530E-3
3.900	0.118	-6.559E-4	-7.161E-5	6.774E-5	-2.220E-3	-6.777E-4
3.933	0.118	-6.501E-4	-1.331E-4	7.929E-5	8.975E-4	2.566E-4
3.967	0.118	-6.507E-4	6.658E-6	3.471E-5	3.125E-3	-2.677E-3
4.000	0.118	-6.478E-4	9.319E-5	-5.118E-5	-9.133E-4	-2.700E-3
4.033	0.118	-6.541E-4	-4.730E-5	-1.915E-4	-1.704E-3	-6.022E-4
4.067	0.118	-6.606E-4	-7.579E-5	-8.780E-5	1.063E-3	3.314E-3
4.100	0.118	-6.599E-4	7.004E-5	5.517E-5	1.988E-3	3.363E-3
4.133	0.118	-6.569E-4	5.779E-5	1.265E-4	-2.584E-4	3.982E-4
4.167	0.118	-6.515E-4	3.124E-5	9.591E-5	-9.874E-4	-1.602E-3
4.200	0.118	-6.505E-4	1.064E-5	2.478E-7	-8.424E-4	-1.166E-3
4.233	0.118	-6.515E-4	-3.865E-5	1.286E-5	-1.796E-4	-3.920E-5
4.267	0.118	-6.496E-4	-3.731E-6	1.929E-5	4.191E-4	-5.583E-4
4.300	0.118	-6.502E-4	7.151E-6	-3.782E-5	5.947E-4	-1.716E-3
4.333	0.118	-6.521E-4	1.504E-5	-9.122E-5	-2.993E-4	-4.994E-4
4.367	0.118	-6.563E-4	9.555E-6	-8.321E-5	-1.013E-3	2.147E-3
4.400	0.118	-6.577E-4	-6.669E-5	5.429E-5	-2.009E-4	3.923E-3
4.433	0.118	-6.527E-4	-1.768E-5	1.941E-4	7.896E-4	-1.149E-3
4.467	0.118	-6.448E-4	1.939E-5	8.673E-6	1.878E-3	-3.845E-3
4.500	0.118	-6.521E-4	7.041E-5	-1.443E-4	-1.827E-4	-2.194E-4
4.533	0.118	-6.544E-4	5.573E-5	3.353E-5	-1.033E-3	2.026E-3
4.567	0.118	-6.498E-4	-4.417E-5	2.515E-5	-1.809E-3	1.128E-4
4.600	0.118	-6.527E-4	-4.543E-5	-1.534E-5	1.956E-3	-3.287E-4
4.633	0.118	-6.509E-4	6.492E-5	4.118E-5	2.270E-3	3.240E-3
4.667	0.118	-6.499E-4	1.472E-4	1.667E-4	2.237E-3	1.805E-3
4.700	0.118	-6.397E-4	1.763E-4	2.162E-4	1.261E-3	-7.645E-4
4.733	0.118	-6.355E-4	2.544E-4	7.714E-5	-1.936E-3	-2.624E-3
4.767	0.118	-6.346E-4	6.878E-5	3.855E-5	-3.790E-3	-4.156E-5
4.800	0.118	-6.330E-4	-6.485E-5	7.996E-5	-9.639E-4	-1.085E-4
4.833	0.118	-6.293E-4	4.390E-5	4.769E-5	2.706E-4	-8.067E-4
4.867	0.118	-6.298E-4	-2.604E-5	1.303E-6	-1.933E-4	5.528E-4
4.900	0.118	-6.292E-4	-2.537E-5	8.834E-5	1.918E-3	2.847E-3
4.933	0.118	-6.239E-4	1.442E-4	2.025E-4	1.772E-3	-1.815E-3
4.967	0.118	-6.157E-4	1.045E-4	4.420E-6	-6.480E-5	-4.393E-3
5.000	0.118	-6.236E-4	9.410E-5	-1.747E-4	1.374E-3	-1.582E-3
5.033	0.118	-6.273E-4	2.257E-4	-5.649E-5	7.662E-3	3.883E-3
5.067	0.118	-6.274E-4	5.658E-4	7.948E-5	3.968E-2	-2.252E-3
5.100	0.118	-6.220E-4	2.686E-3	-1.476E-4	0.127	1.792E-3
5.133	0.118	-6.372E-4	8.892E-3	3.018E-5	0.234	1.058E-3
5.167	0.118	-6.200E-4	1.852E-2	1.568E-4	0.169	2.863E-3
5.200	0.119	-6.268E-4	2.137E-2	1.779E-5	-5.795E-2	-4.676E-3
5.233	0.120	-6.188E-4	1.394E-2	-6.075E-6	-0.108	6.465E-4
5.267	0.120	-6.272E-4	1.257E-2	-6.635E-5	6.808E-2	-9.207E-4
5.300	0.121	-6.233E-4	1.975E-2	3.193E-5	0.134	2.518E-3
5.333	0.122	-6.250E-4	2.215E-2	3.795E-5	2.344E-2	-2.106E-3
5.367	0.122	-6.207E-4	2.056E-2	-4.534E-5	-2.731E-2	1.675E-3
5.400	0.123	-6.281E-4	2.031E-2	4.841E-5	-5.016E-2	-4.211E-3
5.433	0.124	-6.175E-4	1.776E-2	-1.569E-4	-4.515E-2	-3.962E-4
5.467	0.124	-6.385E-4	1.628E-2	-2.114E-4	3.722E-2	4.161E-3
5.500	0.125	-6.316E-4	2.059E-2	2.953E-4	6.932E-2	9.374E-3
5.533	0.125	-6.188E-4	2.182E-2	3.793E-4	2.048E-2	-6.182E-3
5.567	0.126	-6.063E-4	2.091E-2	-6.720E-5	4.032E-2	-1.024E-2
5.600	0.127	-6.233E-4	2.459E-2	-4.396E-4	5.214E-2	7.843E-4
5.633	0.128	-6.356E-4	2.537E-2	1.371E-5	-4.400E-2	5.343E-3
5.667	0.129	-6.224E-4	2.099E-2	6.359E-5	8.047E-3	-3.506E-3
5.700	0.129	-6.314E-4	2.468E-2	-3.574E-4	0.156	-9.162E-3
5.733	0.130	-6.462E-4	3.311E-2	-5.148E-4	0.110	2.000E-3
5.767	0.131	-6.657E-4	3.233E-2	-2.755E-4	-4.887E-2	1.908E-3
5.800	0.132	-6.646E-4	2.866E-2	-2.491E-4	-4.203E-2	-2.481E-3
5.833	0.133	-6.823E-4	2.964E-2	-5.614E-4	1.872E-2	4.442E-4
5.867	0.134	-7.020E-4	3.048E-2	-2.381E-4	0.116	9.983E-3
5.900	0.135	-6.982E-4	3.609E-2	1.975E-4	0.192	8.313E-3
5.933	0.137	-6.888E-4	4.480E-2	2.880E-4	8.195E-2	-3.004E-3
5.967	0.138	-6.790E-4	4.211E-2	2.632E-5	-7.060E-3	-1.201E-2
6.000	0.140	-6.871E-4	4.180E-2	-5.473E-4	3.043E-2	-8.032E-3
6.033	0.141	-7.155E-4	4.632E-2	-5.940E-4	9.007E-2	2.554E-4
6.067	0.143	-7.267E-4	4.688E-2	-4.039E-4	2.976E-2	-5.086E-3
6.100	0.144	-7.424E-4	4.851E-2	-9.241E-4	4.729E-2	-5.275E-3
6.133	0.146	-7.883E-4	5.000E-2	-9.383E-4	8.196E-2	8.041E-3
6.167	0.148	-8.049E-4	5.368E-2	-2.355E-4	4.293E-2	4.049E-3
6.200	0.149	-8.040E-4	5.396E-2	-5.703E-4	-3.054E-2	1.214E-4
6.233	0.151	-8.430E-4	5.058E-2	-5.276E-4	-0.125	-1.926E-3
6.267	0.153	-8.392E-4	4.630E-2	-3.621E-4	-0.106	2.332E-3
6.300	0.154	-8.671E-4	4.265E-2	-6.294E-4	-5.583E-2	-1.361E-3
6.333	0.156	-8.811E-4	4.299E-2	-3.373E-4	1.348E-2	3.523E-3
6.367	0.157	-8.896E-4	4.367E-2	-3.820E-4	-5.005E-2	1.198E-3
6.400	0.159	-9.066E-4	4.018E-2	-3.316E-4	-0.117	2.101E-3
6.433	0.160	-9.117E-4	3.496E-2	-1.700E-4	-6.734E-2	3.208E-3
6.467	0.161	-9.179E-4	3.550E-2	-1.531E-4	2.223E-2	-1.714E-4
6.500	0.162	-9.219E-4	3.728E-2	-1.629E-4	5.631E-3	-2.091E-3
6.533	0.163	-9.288E-4	3.570E-2	-2.971E-4	-4.928E-2	2.711E-4
6.567	0.165	-9.417E-4	3.374E-2	-1.922E-4	-2.993E-2	-1.870E-3
6.600	0.166	-9.416E-4	3.364E-2	-3.086E-4	7.840E-4	6.856E-3
6.633	0.167	-9.623E-4	3.405E-2	5.200E-5	-7.674E-3	6.545E-6
6.667	0.168	-9.381E-4	3.313E-2	2.779E-5	-2.961E-2	-8.456E-3
6.700	0.169	-9.604E-4	3.192E-2	-7.894E-4	-5.752E-2	-7.843E-3
6.733	0.170	-9.908E-4	2.957E-2	-4.902E-4	-6.640E-2	7.350E-3
6.767	0.171	-9.931E-4	2.708E-2	-1.506E-4	-6.069E-2	5.280E-3
6.800	0.172	-1.001E-3	2.575E-2	-2.224E-4	-6.182E-2	1.956E-3
6.833	0.173	-1.008E-3	2.309E-2	-3.215E-5	-0.139	9.875E-3
6.867	0.173	-1.003E-3	1.672E-2	4.444E-4	-0.236	-6.185E-3
6.900	0.174	-9.783E-4	7.083E-3	-2.455E-4	-0.214	-1.007E-2
6.933	0.174	-1.019E-3	1.682E-3	-6.354E-4	-0.105	-2.392E-3
6.967	0.174	-1.021E-3	8.292E-4	-8.754E-5	-2.068E-2	1.162E-2
7.000	0.174	-1.025E-3	1.630E-4	1.885E-5	-7.943E-3	3.159E-3
7.033	0.174	-1.019E-3	3.455E-4	1.735E-4	4.240E-3	2.125E-3
7.067	0.174	-1.014E-3	5.220E-4	1.434E-4	-3.065E-4	-2.312E-3
7.100	0.174	-1.010E-3	3.042E-4	2.297E-5	-3.171E-3	7.997E-4
7.133	0.174	-1.012E-3	2.515E-4	1.454E-4	-3.185E-3	1.470E-3
7.167	0.174	-1.000E-3	1.776E-4	2.145E-4	-6.824E-4	1.480E-3
7.200	0.174	-9.978E-4	1.156E-4	1.605E-4	-1.810E-3	-2.937E-3
7.233	0.174	-9.895E-4	1.371E-4	8.748E-5	-4.392E-4	-2.309E-3
7.267	0.174	-9.919E-4	3.561E-5	-5.497E-5	-1.505E-3	1.261E-3
7.300	0.174	-9.931E-4	5.290E-5	1.706E-4	1.484E-3	1.920E-3
7.333	0.174	-9.806E-4	1.273E-4	1.602E-4	5.060E-4	-1.205E-3
7.367	0.174	-9.824E-4	1.145E-4	-8.086E-6	-3.034E-4	-2.526E-3
7.400	0.174	-9.811E-4	7.108E-5	3.708E-5	-1.826E-4	3.230E-5
7.433	0.174	-9.800E-4	1.206E-4	-7.840E-6	-4.236E-4	2.338E-4
7.467	0.174	-9.816E-4	5.439E-5	2.989E-5	-2.056E-3	1.064E-3
7.500	0.174	-9.780E-4	-4.047E-5	9.394E-5	-1.387E-3	1.053E-3
7.533	0.174	-9.754E-4	-3.280E-5	8.368E-5	1.601E-3	1.145E-3
7.567	0.174	-9.724E-4	6.304E-5	1.632E-4	3.105E-3	2.397E-3
7.600	0.174	-9.645E-4	1.861E-4	2.607E-4	-1.663E-4	-3.368E-3
7.633	0.174	-9.550E-4	7.707E-5	-2.170E-5	-4.146E-3	-5.485E-3
7.667	0.174	-9.659E-4	-1.340E-4	-2.119E-4	-4.715E-3	-1.123E-6
7.700	0.174	-9.691E-4	-2.253E-4	3.581E-5	4.875E-3	2.539E-3
7.733	0.174	-9.635E-4	1.320E-4	2.472E-6	5.211E-3	-1.103E-3
7.767	0.174	-9.690E-4	2.757E-4	-1.115E-4	-6.578E-4	-5.028E-4
7.800	0.174	-9.710E-4	-3.150E-5	-8.733E-7	-4.923E-3	1.930E-3
7.833	0.174	-9.690E-4	-3.997E-5	3.040E-5	1.278E-3	-3.195E-4
7.867	0.174	-9.689E-4	6.729E-5	-3.320E-5	1.126E-4	1.245E-4
7.900	0.174	-9.712E-4	-3.990E-6	1.955E-5	-2.079E-3	5.009E-4
7.933	0.174	-9.676E-4	-1.190E-4	4.050E-5	-8.775E-4	4.626E-4
7.967	0.174	-9.685E-4	-4.764E-5	1.253E-5	2.701E-3	1.193E-3
8.000	0.174	-9.668E-4	6.672E-5	1.301E-4	1.736E-3	-5.590E-4
8.033	0.174	-9.599E-4	8.264E-5	1.870E-5	-1.123E-3	-2.432E-3
8.067	0.174	-9.656E-4	-1.983E-5	-1.062E-4	-1.893E-3	-5.057E-4
8.100	0.174	-9.670E-4	-5.795E-5	2.123E-5	4.699E-4	2.945E-3
8.133	0.174	-9.641E-4	1.869E-5	9.724E-5	1.369E-3	5.267E-4
8.167	0.174	-9.605E-4	4.913E-5	5.827E-5	6.927E-5	-1.894E-3
8.200	0.174	-9.603E-4	1.074E-5	-3.902E-5	-8.694E-4	-2.480E-3
8.233	0.174	-9.631E-4	-8.786E-6	-1.093E-4	2.112E-4	2.266E-3
8.267	0.174	-9.675E-4	2.050E-5	8.087E-5	1.560E-3	2.088E-3
8.300	0.174	-9.577E-4	9.939E-5	1.199E-4	-5.630E-4	-1.186E-3
8.333	0.174	-9.595E-4	9.905E-6	-7.615E-5	-1.617E-3	-4.994E-3
8.367	0.174	-9.628E-4	-6.192E-5	-1.816E-4	-7.802E-4	-2.112E-3
8.400	0.174	-9.716E-4	-4.526E-6	-2.419E-4	4.005E-4	2.915E-3
8.433	0.174	-9.789E-4	-4.094E-5	8.299E-7	-1.565E-4	6.073E-3
8.467	0.174	-9.716E-4	-2.948E-5	2.213E-4	1.330E-3	2.241E-3
8.500	0.174	-9.641E-4	5.819E-5	1.328E-4	2.182E-3	-2.632E-3
8.533	0.174	-9.627E-4	1.201E-4	2.225E-5	-8.747E-4	-1.430E-3
8.567	0.174	-9.626E-4	1.584E-5	3.967E-5	-3.569E-3	-1.051E-3
8.600	0.174	-9.601E-4	-1.489E-4	-2.056E-5	-5.435E-3	-1.929E-3
8.633	0.174	-9.640E-4	-3.227E-4	-1.215E-4	4.367E-4	-2.992E-3
8.667	0.174	-9.682E-4	-1.888E-4	-1.970E-4	6.053E-3	2.302E-3
8.700	0.174	-9.772E-4	1.627E-4	-2.309E-5	5.637E-3	4.166E-3
8.733	0.174	-9.697E-4	1.834E-4	1.689E-4	-4.652E-4	2.424E-3
8.767	0.174	-9.659E-4	1.025E-4	9.147E-5	-4.215E-4	-1.111E-3
8.800	0.174	-9.636E-4	1.514E-4	9.224E-5	-6.465E-4	-1.964E-3
8.833	0.174	-9.597E-4	9.668E-5	-1.083E-5	-4.443E-3	-3.022E-3
8.867	0.174	-9.644E-4	-1.670E-4	-1.478E-4	-3.411E-3	-1.644E-4
8.900	0.174	-9.696E-4	-1.749E-4	-2.514E-5	1.136E-3	1.090E-3
8.933	0.174	-9.660E-4	-3.210E-5	-1.818E-5	4.141E-3	1.335E-3
8.967	0.174	-9.708E-4	6.940E-5	-9.841E-6	9.586E-4	-3.875E-4
9.000	0.174	-9.667E-4	7.183E-5	2.597E-5	-7.148E-4	1.609E-3
9.033	0.174	-9.691E-4	-1.909E-5	3.519E-5	-3.341E-3	-1.090E-3
9.067	0.174	-9.643E-4	-1.217E-4	1.586E-5	2.858E-3	6.633E-4
9.100	0.174	-9.680E-4	9.497E-5	1.076E-5	2.996E-4	-1.701E-3
9.133	0.174	-9.636E-4	5.675E-5	-2.277E-5	4.038E-4	2.422E-3
9.167	0.174	-9.695E-4	-6.161E-5	7.473E-5	-8.193E-4	-8.269E-4
9.200	0.174	-9.586E-4	1.299E-4	5.508E-5	1.180E-3	7.157E-4
9.233	0.174	-9.659E-4	-1.797E-5	-1.943E-5	-2.174E-3	-2.990E-3
9.267	0.174	-9.599E-4	-4.563E-5	-2.065E-5	-8.828E-4	2.687E-4
9.300	0.174	-9.672E-4	-3.455E-5	-1.030E-4	4.635E-4	-7.296E-4
9.333	0.174	-9.668E-4	-4.797E-5	-5.134E-6	6.173E-4	1.364E-4
9.367	0.174	-9.676E-4	2.413E-5	-1.042E-4	6.982E-4	-6.353E-4
9.400	0.174	-9.738E-4	6.142E-6	-8.260E-5	-9.913E-4	6.141E-4
9.433	0.174	-9.731E-4	-5.607E-5	-1.717E-5	4.599E-4	3.288E-3
9.467	0.174	-9.749E-4	2.424E-5	9.068E-5	6.798E-4	2.113E-3
9.500	0.174	-9.670E-4	3.247E-5	1.785E-4	1.192E-3	2.289E-3
9.533	0.174	-9.630E-4	4.902E-5	1.957E-4	-5.473E-4	-4.379E-3
9.567	0.174	-9.540E-4	5.359E-5	-3.981E-5	-1.544E-4	-4.023E-3
9.600	0.174	-9.656E-4	-1.074E-5	-1.938E-4	-8.840E-4	9.856E-4
9.633	0.174	-9.669E-4	2.061E-5	9.551E-5	1.329E-4	4.760E-3
9.667	0.174	-9.593E-4	-5.904E-6	1.507E-4	-3.692E-4	-1.750E-3
9.700	0.174	-9.569E-4	-1.127E-5	-4.581E-5	2.161E-3	-2.149E-3
9.733	0.174	-9.623E-4	1.278E-4	-3.366E-5	3.259E-3	3.912E-3
9.767	0.174	-9.591E-4	2.407E-4	2.474E-4	1.166E-3	3.399E-3
9.800	0.174	-9.458E-4	1.904E-4	2.401E-4	-3.341E-3	-7.059E-3
9.833	0.174	-9.431E-4	2.612E-5	-2.435E-4	-3.478E-3	-4.108E-3
9.867	0.174	-9.621E-4	-7.491E-5	-1.622E-4	-1.255E-3	2.045E-3
9.900	0.174	-9.539E-4	-3.517E-5	7.911E-5	-5.872E-4	1.216E-3
9.933	0.174	-9.568E-4	-1.012E-4	-1.740E-4	-3.591E-4	4.225E-4
9.967	0.174	-9.655E-4	-9.711E-5	5.991E-5	1.475E-3	2.899E-3
10.000	0.174	-9.528E-4	2.789E-5	1.559E-4	-8.809E-4	1.328E-3
10.033	0.174	-9.551E-4	-1.290E-4	2.461E-5	-8.041E-4	-3.787E-3
10.067	0.174	-9.512E-4	-1.169E-4	-1.789E-5	3.568E-4	1.027E-2
10.100	0.174	-9.563E-4	-4.240E-6	5.551E-4		
10.133	0.174	-9.142E-4				
