	mass A						
t	x	y	vx	vy	ax	ay	
0.000	0.140	8.056E-4				
0.033	0.140	8.110E-4	5.306E-4	6.785E-5		
0.067	0.140	8.101E-4	-4.439E-5	-8.897E-5	-1.219E-2	-3.791E-3
0.100	0.140	8.050E-4	-1.871E-4	-1.845E-4	-1.880E-3	-1.001E-4
0.133	0.140	7.978E-4	-2.189E-4	-1.114E-4	-8.105E-5	2.148E-3
0.167	0.140	7.976E-4	-1.429E-4	-6.031E-6	2.021E-3	3.513E-3
0.200	0.140	7.974E-4	-1.119E-4	9.313E-5	8.381E-4	1.294E-3
0.233	0.140	8.038E-4	-6.758E-5	1.195E-4	4.635E-4	-1.744E-3
0.267	0.140	8.053E-4	-8.918E-5	-4.546E-5	-4.859E-4	-4.371E-3
0.300	0.140	8.008E-4	-1.024E-4	-1.812E-4	1.820E-3	4.490E-4
0.333	0.140	7.933E-4	1.687E-5	-4.149E-5	1.877E-3	2.144E-3
0.367	0.140	7.980E-4	6.685E-5	3.597E-5	4.405E-4	2.339E-4
0.400	0.140	7.957E-4	7.792E-6	-8.117E-5	-2.156E-3	-4.663E-4
0.433	0.140	7.926E-4	-5.366E-5	3.519E-6	-1.349E-3	1.238E-3
0.467	0.140	7.959E-4	-1.069E-4	3.867E-5	-7.134E-4	9.460E-4
0.500	0.140	7.952E-4	-8.592E-5	2.868E-5	2.123E-3	-2.217E-3
0.533	0.140	7.978E-4	1.811E-5	-6.561E-5	2.540E-3	9.970E-4
0.567	0.140	7.908E-4	1.131E-4	1.467E-5	-4.320E-4	3.124E-3
0.600	0.140	7.988E-4	-1.046E-5	2.290E-4	-1.634E-3	1.556E-3
0.633	0.140	8.061E-4	-4.059E-5	1.003E-4	4.099E-4	-3.144E-3
0.667	0.140	8.055E-4	5.681E-5	-1.362E-5	-9.807E-4	-2.721E-3
0.700	0.140	8.052E-4	-9.246E-5	-5.625E-5	-2.852E-3	1.985E-4
0.733	0.140	8.017E-4	-1.895E-4	-2.557E-5	2.505E-5	2.638E-3
0.767	0.140	8.035E-4	-5.956E-5	1.365E-4	2.869E-3	-1.838E-4
0.800	0.140	8.108E-4	1.139E-5	5.864E-6	-1.731E-3	-6.115E-3
0.833	0.140	8.039E-4	-1.586E-4	-3.277E-4	-4.736E-3	-2.142E-4
0.867	0.140	7.890E-4	-3.518E-4	-6.595E-5	-8.299E-4	4.686E-3
0.900	0.140	7.995E-4	-2.167E-4	1.358E-4	2.017E-3	3.972E-3
0.933	0.140	7.980E-4	-1.569E-4	7.644E-5	2.398E-3	-1.695E-3
0.967	0.140	8.045E-4	-1.242E-4	9.656E-5	-9.159E-5	-8.147E-4
1.000	0.140	8.045E-4	-9.854E-5	-2.065E-5	1.567E-3	-4.232E-3
1.033	0.140	8.032E-4	-8.367E-5	-1.593E-4	-4.903E-3	-2.065E-3
1.067	0.140	7.938E-4	-3.261E-4	-2.014E-4	-3.377E-3	3.020E-3
1.100	0.140	7.897E-4	-4.603E-4	5.608E-5	-4.321E-3	3.367E-3
1.133	0.140	7.976E-4	-4.656E-4	8.448E-5	3.728E-3	-1.102E-3
1.167	0.140	7.954E-4	-3.581E-4	-8.349E-5	3.960E-3	-3.142E-3
1.200	0.140	7.920E-4	-6.562E-5	-1.075E-4	1.327E-3	-1.918E-3
1.233	0.140	7.882E-4	-3.035E-4	-1.986E-4	2.778E-3	1.220E-4
1.267	0.140	7.788E-4	3.057E-7	-1.427E-4	9.707E-3	5.073E-3
1.300	0.140	7.787E-4	5.108E-4	1.676E-4	7.544E-3	6.211E-3
1.333	0.140	7.899E-4	4.476E-4	3.045E-4	-1.621E-3	-4.767E-4
1.367	0.140	7.990E-4	3.774E-4	1.234E-4	-4.762E-3	-5.287E-3
1.400	0.140	7.982E-4	1.735E-4	-7.813E-5	-2.754E-3	-1.341E-3
1.433	0.140	7.938E-4	1.111E-4	1.856E-5	-3.211E-4	6.041E-5
1.467	0.140	7.994E-4	2.292E-4	3.151E-7	2.045E-3	-2.949E-3
1.500	0.140	7.938E-4	2.150E-4	-2.375E-4	-1.828E-3	-1.927E-3
1.533	0.140	7.836E-4	1.309E-4	-1.470E-4	-2.440E-3	-3.540E-3
1.567	0.140	7.840E-4	2.234E-5	-3.639E-4	1.092E-3	-3.606E-4
1.600	0.140	7.593E-4	1.906E-4	-3.566E-4	3.009E-3	3.090E-3
1.633	0.140	7.602E-4	2.859E-4	8.608E-6	8.737E-4	-1.797E-3
1.667	0.140	7.599E-4	2.012E-4	-4.711E-4	-4.006E-3	-3.386E-3
1.700	0.140	7.288E-4	5.030E-5	-4.191E-4	-8.521E-4	4.726E-3
1.733	0.140	7.319E-4	7.797E-5	6.081E-5	7.888E-3	7.694E-3
1.767	0.140	7.329E-4	5.977E-4	1.348E-5	1.762E-2	7.613E-4
1.800	0.140	7.328E-4	1.279E-3	9.777E-5	-1.519E-3	2.180E-3
1.833	0.140	7.394E-4	6.770E-4	1.903E-4	-1.818E-2	1.827E-3
1.867	0.140	7.455E-4	-2.505E-4	2.010E-4	-1.784E-2	-1.077E-3
1.900	0.140	7.528E-4	-3.585E-4	1.362E-4	-2.414E-3	-2.405E-3
1.933	0.140	7.546E-4	-4.503E-4	1.959E-5	-8.227E-5	-5.015E-3
1.967	0.140	7.541E-4	-3.502E-4	-1.736E-4	-9.303E-4	-1.800E-4
2.000	0.140	7.430E-4	-4.676E-4	-7.033E-5	-1.848E-3	4.043E-3
2.033	0.140	7.494E-4	-5.536E-4	1.933E-4	1.126E-3	3.184E-3
2.067	0.140	7.559E-4	-3.493E-4	1.162E-4	2.698E-3	-3.602E-3
2.100	0.140	7.572E-4	-3.467E-4	-5.614E-5	1.027E-4	-3.037E-3
2.133	0.140	7.522E-4	-3.915E-4	-1.077E-4	-1.978E-3	-2.238E-3
2.167	0.140	7.500E-4	-4.362E-4	-1.657E-4	4.375E-4	-1.626E-4
2.200	0.140	7.411E-4	-4.142E-4	-1.672E-4	3.524E-3	5.864E-3
2.233	0.140	7.388E-4	-1.715E-4	2.256E-4	1.121E-2	8.009E-3
2.267	0.140	7.562E-4	3.016E-4	4.472E-4	1.258E-2	2.604E-3
2.300	0.140	7.687E-4	7.368E-4	3.411E-4	5.389E-3	-2.728E-3
2.333	0.140	7.789E-4	6.592E-4	2.714E-4	-4.711E-3	-3.570E-3
2.367	0.140	7.867E-4	3.800E-4	1.147E-4	-6.923E-3	-3.321E-3
2.400	0.140	7.866E-4	1.977E-4	1.748E-5	-6.115E-3	-1.937E-3
2.433	0.140	7.879E-4	-1.023E-5	1.323E-5	-3.534E-3	-4.332E-5
2.467	0.140	7.874E-4	-7.891E-5	1.272E-6	1.471E-4	-6.328E-4
2.500	0.140	7.880E-4	3.445E-5	-1.598E-5	1.682E-3	-7.424E-4
2.533	0.140	7.864E-4	3.977E-5	-5.836E-5	4.769E-4	-8.641E-4
2.567	0.140	7.841E-4	4.435E-5	-7.125E-5	-2.297E-3	-9.066E-4
2.600	0.140	7.816E-4	-7.400E-5	-1.128E-4	-2.431E-3	-1.952E-4
2.633	0.140	7.766E-4	-1.769E-4	-1.018E-4	-4.616E-4	1.614E-3
2.667	0.140	7.748E-4	-7.298E-5	6.043E-6	1.816E-3	1.421E-3
2.700	0.140	7.770E-4	-4.695E-5	1.027E-5	5.313E-5	-2.417E-3
2.733	0.140	7.755E-4	-8.085E-5	-1.621E-4	-3.458E-4	-1.304E-3
2.767	0.140	7.662E-4	-7.310E-5	-1.248E-4	1.922E-5	2.046E-3
2.800	0.140	7.672E-4	-6.988E-5	3.492E-5	-3.234E-4	1.142E-3
2.833	0.140	7.685E-4	-1.002E-4	-5.598E-5	-6.800E-4	-1.750E-3
2.867	0.140	7.635E-4	-1.165E-4	-1.149E-4	1.264E-3	9.632E-4
2.900	0.140	7.608E-4	-2.770E-5	1.845E-5	2.848E-3	2.925E-3
2.933	0.140	7.647E-4	9.524E-5	1.042E-4	1.335E-3	3.000E-4
2.967	0.140	7.678E-4	6.606E-5	3.040E-5	-6.168E-4	-7.297E-4
3.000	0.140	7.667E-4	2.880E-5	3.027E-5	-1.373E-3	1.967E-3
3.033	0.140	7.698E-4	-2.197E-6	1.764E-4	8.871E-4	1.656E-3
3.067	0.140	7.785E-4	5.321E-5	1.687E-4	1.922E-3	1.662E-3
3.100	0.140	7.811E-4	1.650E-4	2.277E-4	-3.868E-4	-1.826E-3
3.133	0.140	7.937E-4	3.148E-5	1.373E-4	-4.168E-3	-4.922E-3
3.167	0.140	7.902E-4	-1.457E-4	-1.798E-4	-5.458E-3	-6.670E-3
3.200	0.140	7.817E-4	-3.079E-4	-2.900E-4	-3.639E-3	-8.516E-4
3.233	0.140	7.709E-4	-4.181E-4	-2.464E-4	2.093E-4	5.058E-3
3.267	0.140	7.652E-4	-2.907E-4	4.377E-5	8.443E-3	8.274E-3
3.300	0.140	7.738E-4	1.331E-4	3.426E-4	7.355E-3	3.344E-4
3.333	0.140	7.881E-4	2.915E-4	1.064E-4	3.214E-3	-2.891E-3
3.367	0.140	7.809E-4	2.466E-4	1.277E-5	-2.016E-3	-1.230E-3
3.400	0.140	7.889E-4	2.254E-4	1.491E-4	6.945E-4	3.028E-3
3.433	0.140	7.908E-4	2.250E-4	1.431E-4	-2.761E-3	-2.462E-3
3.467	0.140	7.985E-4	1.262E-4	4.876E-5	4.874E-3	2.624E-3
3.500	0.140	7.941E-4	3.981E-4	2.057E-4	1.112E-3	2.900E-3
3.533	0.140	8.122E-4	4.382E-4	3.869E-4	2.710E-4	-7.460E-4
3.567	0.140	8.199E-4	1.868E-4	8.383E-5	-6.889E-3	-4.928E-3
3.600	0.140	8.178E-4	1.378E-4	2.628E-5	-1.277E-3	-9.216E-5
3.633	0.140	8.216E-4	-1.358E-5	1.228E-4	-2.374E-3	3.296E-4
3.667	0.140	8.260E-4	4.954E-5	4.940E-5	4.118E-3	-4.078E-3
3.700	0.140	8.249E-4	2.079E-4	-1.557E-4	-4.332E-4	-2.599E-3
3.733	0.140	8.156E-4	1.222E-4	-1.641E-4	-9.149E-4	1.191E-3
3.767	0.140	8.140E-4	1.379E-5	-2.846E-5	1.443E-2	4.343E-3
3.800	0.140	8.137E-4	1.050E-3	9.940E-5	7.028E-2	8.229E-4
3.833	0.140	8.206E-4	4.545E-3	7.335E-5	0.142	-4.304E-3
3.867	0.141	8.186E-4	1.064E-2	-2.185E-4	0.115	7.574E-5
3.900	0.141	8.060E-4	1.296E-2	-1.338E-6	5.415E-2	-8.066E-4
3.933	0.141	8.185E-4	1.323E-2	-7.787E-5	3.665E-2	-9.584E-4
3.967	0.142	8.008E-4	1.581E-2	-2.832E-4	2.935E-2	9.088E-3
4.000	0.142	7.996E-4	1.552E-2	5.756E-4	2.704E-2	1.330E-2
4.033	0.143	8.392E-4	1.666E-2	7.989E-4	8.892E-3	-6.811E-3
4.067	0.144	8.529E-4	1.734E-2	-1.614E-5	-5.068E-3	-1.465E-2
4.100	0.144	8.381E-4	1.541E-2	-2.687E-4	-1.358E-2	-4.374E-3
4.133	0.145	8.350E-4	1.654E-2	-1.844E-4	0.105	7.498E-3
4.167	0.145	8.258E-4	2.210E-2	1.240E-4	8.261E-2	1.272E-2
4.200	0.146	8.432E-4	2.357E-2	7.567E-4	-2.193E-2	-1.278E-3
4.233	0.147	8.763E-4	1.934E-2	1.669E-4	3.553E-2	-5.448E-3
4.267	0.147	8.544E-4	2.500E-2	2.655E-5	8.766E-3	-7.919E-3
4.300	0.148	8.781E-4	2.332E-2	4.718E-5	-5.323E-2	2.115E-3
4.333	0.149	8.575E-4	1.759E-2	-1.820E-4	7.006E-2	-1.050E-2
4.367	0.150	8.659E-4	2.885E-2	-3.482E-4	0.144	5.816E-3
4.400	0.151	8.343E-4	3.019E-2	-1.431E-4	-2.742E-2	-1.953E-3
4.433	0.152	8.564E-4	2.374E-2	-5.915E-5	-3.648E-2	6.330E-3
4.467	0.152	8.304E-4	2.835E-2	-1.349E-4	0.137	-3.933E-3
4.500	0.154	8.474E-4	3.375E-2	3.456E-5	9.283E-2	-2.450E-3
4.533	0.155	8.327E-4	3.444E-2	-5.162E-4	9.655E-2	-4.319E-3
4.567	0.156	8.130E-4	3.905E-2	-2.544E-4	8.066E-2	1.178E-2
4.600	0.157	8.157E-4	4.178E-2	3.386E-4	-6.675E-2	-9.182E-4
4.633	0.159	8.356E-4	3.389E-2	-1.793E-4	-4.428E-2	4.015E-4
4.667	0.160	8.037E-4	3.652E-2	-2.555E-5	0.141	-7.478E-3
4.700	0.161	8.339E-4	4.611E-2	-1.510E-4	0.184	-1.238E-4
4.733	0.163	7.937E-4	4.807E-2	-5.600E-4	8.682E-2	-9.596E-3
4.767	0.164	7.965E-4	5.136E-2	-3.880E-4	-5.636E-3	2.447E-3
4.800	0.166	7.678E-4	4.921E-2	-6.540E-4	9.615E-3	-8.262E-4
4.833	0.168	7.529E-4	4.938E-2	-3.325E-4	4.016E-2	4.969E-3
4.867	0.169	7.456E-4	5.417E-2	-3.072E-4	3.837E-2	-7.710E-3
4.900	0.171	7.324E-4	5.139E-2	-8.266E-4	-8.551E-2	-2.678E-3
4.933	0.173	6.905E-4	4.802E-2	-6.787E-4	-9.886E-2	8.360E-3
4.967	0.174	6.872E-4	4.510E-2	-4.964E-5	-7.785E-2	1.582E-2
5.000	0.176	6.872E-4	4.255E-2	2.693E-4	-9.690E-2	5.920E-3
5.033	0.177	7.051E-4	3.911E-2	4.299E-4	-0.100	-3.095E-3
5.067	0.178	7.159E-4	3.533E-2	3.486E-5	-5.382E-2	-5.950E-3
5.100	0.180	7.075E-4	3.546E-2	-6.080E-5	2.532E-2	-1.447E-2
5.133	0.181	7.118E-4	3.738E-2	-7.132E-4	6.339E-2	1.614E-3
5.167	0.182	6.599E-4	3.955E-2	-3.886E-4	4.080E-4	7.982E-3
5.200	0.183	6.859E-4	3.810E-2	3.367E-4	-6.475E-2	3.998E-3
5.233	0.185	6.824E-4	3.435E-2	-3.770E-4	-6.802E-2	-1.006E-2
5.267	0.186	6.608E-4	3.367E-2	-3.852E-4	-1.126E-2	1.122E-2
5.300	0.187	6.567E-4	3.381E-2	4.085E-4	-9.813E-4	1.020E-2
5.333	0.188	6.880E-4	3.357E-2	4.755E-4	-2.559E-2	5.196E-3
5.367	0.189	6.884E-4	3.225E-2	4.793E-4	-6.410E-2	-8.674E-3
5.400	0.190	7.200E-4	2.924E-2	2.037E-4	-8.675E-2	-7.377E-3
5.433	0.191	7.020E-4	2.627E-2	-3.230E-4	-0.124	-1.111E-2
5.467	0.192	6.984E-4	2.142E-2	-3.355E-4	-0.175	4.329E-3
5.500	0.192	6.796E-4	1.421E-2	-1.853E-4	-0.197	-3.735E-3
5.533	0.193	6.861E-4	8.149E-3	-3.634E-4	-0.159	3.519E-3
5.567	0.193	6.554E-4	3.679E-3	-2.590E-4	-0.109	6.073E-3
5.600	0.193	6.688E-4	8.246E-4	3.220E-4	-6.092E-2	6.001E-3
5.633	0.193	6.769E-4	-3.420E-4	5.043E-5	-1.674E-2	-5.365E-3
5.667	0.193	6.722E-4	-2.677E-4	-8.608E-5	-2.758E-3	-5.196E-3
5.700	0.193	6.711E-4	-3.498E-4	-2.257E-4	-5.774E-4	7.086E-4
5.733	0.193	6.571E-4	-4.955E-4	-1.415E-4	1.120E-3	4.587E-3
5.767	0.193	6.617E-4	-1.632E-4	1.807E-4	6.992E-3	3.072E-3
5.800	0.193	6.692E-4	-4.279E-5	5.994E-5	1.574E-3	-3.197E-3
5.833	0.193	6.657E-4	-5.605E-5	-8.841E-5	9.241E-5	-1.505E-3
5.867	0.193	6.633E-4	-5.939E-5	-1.943E-5	5.044E-4	2.150E-3
5.900	0.193	6.644E-4	-6.306E-6	6.304E-5	7.590E-4	-7.031E-4
5.933	0.193	6.675E-4	-8.894E-6	-4.526E-5	-8.574E-4	4.591E-5
5.967	0.193	6.614E-4	-6.383E-5	-3.612E-6	3.985E-4	2.501E-3
6.000	0.193	6.673E-4	-5.603E-6	1.908E-4	2.375E-3	4.845E-3
6.033	0.193	6.741E-4	1.238E-4	2.860E-4	2.205E-3	-2.337E-3
6.067	0.193	6.863E-4	1.386E-4	9.505E-5	-2.195E-3	-5.836E-3
6.100	0.193	6.804E-4	-1.246E-5	-1.904E-4	-1.148E-3	-1.456E-3
6.133	0.193	6.736E-4	4.355E-6	3.432E-6	1.547E-3	4.226E-3
6.167	0.193	6.806E-4	1.535E-4	1.597E-4	2.109E-3	1.628E-3
6.200	0.193	6.843E-4	1.262E-4	7.289E-5	-2.351E-3	-4.638E-4
6.233	0.193	6.855E-4	3.922E-6	1.147E-4	-2.271E-3	-5.291E-5
6.267	0.193	6.919E-4	-5.491E-5	1.086E-4	1.988E-4	-1.555E-4
6.300	0.193	6.927E-4	3.476E-5	6.378E-5	4.155E-3	-5.762E-4
6.333	0.193	6.962E-4	2.131E-4	9.447E-5	-1.601E-3	8.587E-4
6.367	0.193	6.990E-4	4.902E-6	1.098E-4	-3.746E-3	-3.458E-3
6.400	0.193	7.035E-4	-1.731E-4	-9.549E-5	-5.179E-4	-4.007E-3
6.433	0.193	6.927E-4	5.332E-5	-2.384E-4	4.872E-3	1.558E-3
6.467	0.193	6.876E-4	1.457E-4	3.830E-5	-9.151E-4	2.182E-3
6.500	0.193	6.952E-4	1.156E-5	-1.572E-5	-3.881E-3	-8.429E-4
6.533	0.193	6.865E-4	-1.594E-4	-1.333E-4	-1.019E-3	1.320E-3
6.567	0.193	6.863E-4	-5.467E-5	1.249E-4	2.572E-3	3.825E-3
6.600	0.193	6.949E-4	4.980E-5	1.553E-4	1.335E-3	6.711E-4
6.633	0.193	6.967E-4	1.629E-5	1.138E-4	-3.695E-4	-1.606E-3
6.667	0.193	7.025E-4	1.839E-5	9.116E-5	1.200E-3	-1.314E-3
6.700	0.193	7.028E-4	9.722E-5	-3.684E-6	-5.968E-4	-2.689E-3
6.733	0.193	7.022E-4	1.208E-5	-7.232E-5	-1.985E-3	-1.013E-3
6.767	0.193	6.980E-4	-8.966E-5	-9.051E-5	-4.867E-4	-4.671E-4
6.800	0.193	6.962E-4	3.892E-6	-8.094E-5	7.507E-4	4.573E-3
6.833	0.193	6.926E-4	-1.930E-5	1.624E-4	1.028E-3	2.359E-3
6.867	0.193	7.070E-4	2.571E-5	1.922E-4	-1.645E-3	-1.908E-3
6.900	0.193	7.054E-4	-5.460E-5	-6.950E-5	-1.344E-3	-5.802E-3
6.933	0.193	7.024E-4	-1.535E-4	-1.565E-4	-8.752E-5	1.669E-3
6.967	0.193	6.949E-4	-8.342E-6	-5.397E-6	4.657E-3	2.378E-3
7.000	0.193	7.020E-4	1.394E-4	9.106E-5	6.303E-4	-5.960E-4
7.033	0.193	7.010E-4	8.105E-5	-1.008E-4	-8.335E-4	-2.378E-3
7.067	0.193	6.953E-4	8.961E-6	-8.295E-5	-1.047E-3	1.198E-3
7.100	0.193	6.955E-4	6.568E-5	1.332E-5	-1.065E-3	1.176E-3
7.133	0.193	6.962E-4	-7.051E-5	-1.045E-5	-1.858E-3	3.787E-4
7.167	0.193	6.948E-4	-9.346E-5	1.961E-5	1.340E-3	7.088E-4
7.200	0.193	6.975E-4	4.689E-5	6.174E-5	2.983E-3	9.642E-4
7.233	0.193	6.989E-4	1.115E-4	6.608E-5	7.374E-4	-5.579E-4
7.267	0.193	7.019E-4	9.129E-5	4.114E-5	-2.368E-3	3.372E-4
7.300	0.193	7.016E-4	-3.815E-5	6.134E-5	-1.815E-3	-1.643E-3
7.333	0.193	7.060E-4	-6.780E-5	-2.017E-5	8.213E-4	-2.293E-3
7.367	0.193	7.003E-4	4.817E-5	-1.477E-4	2.164E-3	2.071E-5
7.400	0.193	6.961E-4	7.799E-5	-7.442E-6	-6.077E-4	2.661E-3
7.433	0.193	6.998E-4	8.056E-6	6.618E-5	-2.735E-3	-2.626E-4
7.467	0.193	7.006E-4	-1.118E-4	-4.454E-5	-1.844E-3	-4.472E-3
7.500	0.193	6.968E-4	-1.292E-4	-2.283E-4	7.988E-4	3.023E-4
7.533	0.193	6.853E-4	-4.427E-5	-8.521E-5	2.469E-3	4.639E-3
7.567	0.193	6.912E-4	3.632E-5	1.721E-4	2.046E-3	3.189E-3
7.600	0.193	6.968E-4	9.392E-5	9.966E-5	7.775E-4	-1.345E-3
7.633	0.193	6.978E-4	9.165E-5	5.863E-5	-9.898E-4	-1.977E-3
7.667	0.193	7.007E-4	2.507E-5	-1.127E-6	-9.622E-4	-7.447E-4
7.700	0.193	6.977E-4	1.334E-5	-2.924E-5	-2.011E-3	-1.356E-3
7.733	0.193	6.988E-4	-7.593E-5	-4.985E-5	5.622E-4	2.590E-3
7.767	0.193	6.944E-4	-1.481E-5	8.116E-5	3.437E-3	2.490E-3
7.800	0.193	7.042E-4	2.161E-4	2.016E-4	-1.810E-3	-3.873E-3
7.833	0.193	7.078E-4	-9.648E-5	-1.907E-4	-4.756E-3	-3.350E-3
7.867	0.193	6.915E-4	-2.416E-4	-1.440E-4	1.613E-3	5.715E-4
7.900	0.193	6.982E-4	1.053E-4	1.613E-5	1.572E-3	1.584E-3
7.933	0.193	6.925E-4	-8.416E-5	-1.451E-4	-9.951E-4	2.678E-3
7.967	0.193	6.886E-4	-1.133E-4	1.852E-4	-7.404E-5	5.213E-3
8.000	0.193	7.049E-4	5.744E-5	3.113E-4	2.512E-3	-1.599E-3
8.033	0.193	7.093E-4	-2.733E-5	2.702E-6	-5.443E-4	-6.069E-3
8.067	0.193	7.051E-4	4.388E-5	-1.078E-4	1.128E-3	-2.566E-3
8.100	0.193	7.021E-4	5.588E-5	-1.371E-4	3.626E-4	7.604E-4
8.133	0.193	6.959E-4	5.362E-5	-8.796E-5	-2.462E-3	6.544E-5
8.167	0.193	6.963E-4	-7.747E-5	-8.420E-5	-1.060E-4	1.854E-3
8.200	0.193	6.903E-4	-2.839E-5	-2.708E-5	7.596E-4	2.339E-3
8.233	0.193	6.945E-4	6.721E-5	1.281E-4	1.706E-3	4.897E-3
8.267	0.193	6.989E-4	1.858E-5	2.603E-4	-2.152E-4	-2.773E-3
8.300	0.193	7.118E-4	8.291E-5	3.066E-5	-3.307E-4	-1.308E-3
8.333	0.193	7.009E-4	3.204E-6	4.829E-6	-2.706E-3	-2.816E-3
8.367	0.193	7.121E-4	-1.187E-4	3.271E-5	-6.897E-4	-4.621E-4
8.400	0.193	7.031E-4	-5.422E-5	-1.745E-4	2.681E-3	-1.214E-3
8.433	0.193	7.005E-4	8.710E-5	1.066E-5	2.219E-3	4.415E-3
8.467	0.193	7.038E-4	9.644E-5	1.269E-4	3.378E-4	6.382E-5
8.500	0.193	7.090E-4	9.025E-5	2.867E-5	-8.841E-4	-1.558E-3
8.533	0.193	7.057E-4	5.833E-5	-2.742E-5	-1.702E-3	-8.069E-4
8.567	0.193	7.071E-4	-3.845E-5	1.694E-5	1.745E-5	2.526E-3
8.600	0.193	7.068E-4	4.038E-5	1.068E-4	1.932E-3	1.029E-3
8.633	0.193	7.143E-4	1.326E-4	1.350E-4	7.775E-4	-1.787E-3
8.667	0.193	7.158E-4	7.348E-5	-4.143E-5	-1.956E-3	-2.786E-3
8.700	0.193	7.115E-4	1.177E-6	-7.175E-5	-3.892E-3	2.406E-3
8.733	0.193	7.110E-4	-1.724E-4	1.280E-4		
8.767	0.193	7.200E-4				
