	mass A						
t	x	y	vx	vy	ax	ay	
0.000	0.152	2.549E-4				
0.033	0.152	2.521E-4	1.572E-4	4.958E-7		
0.067	0.152	2.550E-4	3.183E-4	-3.068E-5	-1.107E-3	-2.208E-3
0.100	0.152	2.500E-4	1.380E-4	-1.868E-4	-5.868E-3	-1.483E-3
0.133	0.152	2.425E-4	-1.595E-4	-1.368E-4	-5.337E-3	2.915E-3
0.167	0.152	2.409E-4	-1.865E-4	2.778E-5	-2.640E-4	3.069E-3
0.200	0.152	2.444E-4	-1.752E-4	7.991E-5	-2.991E-5	-3.342E-4
0.233	0.152	2.463E-4	-1.823E-4	-3.309E-6	-1.105E-3	-1.134E-3
0.267	0.152	2.441E-4	-2.492E-4	-1.625E-5	3.427E-3	1.964E-3
0.300	0.152	2.452E-4	-6.337E-6	1.348E-4	3.969E-3	1.968E-3
0.333	0.152	2.531E-4	1.276E-4	1.506E-4	1.608E-3	1.304E-3
0.367	0.152	2.552E-4	9.124E-6	1.668E-4	-1.401E-3	-3.505E-5
0.400	0.152	2.643E-4	6.497E-5	2.007E-4	1.801E-3	-8.938E-4
0.433	0.152	2.686E-4	1.231E-4	7.940E-5	-8.969E-4	-3.508E-3
0.467	0.152	2.695E-4	3.284E-5	-2.932E-5	-2.618E-3	-2.138E-3
0.500	0.152	2.666E-4	-9.493E-5	-7.424E-5	-3.890E-3	-5.756E-4
0.533	0.152	2.646E-4	-1.926E-4	-5.643E-5	3.285E-3	1.473E-3
0.567	0.152	2.629E-4	4.644E-5	1.409E-5	2.646E-3	4.679E-3
0.600	0.152	2.655E-4	1.315E-4	2.493E-4	1.819E-4	6.271E-4
0.633	0.152	2.795E-4	-7.022E-5	1.355E-4	-1.247E-3	-4.573E-3
0.667	0.152	2.746E-4	8.516E-5	-1.591E-4	7.038E-4	-6.316E-3
0.700	0.152	2.689E-4	2.212E-5	-2.385E-4	-2.123E-3	1.690E-3
0.733	0.152	2.587E-4	-1.215E-4	-9.470E-5	-1.251E-3	3.167E-3
0.767	0.152	2.626E-4	-3.985E-5	5.227E-5	3.792E-3	1.819E-3
0.800	0.152	2.622E-4	1.295E-4	-2.113E-5	3.710E-3	3.992E-4
0.833	0.152	2.612E-4	2.315E-4	7.142E-5	1.114E-2	9.860E-4
0.867	0.152	2.669E-4	7.755E-4	8.680E-5	7.120E-3	-1.457E-3
0.900	0.152	2.670E-4	9.227E-4	-5.629E-5	8.224E-4	-2.268E-3
0.933	0.152	2.632E-4	6.212E-4	-7.434E-5	-8.724E-3	2.478E-3
0.967	0.152	2.620E-4	4.654E-4	1.081E-4	-1.127E-2	1.294E-3
1.000	0.152	2.704E-4	-1.660E-4	7.256E-5	-1.313E-2	-3.006E-3
1.033	0.152	2.668E-4	-4.867E-4	-1.565E-4	-5.591E-3	-2.858E-3
1.067	0.152	2.599E-4	-4.663E-4	-1.195E-4	4.712E-3	2.115E-3
1.100	0.152	2.589E-4	-2.275E-4	1.076E-5	3.453E-3	1.564E-3
1.133	0.152	2.607E-4	-1.298E-4	-6.967E-6	-2.526E-3	3.263E-4
1.167	0.152	2.584E-4	-4.610E-4	-3.836E-7	-2.095E-3	1.487E-3
1.200	0.152	2.606E-4	-3.315E-4	1.132E-4	4.512E-3	-7.201E-5
1.233	0.152	2.660E-4	-5.363E-5	1.875E-5	-1.666E-3	-1.040E-3
1.267	0.152	2.619E-4	-4.339E-4	-1.800E-5	-4.462E-3	-2.811E-3
1.300	0.152	2.648E-4	-4.988E-4	-9.302E-5	3.491E-3	-1.551E-3
1.333	0.152	2.557E-4	-7.784E-5	-1.982E-4	7.232E-4	2.023E-3
1.367	0.152	2.515E-4	-3.986E-4	6.215E-5	-8.714E-3	2.037E-3
1.400	0.152	2.598E-4	-8.046E-4	1.367E-5	-5.754E-3	2.000E-3
1.433	0.152	2.525E-4	-7.188E-4	6.156E-5	-4.398E-3	-1.528E-3
1.467	0.152	2.639E-4	-1.034E-3	6.574E-5	-1.329E-3	-2.372E-3
1.500	0.152	2.568E-4	-9.812E-4	-2.159E-4	-2.308E-3	-1.483E-3
1.533	0.152	2.495E-4	-9.572E-4	-2.246E-5	5.059E-3	5.266E-3
1.567	0.152	2.553E-4	-8.852E-4	1.897E-4	5.803E-3	-4.452E-4
1.600	0.152	2.622E-4	-3.836E-4	-4.078E-5	7.597E-3	-4.758E-3
1.633	0.152	2.526E-4	-4.263E-4	-2.107E-4	2.892E-3	-1.054E-3
1.667	0.152	2.481E-4	-2.520E-4	-6.436E-5	2.150E-3	3.988E-3
1.700	0.152	2.483E-4	-1.767E-4	5.714E-5	2.912E-4	2.795E-3
1.733	0.152	2.519E-4	-3.215E-4	1.242E-4	-8.047E-4	-1.102E-3
1.767	0.152	2.566E-4	-2.095E-4	8.539E-7	7.017E-3	-1.580E-3
1.800	0.152	2.520E-4	1.298E-4	-3.767E-5	1.520E-2	1.850E-3
1.833	0.152	2.541E-4	8.046E-4	1.592E-4	8.689E-3	7.623E-4
1.867	0.152	2.626E-4	8.463E-4	5.480E-5	-3.409E-3	-4.377E-4
1.900	0.152	2.578E-4	4.169E-4	3.344E-5	-1.371E-2	1.863E-3
1.933	0.152	2.648E-4	2.056E-5	2.530E-4	-1.027E-2	2.237E-4
1.967	0.152	2.746E-4	-3.544E-4	6.675E-5	-8.506E-3	-4.203E-3
2.000	0.152	2.693E-4	-4.908E-4	-1.055E-4	1.595E-4	-3.306E-3
2.033	0.152	2.676E-4	-3.981E-4	-9.885E-5	1.137E-3	9.689E-4
2.067	0.152	2.627E-4	-3.251E-4	-7.291E-5	4.742E-3	4.969E-3
2.100	0.152	2.627E-4	-1.844E-4	2.279E-4	8.735E-3	3.216E-3
2.133	0.152	2.779E-4	3.176E-4	2.282E-4	7.774E-3	-2.597E-3
2.167	0.152	2.779E-4	3.869E-4	-3.696E-5	1.565E-3	-7.516E-3
2.200	0.152	2.754E-4	3.257E-4	-2.294E-4	-8.008E-3	-2.999E-3
2.233	0.152	2.626E-4	-2.764E-5	-2.889E-4	-9.571E-3	2.442E-3
2.267	0.152	2.562E-4	-4.618E-4	-3.972E-5	-5.157E-3	6.444E-3
2.300	0.152	2.600E-4	-3.163E-4	1.643E-4	4.675E-3	1.995E-3
2.333	0.152	2.671E-4	-1.285E-4	1.013E-4	4.719E-3	-2.834E-3
2.367	0.152	2.667E-4	-7.731E-6	-5.714E-5	8.383E-4	-2.035E-3
2.400	0.152	2.633E-4	-5.252E-5	-4.046E-5	-5.579E-3	1.553E-3
2.433	0.152	2.641E-4	-3.827E-4	6.484E-5	-5.968E-3	7.547E-4
2.467	0.152	2.676E-4	-5.163E-4	2.479E-5	2.369E-3	-1.699E-3
2.500	0.152	2.657E-4	-1.957E-4	-7.554E-5	7.964E-3	-7.629E-4
2.533	0.152	2.626E-4	5.979E-5	-2.862E-5	7.495E-3	2.715E-3
2.567	0.152	2.638E-4	2.578E-4	1.152E-4	2.544E-3	-2.501E-4
2.600	0.152	2.703E-4	2.909E-4	-3.673E-6	-1.425E-3	-2.770E-3
2.633	0.152	2.636E-4	1.085E-4	-1.454E-4	-2.198E-3	-1.578E-3
2.667	0.152	2.606E-4	1.376E-4	-6.761E-5	7.760E-4	2.239E-3
2.700	0.152	2.590E-4	1.934E-4	-4.004E-6	-1.630E-3	1.814E-3
2.733	0.152	2.603E-4	3.078E-5	5.924E-5	-4.748E-3	-3.303E-4
2.767	0.152	2.630E-4	-1.531E-4	-1.271E-5	-2.233E-3	-2.022E-3
2.800	0.152	2.595E-4	-1.219E-4	-1.053E-4	5.624E-4	9.751E-4
2.833	0.152	2.560E-4	-8.225E-5	4.444E-5	5.492E-4	2.228E-3
2.867	0.152	2.624E-4	-1.081E-4	9.932E-5	-2.245E-3	-4.258E-4
2.900	0.152	2.626E-4	-2.079E-4	-2.754E-5	2.576E-3	-1.289E-3
2.933	0.152	2.606E-4	-1.301E-5	7.856E-6	5.359E-3	5.650E-4
2.967	0.152	2.631E-4	2.574E-4	3.941E-5	1.983E-3	-2.140E-4
3.000	0.152	2.632E-4	8.520E-5	-2.283E-5	-4.656E-3	-3.344E-4
3.033	0.152	2.616E-4	-8.287E-5	6.989E-6	-1.868E-3	2.385E-5
3.067	0.152	2.637E-4	-3.918E-5	6.381E-6	3.498E-3	-5.204E-4
3.100	0.152	2.620E-4	1.584E-4	-5.150E-5	2.213E-3	-1.554E-3
3.133	0.152	2.603E-4	1.515E-4	-8.508E-5	-1.433E-3	1.475E-3
3.167	0.152	2.564E-4	9.816E-6	1.856E-5	-2.006E-3	2.042E-3
3.200	0.152	2.615E-4	2.869E-5	1.019E-4	-6.256E-5	1.401E-3
3.233	0.152	2.631E-4	2.140E-5	7.410E-5	-4.368E-4	-2.516E-3
3.267	0.152	2.664E-4	-1.567E-5	-3.260E-5	-9.938E-4	-8.285E-4
3.300	0.152	2.610E-4	-3.622E-5	-3.987E-5	1.601E-3	3.090E-4
3.333	0.152	2.638E-4	6.710E-5	4.743E-5	-1.180E-3	1.629E-3
3.367	0.152	2.641E-4	-4.275E-5	3.678E-5	-6.096E-5	8.507E-4
3.400	0.152	2.662E-4	-5.366E-5	1.101E-4	7.109E-4	-3.863E-4
3.433	0.152	2.715E-4	1.105E-4	3.787E-5	1.043E-3	3.704E-4
3.467	0.152	2.688E-4	-2.250E-5	7.196E-5	-2.396E-3	-5.721E-4
3.500	0.152	2.763E-4	-6.609E-5	8.127E-5	-1.514E-3	-2.661E-3
3.533	0.152	2.742E-4	-9.583E-5	-1.554E-4	-1.143E-3	-3.432E-3
3.567	0.152	2.659E-4	-1.626E-4	-1.651E-4	1.544E-3	6.401E-4
3.600	0.152	2.632E-4	-9.283E-6	-7.671E-5	3.025E-3	2.848E-3
3.633	0.152	2.608E-4	9.401E-5	3.934E-6	9.532E-4	1.410E-3
3.667	0.152	2.634E-4	1.777E-5	4.296E-5	-1.781E-3	3.471E-4
3.700	0.152	2.637E-4	-1.946E-5	6.256E-6	-6.157E-4	7.092E-4
3.733	0.152	2.638E-4	-2.719E-5	8.390E-5	-4.362E-4	-1.293E-3
3.767	0.152	2.693E-4	-3.972E-5	-2.990E-5	1.926E-3	-8.957E-4
3.800	0.152	2.618E-4	7.372E-5	-6.449E-5	9.293E-4	-8.629E-4
3.833	0.152	2.650E-4	8.266E-5	-1.387E-6	8.502E-4	-1.744E-4
3.867	0.152	2.618E-4	5.961E-5	-1.220E-4	-1.860E-3	-2.907E-3
3.900	0.152	2.568E-4	2.634E-5	-1.839E-4	2.197E-3	5.773E-4
3.933	0.152	2.495E-4	1.189E-4	-1.063E-4	4.163E-3	8.633E-4
3.967	0.152	2.497E-4	3.843E-4	-7.675E-5	1.199E-3	1.058E-3
4.000	0.152	2.444E-4	2.064E-4	-8.663E-5	-1.473E-4	1.648E-3
4.033	0.152	2.440E-4	2.692E-4	5.649E-5	-3.441E-3	2.246E-3
4.067	0.152	2.481E-4	1.436E-4	7.885E-5	-5.979E-3	1.885E-3
4.100	0.152	2.492E-4	-2.803E-4	1.432E-4	-6.532E-3	4.925E-4
4.133	0.152	2.577E-4	-2.487E-4	1.630E-4	7.350E-4	-1.569E-3
4.167	0.152	2.601E-4	-2.104E-4	6.109E-6	2.134E-3	-3.575E-3
4.200	0.152	2.581E-4	-1.321E-4	-7.847E-5	3.599E-3	2.221E-3
4.233	0.152	2.549E-4	4.659E-5	1.263E-4	2.120E-3	1.298E-3
4.267	0.152	2.665E-4	3.394E-5	1.090E-4	2.291E-4	2.482E-3
4.300	0.152	2.621E-4	1.133E-5	1.507E-4	3.182E-4	-1.764E-3
4.333	0.152	2.766E-4	8.982E-5	1.474E-4	-2.117E-4	-1.045E-3
4.367	0.152	2.719E-4	9.049E-7	-5.324E-5	-2.434E-3	-2.686E-3
4.400	0.152	2.730E-4	-9.856E-5	3.335E-5	4.219E-4	1.792E-3
4.433	0.152	2.742E-4	2.217E-5	5.194E-5	2.370E-3	8.343E-4
4.467	0.152	2.765E-4	1.034E-4	9.068E-5	8.116E-4	-1.472E-3
4.500	0.152	2.802E-4	4.641E-5	-2.322E-5	3.625E-3	-3.780E-3
4.533	0.152	2.749E-4	3.095E-4	-1.975E-4	1.783E-2	6.029E-4
4.567	0.152	2.670E-4	1.223E-3	-7.536E-6	3.859E-2	5.173E-5
4.600	0.152	2.744E-4	2.881E-3	-8.003E-5	0.104	2.296E-3
4.633	0.152	2.617E-4	7.792E-3	-2.434E-5	0.145	1.486E-3
4.667	0.152	2.728E-4	1.328E-2	1.852E-4	0.100	3.511E-3
4.700	0.153	2.741E-4	1.443E-2	1.067E-4	1.761E-2	-1.916E-3
4.733	0.153	2.799E-4	1.409E-2	1.080E-4	-1.256E-2	2.503E-3
4.767	0.154	2.813E-4	1.374E-2	2.188E-4	5.131E-2	-1.168E-3
4.800	0.154	2.945E-4	1.686E-2	1.291E-4	5.110E-2	-1.230E-3
4.833	0.155	2.899E-4	1.850E-2	1.289E-5	-1.434E-3	-4.525E-3
4.867	0.155	2.954E-4	1.582E-2	-5.882E-5	-5.361E-3	4.385E-3
4.900	0.156	2.859E-4	1.781E-2	1.568E-4	3.065E-2	1.600E-3
4.933	0.157	3.058E-4	1.899E-2	2.542E-4	2.752E-2	4.131E-4
4.967	0.157	3.029E-4	1.863E-2	9.924E-6	4.589E-2	-6.223E-3
5.000	0.158	3.065E-4	2.227E-2	-5.994E-5	2.949E-2	1.232E-3
5.033	0.159	2.989E-4	2.156E-2	-2.023E-6	-5.151E-3	3.589E-3
5.067	0.159	3.063E-4	2.040E-2	2.622E-4	-2.604E-2	3.435E-3
5.100	0.160	3.164E-4	2.103E-2	2.177E-4	9.664E-2	-2.961E-3
5.133	0.161	3.209E-4	2.536E-2	4.791E-5	8.845E-2	-4.248E-4
5.167	0.162	3.196E-4	2.903E-2	1.496E-4	3.129E-2	1.252E-3
5.200	0.163	3.308E-4	2.618E-2	2.151E-4	3.370E-2	-1.009E-3
5.233	0.163	3.339E-4	3.058E-2	2.932E-5	6.418E-2	1.477E-3
5.267	0.165	3.328E-4	3.254E-2	2.698E-4	-2.454E-2	-1.878E-3
5.300	0.166	3.519E-4	2.751E-2	7.150E-5	0.131	-7.431E-3
5.333	0.166	3.375E-4	3.932E-2	-4.146E-4	0.215	-3.662E-3
5.367	0.168	3.243E-4	4.682E-2	-1.343E-4	5.562E-2	6.068E-3
5.400	0.170	3.286E-4	3.953E-2	7.167E-5	-4.259E-2	1.990E-3
5.433	0.171	3.290E-4	4.373E-2	-4.752E-5	3.245E-2	-6.310E-3
5.467	0.172	3.254E-4	4.413E-2	-3.267E-4	7.303E-2	-6.693E-3
5.500	0.174	3.073E-4	4.548E-2	-5.473E-4	7.948E-2	-5.227E-5
5.533	0.175	2.889E-4	5.195E-2	-3.307E-4	8.133E-2	6.096E-3
5.567	0.177	2.852E-4	5.028E-2	-8.240E-5	-2.522E-2	-1.099E-3
5.600	0.179	2.835E-4	4.959E-2	-3.799E-4	-9.078E-3	-2.932E-3
5.633	0.181	2.599E-4	5.029E-2	-4.171E-4	2.900E-2	-6.757E-3
5.667	0.182	2.556E-4	5.109E-2	-6.290E-4	-2.299E-2	-2.417E-3
5.700	0.184	2.179E-4	4.954E-2	-8.091E-4	-5.164E-2	4.875E-3
5.733	0.185	2.017E-4	4.671E-2	-1.836E-4	-7.338E-2	1.164E-2
5.767	0.187	2.057E-4	4.521E-2	2.152E-5	-5.448E-2	6.163E-3
5.800	0.188	2.031E-4	4.284E-2	1.267E-4	-8.382E-2	-4.570E-3
5.833	0.190	2.142E-4	3.983E-2	-1.433E-4	-9.428E-2	-5.260E-3
5.867	0.191	1.936E-4	3.632E-2	-4.169E-4	-5.394E-2	2.335E-5
5.900	0.192	1.864E-4	3.594E-2	-4.197E-5	-9.902E-3	8.191E-3
5.933	0.194	1.908E-4	3.630E-2	1.484E-4	4.276E-2	3.599E-3
5.967	0.195	1.963E-4	3.806E-2	1.756E-4	1.806E-2	-3.097E-3
6.000	0.196	2.025E-4	3.861E-2	-2.628E-5	-3.304E-2	-1.615E-3
6.033	0.197	1.945E-4	3.515E-2	-2.545E-5	-8.645E-2	5.064E-4
6.067	0.198	2.008E-4	3.282E-2	1.106E-4	-2.744E-2	-6.211E-3
6.100	0.199	2.019E-4	3.313E-2	-4.270E-4	-4.596E-3	-1.279E-3
6.133	0.201	1.723E-4	3.313E-2	-1.935E-4	-4.156E-2	5.825E-3
6.167	0.202	1.890E-4	3.013E-2	2.590E-4	-0.102	3.535E-3
6.200	0.203	1.896E-4	2.624E-2	-1.073E-4	-0.104	-2.910E-3
6.233	0.203	1.818E-4	2.304E-2	2.610E-5	-6.606E-2	-5.019E-3
6.267	0.204	1.913E-4	2.181E-2	-2.702E-4	-5.853E-2	-2.647E-3
6.300	0.205	1.638E-4	1.958E-2	-4.063E-4	-0.124	-1.561E-3
6.333	0.205	1.643E-4	1.353E-2	-1.513E-4	-0.203	1.009E-2
6.367	0.206	1.537E-4	5.793E-3	9.960E-5	-0.179	1.974E-3
6.400	0.206	1.709E-4	1.151E-3	1.718E-4	-8.779E-2	-2.024E-3
6.433	0.206	1.652E-4	2.664E-4	-1.903E-4	-1.723E-2	-6.955E-3
6.467	0.206	1.582E-4	1.088E-4	-2.431E-4	-3.237E-3	5.168E-3
6.500	0.206	1.490E-4	3.557E-5	9.396E-5	-6.861E-4	6.305E-3
6.533	0.206	1.645E-4	7.420E-5	3.104E-4	7.330E-4	3.956E-4
6.567	0.206	1.697E-4	9.219E-5	3.948E-5	4.367E-4	-4.690E-3
6.600	0.206	1.671E-4	9.481E-5	-2.106E-5	-3.487E-4	-1.884E-3
6.633	0.206	1.683E-4	7.803E-5	-4.278E-5	-1.773E-3	6.933E-4
6.667	0.206	1.643E-4	-2.321E-5	-1.913E-5	1.252E-4	9.687E-4
6.700	0.206	1.670E-4	4.928E-5	6.407E-5	1.806E-3	3.029E-3
6.733	0.206	1.685E-4	1.544E-4	1.488E-4	-3.531E-4	-9.289E-4
6.767	0.206	1.769E-4	8.960E-6	6.101E-5	-4.971E-3	-1.351E-3
6.800	0.206	1.726E-4	-1.886E-4	-2.504E-5	-1.300E-3	-1.570E-3
6.833	0.206	1.752E-4	-1.127E-4	2.143E-5	3.651E-3	-3.576E-4
6.867	0.206	1.740E-4	1.082E-4	-7.469E-5	4.385E-3	3.333E-3
6.900	0.206	1.702E-4	1.698E-4	1.966E-4	3.167E-3	4.626E-3
6.933	0.206	1.871E-4	2.971E-4	3.501E-4	-3.368E-4	-9.593E-4
6.967	0.206	1.936E-4	2.096E-4	6.246E-5	-4.152E-3	-7.778E-3
7.000	0.206	1.913E-4	-4.832E-5	-1.693E-4	-9.263E-3	-2.235E-3
7.033	0.206	1.823E-4	-3.565E-4	-1.181E-4	-3.976E-3	-7.366E-4
7.067	0.206	1.834E-4	-4.085E-4	-1.365E-4	4.088E-3	1.374E-3
7.100	0.206	1.732E-4	-1.576E-5	-1.230E-4	1.037E-2	4.398E-3
7.133	0.206	1.752E-4	2.903E-4	2.118E-4	2.452E-3	2.494E-3
7.167	0.206	1.873E-4	1.861E-4	9.816E-5	-4.114E-3	-2.445E-3
7.200	0.206	1.818E-4	-6.067E-5	-6.330E-5	-1.343E-3	-3.457E-3
7.233	0.206	1.831E-4	9.533E-5	-5.175E-5	2.356E-3	-2.482E-4
7.267	0.206	1.783E-4	1.672E-4	-1.238E-4	-1.951E-3	2.322E-3
7.300	0.206	1.749E-4	-7.298E-5	9.368E-5	-3.889E-3	4.025E-3
7.333	0.206	1.846E-4	-1.252E-4	2.098E-4	6.347E-5	-1.325E-3
7.367	0.206	1.888E-4	-2.982E-5	-2.433E-5	1.372E-3	-2.336E-3
7.400	0.206	1.829E-4	-3.696E-5	-2.848E-6	1.050E-3	3.021E-4
7.433	0.206	1.886E-4	1.960E-5	8.037E-5	4.961E-3	1.563E-3
7.467	0.206	1.883E-4	2.925E-4	4.286E-5	4.227E-4	-2.668E-3
7.500	0.206	1.915E-4	1.406E-4	-4.855E-5	-6.810E-3	-3.153E-3
7.533	0.206	1.851E-4	-2.770E-4	-2.135E-4	-4.618E-3	2.868E-3
7.567	0.206	1.773E-4	-1.653E-4	1.087E-4	3.659E-3	3.564E-3
7.600	0.206	1.923E-4	2.880E-5	1.656E-4	-7.810E-4	-2.764E-3
7.633	0.206	1.883E-4	-2.062E-4	-1.953E-4	-1.393E-3	-3.122E-3
7.667	0.206	1.793E-4	-1.746E-4	-5.423E-5	3.909E-3	4.537E-3
7.700	0.206	1.847E-4	1.598E-4	1.776E-4	6.296E-3	1.233E-3
7.733	0.206	1.911E-4	2.219E-4	2.544E-5	-2.635E-3	-6.530E-4
7.767	0.206	1.864E-4	7.886E-6	5.572E-5	-2.555E-3	2.552E-4
7.800	0.206	1.948E-4	-3.598E-5	1.393E-4	-9.302E-4	-2.027E-3
7.833	0.206	1.957E-4	4.052E-5	-1.197E-4	1.142E-4	-4.910E-3
7.867	0.206	1.869E-4	-7.797E-5	-2.195E-4	-4.487E-4	-4.867E-3
7.900	0.206	1.810E-4	3.755E-6	-3.812E-4	1.713E-3	4.779E-3
7.933	0.206	1.615E-4	7.340E-5	-4.396E-5	-1.540E-3	8.255E-3
7.967	0.206	1.781E-4	-1.027E-4	3.722E-4	-2.143E-3	2.268E-3
8.000	0.206	1.863E-4	-1.230E-4	2.458E-5	3.922E-3	-6.913E-3
8.033	0.206	1.797E-4	1.873E-4	-1.411E-4	2.192E-3	-1.029E-3
8.067	0.206	1.769E-4	9.872E-5	-8.212E-6	-3.737E-3	3.020E-3
8.100	0.206	1.792E-4	-1.689E-4	7.432E-5	-4.547E-3	2.905E-3
8.133	0.206	1.818E-4	-1.621E-4	1.633E-4	2.872E-3	-1.224E-5
8.167	0.206	1.901E-4	-2.350E-6	1.160E-4	2.597E-3	-1.968E-3
8.200	0.206	1.896E-4	7.027E-5	-1.760E-5	2.962E-4	-1.437E-3
8.233	0.206	1.889E-4	-2.965E-5	3.145E-5	-1.529E-4	1.701E-3
8.267	0.206	1.916E-4	5.597E-5	1.069E-4	3.563E-3	-3.224E-3
8.300	0.206	1.960E-4	2.264E-4	-1.442E-4	3.507E-6	3.721E-3
8.333	0.206	1.820E-4	9.319E-5	1.860E-4	-3.201E-3	-3.700E-3
8.367	0.206	2.084E-4	-6.394E-5	-5.695E-5	-3.825E-3	-2.130E-3
8.400	0.206	1.782E-4	-1.049E-4	-3.628E-4	2.189E-3	-8.539E-4
8.433	0.206	1.843E-4	1.825E-5	1.649E-4	2.683E-3	8.792E-3
8.467	0.206	1.892E-4	1.587E-4	1.423E-4	-9.667E-4	-3.611E-3
8.500	0.206	1.937E-4	-7.501E-5	-4.929E-5	-3.636E-3	-3.022E-3
8.533	0.206	1.859E-4	-1.334E-4	-1.263E-4	-3.878E-4	-1.308E-3
8.567	0.206	1.853E-4	-4.683E-5	-7.183E-5	2.117E-3	5.753E-3
8.600	0.206	1.812E-4	-1.741E-5	1.828E-4	-1.039E-3	-2.323E-3
8.633	0.206	1.975E-4	-8.520E-5	-5.352E-5	-3.154E-3	-6.022E-3
8.667	0.206	1.776E-4	-2.575E-4	-4.405E-4	-2.198E-3	-2.250E-3
8.700	0.206	1.681E-4	-2.434E-4	-1.063E-4	5.232E-3	8.161E-3
8.733	0.206	1.705E-4	8.477E-5	1.242E-4	7.874E-3	2.998E-3
8.767	0.206	1.764E-4	3.429E-4	9.526E-5	-6.052E-4	-1.749E-3
8.800	0.206	1.769E-4	5.151E-5	-1.893E-5	-5.697E-3	-1.209E-3
8.833	0.206	1.752E-4	-1.372E-4	8.729E-6	7.177E-4	2.225E-3
8.867	0.206	1.774E-4	1.468E-4	1.407E-4	3.314E-3	-4.126E-5
8.900	0.206	1.845E-4	1.447E-4	4.247E-5	-1.616E-3	-1.601E-3
8.933	0.206	1.803E-4	-3.710E-5	-3.797E-5	-3.182E-3	-2.040E-3
8.967	0.206	1.820E-4	-4.223E-5	-3.148E-5	-2.326E-3	-7.676E-5
9.000	0.206	1.782E-4	-1.740E-4	-8.424E-5	-4.931E-4	-1.309E-3
9.033	0.206	1.764E-4	-1.356E-4	-9.242E-5	-6.150E-5	1.333E-3
9.067	0.206	1.720E-4	-9.379E-5	-2.599E-5	1.482E-3	1.073E-3
9.100	0.206	1.747E-4	-1.121E-4	2.288E-5	-8.303E-4	6.776E-4
9.133	0.206	1.735E-4	-8.846E-5	-1.474E-5	2.580E-4	9.187E-4
9.167	0.206	1.737E-4	-1.390E-4	8.594E-5	1.941E-3	5.018E-3
9.200	0.206	1.793E-4	4.145E-5	3.188E-4	4.899E-3	2.356E-3
9.233	0.206	1.949E-4	2.203E-4	2.990E-4	7.446E-3	5.635E-3
9.267	0.206	1.992E-4	4.917E-4	5.620E-4	1.204E-2	-3.589E-3
9.300	0.206	2.324E-4	1.043E-3	3.067E-4	2.252E-3	-1.253E-2
9.333	0.206	2.196E-4	7.787E-4	-5.134E-4	-9.198E-3	-1.307E-2
9.367	0.206	1.982E-4	2.184E-4	-5.210E-4	-1.461E-2	3.507E-3
9.400	0.206	1.849E-4	-6.622E-5	-2.473E-4	-8.429E-3	7.345E-3
9.433	0.206	1.817E-4	-4.230E-4	-1.717E-5	-4.307E-3	2.796E-3
9.467	0.206	1.838E-4	-3.461E-4	-4.448E-5	3.629E-3	-1.519E-3
9.500	0.206	1.787E-4	-1.442E-4	-1.591E-4	3.264E-3	8.854E-4
9.533	0.206	1.732E-4	-1.218E-4	3.201E-6	1.188E-3	3.345E-3
9.567	0.206	1.789E-4	-9.762E-5	1.211E-4	3.237E-3	2.558E-3
9.600	0.206	1.812E-4	1.018E-4	1.262E-4	7.009E-4	1.554E-3
9.633	0.206	1.873E-4	8.186E-6	2.405E-4	-1.511E-3	-2.778E-3
9.667	0.206	1.973E-4	-9.809E-5	-7.437E-6	-1.554E-3	-5.038E-3
9.700	0.206	1.869E-4	-2.387E-5	-2.058E-4	1.503E-3	1.101E-3
9.733	0.206	1.835E-4	-3.187E-5	1.100E-4	7.109E-4	2.451E-3
9.767	0.206	1.942E-4	3.507E-5	4.192E-5	1.107E-3	1.557E-3
9.800	0.206	1.863E-4	4.868E-5	6.208E-5	-3.557E-3	-3.002E-3
9.833	0.206	1.983E-4	-1.816E-4	1.560E-5	-1.850E-3	-2.820E-4
9.867	0.206	1.874E-4	-1.652E-4	-1.264E-4	2.829E-3	-1.379E-3
9.900	0.206	1.899E-4	9.759E-5	3.618E-5	3.389E-3	3.620E-3
9.933	0.206	1.898E-4	4.973E-5	6.501E-5		
9.967	0.206	1.942E-4				
