	mass A						
t	x	y	vx	vy	ax	ay	
0.000	0.138	1.420E-3				
0.033	0.138	1.421E-3	-1.484E-5	-3.936E-5		
0.067	0.138	1.418E-3	6.252E-5	-3.156E-4	1.699E-3	3.242E-3
0.100	0.138	1.400E-3	1.376E-4	4.841E-5	-1.017E-3	7.520E-3
0.133	0.138	1.421E-3	-1.261E-5	4.064E-4	-3.809E-3	3.809E-4
0.167	0.138	1.427E-3	-1.439E-4	-3.371E-5	-1.083E-3	-5.961E-3
0.200	0.138	1.419E-3	-8.212E-5	-5.703E-5	3.241E-3	3.162E-3
0.233	0.138	1.424E-3	8.239E-5	2.548E-4	3.215E-3	2.229E-3
0.267	0.138	1.436E-3	1.504E-4	1.248E-4	4.288E-4	-3.595E-3
0.300	0.138	1.432E-3	9.641E-5	-7.176E-5	-4.079E-3	-3.230E-3
0.333	0.138	1.431E-3	-1.035E-4	-4.507E-5	-1.583E-3	1.640E-3
0.367	0.138	1.429E-3	-7.988E-5	1.874E-5	2.304E-3	2.495E-3
0.400	0.138	1.432E-3	1.267E-4	1.375E-4	7.609E-4	-2.918E-4
0.433	0.138	1.438E-3	-2.796E-5	2.403E-5	-3.416E-3	-3.712E-3
0.467	0.138	1.434E-3	-1.575E-4	-1.580E-4	-6.138E-4	-3.094E-3
0.500	0.138	1.428E-3	-4.367E-5	-1.684E-4	2.459E-3	2.672E-3
0.533	0.138	1.422E-3	2.279E-5	4.622E-6	1.565E-3	2.771E-3
0.567	0.138	1.428E-3	4.408E-5	7.294E-5	-2.089E-4	2.237E-5
0.600	0.138	1.427E-3	2.482E-5	-3.968E-5	-8.919E-5	-1.782E-3
0.633	0.138	1.425E-3	1.503E-5	-4.169E-5	-6.989E-4	1.037E-3
0.667	0.138	1.424E-3	2.998E-6	3.049E-5	7.067E-4	1.524E-3
0.700	0.138	1.427E-3	3.129E-5	7.359E-5	4.278E-4	-2.137E-3
0.733	0.138	1.429E-3	6.706E-5	-9.903E-5	-7.709E-4	-3.138E-3
0.767	0.138	1.421E-3	-3.490E-5	-1.909E-4	-2.231E-3	-2.619E-5
0.800	0.138	1.417E-3	-9.286E-5	-6.503E-5	-7.428E-4	1.823E-3
0.833	0.138	1.416E-3	-7.745E-5	-5.716E-5	5.009E-4	-9.256E-5
0.867	0.138	1.413E-3	-5.671E-5	-9.391E-5	1.038E-3	6.055E-4
0.900	0.138	1.410E-3	-1.345E-5	-1.674E-5	1.121E-3	2.600E-3
0.933	0.138	1.412E-3	2.688E-5	9.123E-5	4.326E-4	3.973E-3
0.967	0.138	1.416E-3	1.376E-5	2.355E-4	4.669E-4	-4.428E-4
1.000	0.138	1.427E-3	4.557E-5	1.170E-4	-5.701E-4	-6.382E-3
1.033	0.138	1.424E-3	4.953E-6	-2.476E-4	-5.950E-4	-2.160E-3
1.067	0.138	1.411E-3	-3.389E-5	-8.045E-5	4.182E-4	4.866E-3
1.100	0.138	1.419E-3	5.468E-5	1.913E-4	3.466E-4	4.726E-3
1.133	0.138	1.424E-3	5.278E-6	1.760E-4	-1.048E-3	-1.981E-3
1.167	0.138	1.430E-3	-5.008E-5	8.728E-5	-2.748E-4	-4.063E-3
1.200	0.138	1.429E-3	5.221E-6	-1.170E-4	1.814E-3	-3.023E-3
1.233	0.138	1.422E-3	6.740E-5	-1.353E-4	1.142E-3	7.279E-4
1.267	0.138	1.420E-3	9.126E-5	-3.747E-5	-1.215E-3	5.846E-4
1.300	0.138	1.420E-3	-1.098E-5	-8.929E-5	-1.965E-3	6.743E-4
1.333	0.138	1.414E-3	-6.701E-5	-3.591E-5	-5.757E-4	-1.239E-3
1.367	0.138	1.418E-3	-2.894E-5	-9.710E-5	1.140E-3	6.721E-4
1.400	0.138	1.408E-3	2.890E-6	-9.176E-5	-1.633E-4	2.496E-3
1.433	0.138	1.411E-3	-2.595E-5	1.462E-4	-1.466E-3	3.285E-3
1.467	0.138	1.418E-3	-1.096E-4	1.211E-4	1.055E-3	-2.119E-3
1.500	0.138	1.420E-3	2.071E-5	-1.118E-5	4.441E-3	-2.459E-3
1.533	0.138	1.417E-3	2.295E-4	-5.467E-5	1.113E-5	5.343E-5
1.567	0.138	1.416E-3	4.574E-5	2.531E-6	-3.523E-3	1.515E-3
1.600	0.138	1.417E-3	-9.224E-5	5.174E-5	-2.034E-3	-7.185E-4
1.633	0.138	1.419E-3	-2.564E-5	-3.278E-5	-1.040E-3	-4.489E-4
1.667	0.138	1.415E-3	-1.669E-4	-2.330E-5	-1.801E-3	7.794E-4
1.700	0.138	1.418E-3	-1.873E-4	6.628E-5	2.701E-3	8.909E-4
1.733	0.138	1.419E-3	3.713E-5	1.986E-5	3.670E-3	-1.047E-3
1.767	0.138	1.419E-3	9.254E-5	-9.206E-6	7.682E-4	-2.409E-3
1.800	0.138	1.419E-3	4.385E-5	-1.208E-4	-7.678E-4	1.400E-3
1.833	0.138	1.411E-3	6.149E-5	1.680E-5	1.870E-3	3.361E-3
1.867	0.138	1.420E-3	1.480E-4	1.997E-4	-8.784E-4	2.228E-3
1.900	0.138	1.424E-3	5.843E-5	1.138E-4	-1.975E-3	-3.138E-3
1.933	0.138	1.428E-3	-6.016E-5	6.676E-6	-1.940E-3	-2.348E-3
1.967	0.138	1.425E-3	-2.107E-5	-6.672E-5	6.170E-4	-8.998E-4
2.000	0.138	1.423E-3	-3.830E-5	-3.894E-5	5.814E-4	5.374E-4
2.033	0.138	1.422E-3	1.836E-5	-2.836E-5	-5.399E-4	4.950E-4
2.067	0.138	1.421E-3	-4.698E-5	-1.179E-5	6.126E-4	-1.576E-3
2.100	0.138	1.421E-3	-1.390E-6	-1.103E-4	1.516E-3	3.982E-4
2.133	0.138	1.414E-3	1.197E-4	-4.783E-5	-9.093E-4	1.154E-3
2.167	0.138	1.418E-3	-7.216E-5	4.755E-5	-2.015E-3	1.730E-3
2.200	0.138	1.417E-3	-7.601E-5	1.026E-5	4.613E-4	-5.402E-4
2.233	0.138	1.419E-3	3.103E-5	4.021E-5	1.663E-3	9.745E-5
2.267	0.138	1.420E-3	-1.749E-6	6.744E-6	3.561E-4	-1.234E-4
2.300	0.138	1.419E-3	5.817E-5	2.548E-5	-4.251E-4	-3.357E-4
2.333	0.138	1.421E-3	-2.959E-6	4.065E-6	-2.686E-3	-3.670E-4
2.367	0.138	1.420E-3	-1.527E-4	-2.354E-5	2.254E-4	-1.195E-3
2.400	0.138	1.420E-3	-1.051E-5	-5.184E-5	2.715E-3	1.504E-3
2.433	0.138	1.416E-3	9.748E-5	3.626E-5	3.646E-3	4.683E-3
2.467	0.138	1.422E-3	1.644E-4	2.933E-4	3.566E-4	1.267E-3
2.500	0.138	1.436E-3	1.895E-4	1.667E-4	-1.402E-4	-1.420E-3
2.533	0.138	1.433E-3	9.754E-5	9.063E-5	-2.160E-3	-2.355E-3
2.567	0.138	1.442E-3	7.621E-5	1.111E-4	7.765E-5	5.974E-4
2.600	0.138	1.441E-3	7.873E-5	5.391E-5	-3.210E-4	-1.478E-4
2.633	0.138	1.445E-3	8.209E-5	1.455E-4	2.654E-3	-3.866E-4
2.667	0.138	1.450E-3	2.106E-4	3.419E-5	2.975E-2	-3.407E-4
2.700	0.138	1.448E-3	1.904E-3	6.713E-5	0.167	1.023E-3
2.733	0.138	1.455E-3	1.069E-2	1.688E-4	0.450	2.645E-3
2.767	0.138	1.459E-3	3.179E-2	1.973E-4	0.371	1.281E-3
2.800	0.140	1.468E-3	3.925E-2	2.819E-4	0.132	-1.394E-3
2.833	0.141	1.478E-3	3.629E-2	1.199E-4	3.965E-2	7.526E-4
2.867	0.142	1.476E-3	4.328E-2	2.409E-4	0.148	1.152E-3
2.900	0.144	1.494E-3	4.670E-2	3.324E-4	9.971E-2	-2.321E-3
2.933	0.145	1.498E-3	4.903E-2	5.854E-6	0.163	-6.308E-4
2.967	0.147	1.494E-3	5.746E-2	2.320E-4	0.196	5.781E-3
3.000	0.149	1.514E-3	6.343E-2	5.198E-4	0.128	1.201E-3
3.033	0.151	1.529E-3	6.494E-2	2.692E-4	0.153	-1.259E-2
3.067	0.154	1.532E-3	7.312E-2	-3.069E-4	0.154	-1.211E-2
3.100	0.156	1.508E-3	7.724E-2	-6.327E-4	0.189	-5.285E-3
3.133	0.159	1.489E-3	8.287E-2	-5.826E-4	0.290	3.329E-3
3.167	0.162	1.470E-3	9.824E-2	-4.461E-4	0.274	8.308E-4
3.200	0.165	1.460E-3	0.102	-4.583E-4	0.131	-2.532E-3
3.233	0.169	1.439E-3	0.104	-6.757E-4	-1.641E-2	7.883E-4
3.267	0.172	1.415E-3	0.104	-4.391E-4	-0.153	1.708E-3
3.300	0.176	1.410E-3	9.274E-2	-4.309E-4	-0.287	7.033E-3
3.333	0.178	1.386E-3	8.425E-2	-1.699E-4	-0.214	-1.599E-3
3.367	0.181	1.398E-3	7.893E-2	-2.527E-4	-0.174	7.169E-4
3.400	0.184	1.369E-3	7.276E-2	-4.410E-4	-0.170	-1.849E-3
3.433	0.186	1.369E-3	6.726E-2	-1.417E-4	-0.134	5.072E-3
3.467	0.188	1.360E-3	6.394E-2	-2.143E-4	-0.153	2.908E-3
3.500	0.190	1.355E-3	5.766E-2	6.075E-5	-0.320	1.974E-3
3.533	0.192	1.364E-3	4.278E-2	5.492E-6	-0.559	-4.092E-3
3.567	0.193	1.355E-3	2.010E-2	-3.102E-4	-0.551	4.405E-3
3.600	0.193	1.343E-3	4.265E-3	2.369E-4	-0.311	7.434E-3
3.633	0.193	1.371E-3	4.499E-4	4.225E-4	-6.481E-2	1.891E-3
3.667	0.193	1.371E-3	1.044E-4	1.409E-4	-5.449E-3	-4.394E-3
3.700	0.193	1.380E-3	3.393E-4	2.317E-4	3.263E-3	-2.005E-4
3.733	0.193	1.387E-3	2.049E-4	1.091E-4	-2.953E-3	-3.433E-3
3.767	0.193	1.388E-3	1.896E-4	-9.780E-6	-1.145E-3	5.090E-5
3.800	0.193	1.386E-3	1.078E-4	9.388E-5	-4.695E-3	4.004E-3
3.833	0.193	1.394E-3	-9.487E-5	2.938E-4	7.652E-4	1.481E-3
3.867	0.193	1.406E-3	6.172E-5	2.102E-4	3.302E-3	-3.640E-3
3.900	0.193	1.408E-3	2.668E-4	9.773E-6	1.417E-3	-1.517E-3
3.933	0.193	1.406E-3	7.784E-5	9.321E-5	-2.938E-3	-3.174E-4
3.967	0.193	1.414E-3	6.745E-5	6.148E-5	1.926E-4	2.568E-4
4.000	0.193	1.410E-3	1.118E-4	2.211E-5	-1.422E-5	1.898E-4
4.033	0.193	1.415E-3	6.605E-5	1.389E-4	-1.105E-3	-1.746E-3
4.067	0.193	1.420E-3	2.508E-5	-8.771E-5	1.337E-4	-2.540E-3
4.100	0.193	1.410E-3	7.569E-5	-1.145E-4	-6.230E-4	-8.566E-4
4.133	0.193	1.412E-3	1.220E-5	-4.574E-5	9.684E-4	2.339E-3
4.167	0.193	1.407E-3	7.697E-5	-3.563E-5	-4.194E-4	1.246E-3
4.200	0.193	1.410E-3	7.533E-5	8.956E-5	-2.059E-3	7.512E-4
4.233	0.193	1.413E-3	-1.315E-4	8.189E-6	-2.672E-3	-2.037E-3
4.267	0.193	1.410E-3	-9.557E-5	-6.996E-5	1.792E-3	9.910E-4
4.300	0.193	1.408E-3	5.997E-6	6.760E-5	2.335E-3	3.466E-3
4.333	0.193	1.415E-3	5.839E-5	1.994E-4	1.023E-3	1.906E-3
4.367	0.193	1.421E-3	7.407E-5	1.775E-4	-3.496E-4	-1.659E-3
4.400	0.193	1.426E-3	3.742E-5	9.297E-5	-2.121E-3	-2.495E-3
4.433	0.193	1.427E-3	-6.740E-5	-6.540E-7	-1.887E-3	-4.741E-3
4.467	0.193	1.426E-3	-1.073E-4	-1.978E-4	-1.599E-4	-2.105E-3
4.500	0.193	1.414E-3	-6.203E-5	-2.078E-4	9.981E-4	2.955E-3
4.533	0.193	1.413E-3	-4.115E-5	5.392E-5	1.504E-3	7.039E-3
4.567	0.193	1.418E-3	2.819E-5	2.543E-4	2.660E-3	-2.086E-4
4.600	0.193	1.430E-3	1.462E-4	9.042E-5	2.927E-3	-4.503E-4
4.633	0.193	1.424E-3	2.258E-4	9.744E-5	-1.178E-3	4.069E-3
4.667	0.193	1.436E-3	9.042E-5	4.619E-4	-6.914E-3	5.630E-3
4.700	0.193	1.455E-3	-2.582E-4	4.740E-4	-3.463E-3	2.122E-3
4.733	0.193	1.468E-3	-2.053E-4	5.436E-4	9.129E-4	-1.675E-3
4.767	0.193	1.491E-3	-8.483E-5	4.532E-4	4.003E-3	-5.039E-3
4.800	0.193	1.498E-3	-3.173E-5	1.276E-4	1.536E-3	-6.497E-3
4.833	0.193	1.499E-3	9.125E-5	3.351E-5	-3.508E-4	-8.199E-3
4.867	0.193	1.500E-3	-7.718E-5	-3.571E-4	-5.905E-3	-7.699E-3
4.900	0.193	1.476E-3	-3.124E-4	-6.045E-4	-2.903E-3	-5.913E-4
4.933	0.193	1.460E-3	-3.049E-4	-3.264E-4	3.310E-3	6.701E-3
4.967	0.193	1.454E-3	-5.722E-5	-1.398E-4	4.230E-4	1.914E-3
5.000	0.193	1.450E-3	-2.185E-4	-1.953E-4	1.882E-3	2.697E-3
5.033	0.193	1.441E-3	-8.982E-5	-2.966E-5	6.613E-3	7.929E-4
5.067	0.193	1.448E-3	3.740E-4	-1.900E-5	3.451E-3	2.019E-3
5.100	0.193	1.440E-3	1.366E-4	-3.659E-5	-5.824E-3	2.208E-4
5.133	0.193	1.446E-3	-1.096E-4	1.098E-4	-2.862E-3	2.044E-3
5.167	0.193	1.447E-3	-9.586E-6	3.992E-5	2.317E-3	-1.125E-3
5.200	0.193	1.449E-3	5.484E-5	5.197E-5	3.441E-3	3.286E-4
5.233	0.193	1.450E-3	1.940E-4	5.732E-5	1.533E-3	-1.119E-3
5.267	0.193	1.453E-3	2.109E-4	-8.882E-6	-6.194E-3	-5.215E-3
5.300	0.193	1.450E-3	-2.255E-4	-2.844E-4	-6.138E-3	-3.366E-3
5.333	0.193	1.434E-3	-3.071E-4	-3.055E-4	1.604E-3	2.852E-3
5.367	0.193	1.429E-3	-1.277E-5	-2.838E-5	6.343E-3	7.424E-3
5.400	0.193	1.432E-3	9.087E-5	1.765E-4	-5.775E-4	2.351E-3
5.433	0.193	1.441E-3	-2.262E-5	1.623E-4	-1.128E-3	2.222E-4
5.467	0.193	1.442E-3	-5.552E-5	1.288E-4	4.511E-3	-5.366E-4
5.500	0.193	1.450E-3	3.046E-4	1.749E-4		
5.533	0.193	1.454E-3				
