	mass A						
t	x	y	vx	vy	ax	ay	
0.000	0.135	-5.478E-4				
0.033	0.135	-5.472E-4	7.585E-5	-1.541E-4		
0.067	0.135	-5.581E-4	1.104E-4	-5.801E-5	-2.574E-4	2.021E-3
0.100	0.135	-5.510E-4	3.776E-5	9.929E-5	-3.774E-3	5.922E-3
0.133	0.135	-5.515E-4	-1.230E-4	2.306E-4	8.558E-4	6.828E-3
0.167	0.135	-5.356E-4	2.059E-5	6.201E-4	7.535E-3	-2.351E-3
0.200	0.135	-5.102E-4	4.555E-4	1.657E-4	2.437E-3	-1.449E-2
0.233	0.135	-5.246E-4	2.413E-4	-5.245E-4	-7.692E-3	-9.087E-3
0.267	0.135	-5.451E-4	-1.789E-4	-4.100E-4	-5.727E-3	4.958E-3
0.300	0.135	-5.519E-4	-1.172E-4	-1.323E-4	1.303E-3	7.202E-3
0.333	0.135	-5.539E-4	-4.757E-5	4.602E-5	4.240E-4	3.358E-3
0.367	0.135	-5.489E-4	-1.130E-4	1.168E-4	1.900E-3	-1.520E-3
0.400	0.135	-5.462E-4	5.104E-5	-6.057E-5	1.244E-3	-1.732E-3
0.433	0.135	-5.529E-4	5.385E-5	-5.504E-5	-1.220E-3	-1.006E-3
0.467	0.135	-5.498E-4	-1.130E-4	-4.566E-5	-3.068E-3	1.083E-3
0.500	0.135	-5.559E-4	-1.157E-4	-6.075E-5	1.338E-3	1.307E-3
0.533	0.135	-5.539E-4	-4.569E-5	9.190E-5	2.245E-3	1.677E-3
0.567	0.135	-5.498E-4	6.102E-5	5.205E-5	1.498E-3	-3.475E-2
0.600	0.135	-5.504E-4	4.927E-5	-1.970E-3	2.659E-3	2.022E-2
0.633	0.135	-6.811E-4	2.027E-4	2.557E-4	-7.199E-4	2.384E-2
0.667	0.135	-5.334E-4	9.741E-5	1.509E-3	-5.978E-3	-1.396E-3
0.700	0.135	-5.805E-4	-2.888E-4	-1.288E-3	-8.421E-3	-4.104E-2
0.733	0.135	-6.192E-4	-4.442E-4	-8.210E-4	1.749E-3	1.887E-2
0.767	0.135	-6.352E-4	-2.141E-4	-1.728E-5	6.847E-3	1.855E-2
0.800	0.135	-6.204E-4	9.759E-5	4.927E-4	6.122E-3	5.969E-3
0.833	0.135	-6.024E-4	1.565E-4	3.540E-4	-2.142E-3	-1.409E-4
0.867	0.135	-5.968E-4	-1.145E-5	3.920E-4	-3.015E-4	-1.374E-3
0.900	0.135	-5.763E-4	3.903E-5	3.854E-4	6.658E-4	-4.006E-3
0.933	0.135	-5.711E-4	1.525E-4	4.353E-5	1.435E-4	-7.322E-3
0.967	0.135	-5.734E-4	-2.098E-5	-9.786E-5	-3.101E-3	-3.499E-3
1.000	0.135	-5.776E-4	-4.678E-5	-1.751E-4	-2.243E-3	-2.472E-3
1.033	0.135	-5.850E-4	-1.464E-4	-2.661E-4	-1.156E-3	-1.289E-3
1.067	0.135	-5.953E-4	-1.695E-4	-2.718E-4	4.273E-3	-2.512E-3
1.100	0.135	-6.032E-4	1.466E-4	-3.940E-4	5.353E-3	4.518E-3
1.133	0.135	-6.216E-4	2.571E-4	-8.797E-5	6.019E-5	1.283E-2
1.167	0.135	-6.090E-4	9.102E-5	5.874E-4	-4.389E-3	7.552E-3
1.200	0.135	-5.824E-4	-2.285E-5	4.575E-4	-1.188E-3	-6.044E-3
1.233	0.135	-5.785E-4	-1.123E-5	6.493E-5	1.638E-4	-9.630E-3
1.267	0.135	-5.781E-4	2.548E-5	-1.306E-4	2.004E-3	-1.489E-3
1.300	0.135	-5.872E-4	8.527E-5	-9.332E-5	-7.501E-4	2.423E-3
1.333	0.135	-5.843E-4	3.204E-5	1.008E-4	-3.664E-4	1.975E-3
1.367	0.135	-5.805E-4	-1.303E-5	2.891E-5	-7.996E-4	-4.074E-4
1.400	0.135	-5.824E-4	3.980E-5	3.407E-5	-1.352E-3	-4.989E-4
1.433	0.135	-5.782E-4	-1.199E-4	4.533E-5	-1.825E-3	2.449E-4
1.467	0.135	-5.794E-4	-1.185E-4	8.468E-6	-1.337E-3	-1.077E-3
1.500	0.135	-5.777E-4	-1.453E-4	3.940E-6	1.187E-3	-2.517E-3
1.533	0.135	-5.791E-4	-1.152E-4	-1.621E-4	2.701E-3	-1.968E-3
1.567	0.135	-5.885E-4	9.325E-5	-1.702E-4	2.396E-3	2.125E-3
1.600	0.135	-5.905E-4	4.780E-5	1.713E-5	-1.009E-3	3.701E-3
1.633	0.135	-5.873E-4	-1.156E-5	8.412E-5	2.739E-4	-6.256E-4
1.667	0.135	-5.849E-4	8.006E-5	-2.425E-5	1.391E-3	-1.703E-3
1.700	0.135	-5.890E-4	9.911E-5	-6.450E-5	-4.867E-4	3.773E-4
1.733	0.135	-5.892E-4	3.167E-5	2.693E-5	-6.378E-4	3.345E-3
1.767	0.135	-5.872E-4	4.819E-5	1.472E-4	-2.261E-4	4.128E-3
1.800	0.135	-5.793E-4	4.046E-5	3.114E-4	2.527E-4	1.092E-3
1.833	0.135	-5.664E-4	3.709E-5	2.494E-4	-1.362E-3	-3.572E-3
1.867	0.135	-5.627E-4	-1.485E-5	3.352E-5	-2.369E-5	-3.660E-3
1.900	0.135	-5.642E-4	-1.442E-5	-2.554E-6	6.257E-4	-1.192E-3
1.933	0.135	-5.629E-4	7.199E-5	-1.559E-5	2.484E-3	2.110E-3
1.967	0.135	-5.652E-4	1.233E-4	9.354E-5	6.545E-3	2.268E-4
2.000	0.135	-5.567E-4	4.866E-4	7.916E-5	6.694E-2	6.817E-4
2.033	0.135	-5.599E-4	4.177E-3	4.459E-5	0.332	3.018E-3
2.067	0.136	-5.537E-4	2.153E-2	3.266E-4	0.514	2.403E-3
2.100	0.137	-5.382E-4	4.115E-2	2.543E-4	0.281	-5.734E-3
2.133	0.138	-5.367E-4	4.077E-2	-1.136E-4	5.436E-2	-3.449E-3
2.167	0.140	-5.457E-4	4.130E-2	-2.506E-5	5.890E-2	6.933E-3
2.200	0.141	-5.384E-4	4.749E-2	4.133E-4	0.132	1.121E-2
2.233	0.143	-5.182E-4	4.882E-2	7.253E-4	0.112	-1.280E-3
2.267	0.144	-4.900E-4	5.487E-2	3.979E-4	0.163	-5.364E-3
2.300	0.146	-4.916E-4	6.048E-2	1.895E-4	6.880E-2	-1.023E-2
2.333	0.148	-4.774E-4	5.951E-2	-8.013E-5	0.141	-3.218E-3
2.367	0.150	-4.970E-4	6.761E-2	-2.518E-4	0.219	-6.153E-3
2.400	0.153	-4.942E-4	7.747E-2	-2.714E-4	0.242	-2.569E-3
2.433	0.155	-5.151E-4	8.151E-2	-5.792E-4	0.255	-7.071E-4
2.467	0.158	-5.328E-4	9.457E-2	-2.890E-4	0.246	2.174E-3
2.500	0.162	-5.343E-4	0.100	-3.309E-4	0.198	-7.712E-3
2.533	0.165	-5.549E-4	0.105	-8.813E-4	3.063E-2	-2.370E-3
2.567	0.169	-5.931E-4	0.106	-6.019E-4	-0.110	9.786E-3
2.600	0.172	-5.950E-4	9.498E-2	-3.795E-5	-0.296	1.032E-2
2.633	0.175	-5.956E-4	8.627E-2	9.527E-6	-0.259	-9.216E-4
2.667	0.178	-5.944E-4	7.763E-2	-7.749E-5	-0.193	-3.066E-3
2.700	0.180	-6.008E-4	7.288E-2	-2.271E-4	-0.113	1.451E-3
2.733	0.183	-6.095E-4	7.078E-2	-9.929E-6	-0.114	-1.282E-3
2.767	0.185	-6.015E-4	6.545E-2	-1.762E-4	-0.236	1.720E-3
2.800	0.187	-6.213E-4	5.512E-2	-1.184E-4	-0.378	-7.534E-4
2.833	0.189	-6.093E-4	4.014E-2	1.754E-5	-0.508	4.833E-3
2.867	0.190	-6.201E-4	2.128E-2	-6.181E-6	-0.503	-9.450E-4
2.900	0.190	-6.098E-4	5.571E-3	1.203E-4	-0.315	1.705E-3
2.933	0.190	-6.121E-4	2.501E-4	-1.374E-6	-9.157E-2	-9.690E-4
2.967	0.190	-6.099E-4	2.084E-4	9.762E-5	-2.692E-3	3.440E-3
3.000	0.190	-6.056E-4	9.373E-5	2.150E-4	1.997E-3	1.487E-3
3.033	0.190	-5.955E-4	2.669E-4	2.274E-4	-6.155E-4	-1.464E-3
3.067	0.190	-5.904E-4	2.024E-4	9.277E-5	-1.759E-3	-4.672E-3
3.100	0.190	-5.893E-4	-1.253E-5	-7.567E-5	-2.835E-3	-7.243E-4
3.133	0.190	-5.954E-4	1.064E-4	-3.206E-6	-8.038E-4	2.882E-3
3.167	0.190	-5.895E-4	-6.928E-5	1.824E-4	-1.912E-3	2.272E-3
3.200	0.190	-5.833E-4	-8.312E-5	1.322E-4	2.270E-3	-2.206E-3
3.233	0.190	-5.807E-4	1.342E-4	2.577E-5	4.117E-3	-5.442E-4
3.267	0.190	-5.816E-4	1.946E-4	7.521E-5	-2.737E-3	8.188E-4
3.300	0.190	-5.757E-4	-3.282E-5	1.235E-4	-3.493E-3	-4.947E-4
3.333	0.190	-5.733E-4	-1.155E-4	2.054E-5	1.977E-3	-3.269E-3
3.367	0.190	-5.744E-4	1.475E-4	-9.286E-5	5.684E-3	6.082E-4
3.400	0.190	-5.795E-4	2.826E-4	2.498E-5	-1.083E-3	2.089E-3
3.433	0.190	-5.727E-4	8.540E-5	1.190E-4	-5.856E-3	1.490E-3
3.467	0.190	-5.716E-4	-1.587E-4	6.890E-5	-2.827E-3	-2.016E-3
3.500	0.190	-5.681E-4	-1.019E-4	1.928E-5	4.945E-3	-9.477E-4
3.533	0.190	-5.703E-4	1.806E-4	-2.912E-5	2.994E-3	-1.088E-3
3.567	0.190	-5.700E-4	1.632E-4	-2.564E-5	-7.451E-3	-5.943E-4
3.600	0.190	-5.720E-4	-3.532E-4	-8.059E-5	-4.474E-3	3.628E-3
3.633	0.190	-5.754E-4	-2.568E-4	1.753E-4	5.614E-3	2.615E-3
3.667	0.190	-5.603E-4	1.815E-4	2.106E-4	6.183E-3	-5.471E-3
3.700	0.190	-5.614E-4	1.158E-4	-2.648E-4	-2.207E-3	-7.629E-3
3.733	0.190	-5.780E-4	7.953E-6	-3.511E-4	-8.035E-4	2.660E-3
3.767	0.190	-5.848E-4	5.981E-5	-3.607E-5	1.086E-3	7.745E-3
3.800	0.190	-5.804E-4	1.064E-4	1.846E-4	-1.610E-3	1.902E-3
3.833	0.190	-5.725E-4	-4.589E-5	1.013E-4	-3.048E-3	-2.165E-3
3.867	0.190	-5.736E-4	-1.358E-4	-9.732E-6	-1.015E-3	-2.352E-3
3.900	0.190	-5.731E-4	-8.568E-5	-2.339E-5	1.724E-3	5.673E-4
3.933	0.190	-5.752E-4	-2.958E-5	3.977E-6	6.970E-4	2.152E-3
3.967	0.190	-5.729E-4	-2.260E-5	1.352E-4	4.443E-4	1.008E-3
4.000	0.190	-5.662E-4	-2.260E-5	9.535E-5	2.417E-3	-2.156E-3
4.033	0.190	-5.665E-4	1.373E-4	-4.304E-5	5.153E-4	-2.353E-3
4.067	0.190	-5.690E-4	6.847E-5	-5.857E-5	-2.006E-3	-3.853E-4
4.100	0.190	-5.704E-4	-7.516E-5	-5.659E-5	-2.380E-3	1.379E-3
4.133	0.190	-5.728E-4	-4.674E-5	1.391E-5	8.582E-4	8.817E-4
4.167	0.190	-5.695E-4	-3.451E-5	3.803E-5	8.908E-4	-2.076E-3
4.200	0.190	-5.703E-4	2.074E-5	-1.383E-4	4.393E-4	-6.687E-4
4.233	0.190	-5.787E-4	3.226E-6	-5.804E-5	-1.722E-4	1.298E-3
4.267	0.190	-5.741E-4	-1.016E-5	3.462E-5	-5.151E-4	1.666E-3
4.300	0.190	-5.764E-4	-1.265E-5	-1.172E-5	4.696E-4	-4.744E-4
4.333	0.190	-5.749E-4	1.817E-6	3.465E-5	3.054E-4	1.139E-3
4.367	0.190	-5.741E-4	2.781E-5	5.018E-5	4.656E-4	-1.562E-3
4.400	0.190	-5.716E-4	1.932E-5	-4.419E-5	1.453E-3	-7.576E-4
4.433	0.190	-5.770E-4	1.180E-4	-5.349E-5	-1.467E-3	1.768E-4
4.467	0.190	-5.751E-4	-2.234E-5	2.094E-5	-3.455E-3	1.333E-3
4.500	0.190	-5.756E-4	-1.976E-4	6.686E-6	-8.900E-4	3.438E-4
4.533	0.190	-5.747E-4	-4.783E-5	5.148E-5	3.693E-3	1.553E-3
4.567	0.190	-5.722E-4	6.629E-5	1.092E-4	3.728E-3	4.675E-3
4.600	0.190	-5.674E-4	1.782E-4	3.412E-4	3.257E-3	9.259E-3
4.633	0.190	-5.494E-4	3.036E-4	7.483E-4	-3.779E-4	7.461E-3
4.667	0.190	-5.175E-4	1.715E-4	8.810E-4	7.446E-4	-7.184E-3
4.700	0.190	-4.907E-4	2.657E-4	2.910E-4	4.845E-4	-5.377E-3
4.733	0.190	-4.981E-4	3.282E-4	3.106E-4	-4.652E-3	-5.919E-3
4.767	0.190	-4.700E-4	-1.029E-4	2.122E-4	-9.001E-3	-5.420E-3
4.800	0.190	-4.840E-4	-3.152E-4	-3.213E-4	-2.381E-3	-9.758E-3
4.833	0.190	-4.914E-4	-2.296E-4	-3.081E-4	4.092E-3	-1.001E-3
4.867	0.190	-5.045E-4	-4.591E-5	-4.220E-4	3.489E-3	7.454E-5
4.900	0.190	-5.196E-4	3.519E-5	-3.183E-4	-1.061E-3	3.150E-3
4.933	0.190	-5.257E-4	-1.285E-4	-1.718E-4	-1.032E-3	1.603E-3
4.967	0.190	-5.310E-4	-8.620E-5	-2.180E-4	6.374E-4	1.569E-3
5.000	0.190	-5.403E-4	-9.011E-6	-1.102E-4	2.590E-3	1.917E-3
5.033	0.190	-5.384E-4	2.115E-5	-2.238E-5	6.239E-4	2.573E-3
5.067	0.190	-5.418E-4	8.618E-5	-5.995E-8	-2.896E-4	-4.844E-4
5.100	0.190	-5.384E-4	-2.203E-5	4.707E-7	-3.523E-3	4.016E-4
5.133	0.190	-5.417E-4	-1.472E-4	-2.747E-5	-3.218E-4	1.294E-3
5.167	0.190	-5.402E-4	-7.554E-5	1.128E-4	3.687E-3	4.612E-5
5.200	0.190	-5.342E-4	1.385E-4	8.503E-6	2.748E-3	-1.731E-3
5.233	0.190	-5.396E-4	1.212E-4	-7.358E-5		
5.267	0.190	-5.391E-4				
