	mass A						
t	x	y	vx	vy	ax	ay	
0.000	0.153	5.441E-4				
0.033	0.153	5.428E-4	1.485E-5	3.995E-5		
0.067	0.153	5.467E-4	-7.311E-5	2.955E-5	-1.223E-3	-1.517E-3
0.100	0.153	5.448E-4	-1.049E-4	-9.243E-5	-2.010E-3	-7.130E-4
0.133	0.153	5.406E-4	-1.578E-4	-2.913E-5	2.395E-3	1.939E-3
0.167	0.153	5.429E-4	-2.416E-5	6.944E-5	3.679E-3	-6.531E-4
0.200	0.153	5.452E-4	1.826E-4	-6.668E-5	2.646E-3	-1.530E-3
0.233	0.153	5.384E-4	1.077E-4	-8.844E-5	-2.827E-3	-3.482E-4
0.267	0.153	5.393E-4	2.676E-6	-2.926E-5	-5.817E-3	-3.072E-3
0.300	0.153	5.365E-4	-2.691E-4	-2.958E-4	-1.376E-3	6.812E-4
0.333	0.153	5.196E-4	-1.759E-4	-9.464E-5	3.086E-3	3.182E-3
0.367	0.153	5.301E-4	5.586E-5	9.552E-5	1.515E-3	2.757E-3
0.400	0.153	5.260E-4	-1.166E-4	-4.440E-5	-9.402E-5	-6.680E-4
0.433	0.153	5.272E-4	-6.817E-6	9.719E-5	2.518E-3	9.080E-4
0.467	0.153	5.324E-4	1.424E-4	3.872E-5	2.009E-3	-6.222E-4
0.500	0.153	5.298E-4	7.286E-5	1.507E-6	-1.776E-3	-7.799E-4
0.533	0.153	5.325E-4	4.154E-5	3.401E-5	4.784E-5	1.154E-3
0.567	0.153	5.320E-4	5.723E-5	4.432E-5	-3.803E-5	2.840E-5
0.600	0.153	5.355E-4	6.559E-5	6.535E-5	7.640E-4	-2.099E-4
0.633	0.153	5.364E-4	7.971E-5	1.291E-5	-1.662E-3	-6.370E-4
0.667	0.153	5.364E-4	-2.243E-6	2.114E-5	-5.367E-4	-6.051E-4
0.700	0.153	5.378E-4	-2.172E-5	-1.122E-5	-5.909E-4	3.725E-4
0.733	0.153	5.356E-4	2.367E-5	1.552E-5	1.349E-4	-1.265E-3
0.767	0.153	5.388E-4	-5.154E-5	-4.428E-5	-3.927E-3	-2.187E-3
0.800	0.153	5.327E-4	-2.053E-4	-1.826E-4	3.933E-4	2.282E-4
0.833	0.153	5.267E-4	-1.056E-4	-2.953E-5	5.214E-3	2.014E-3
0.867	0.153	5.307E-4	2.257E-4	9.967E-6	4.593E-3	9.146E-4
0.900	0.153	5.273E-4	2.011E-4	-3.156E-5	-2.578E-3	2.487E-4
0.933	0.153	5.286E-4	2.422E-5	5.909E-5	-4.113E-3	1.589E-5
0.967	0.153	5.313E-4	-7.623E-5	-1.992E-5	-2.175E-4	1.473E-4
1.000	0.153	5.273E-4	-1.282E-6	1.747E-5	1.346E-3	9.116E-4
1.033	0.153	5.324E-4	5.255E-5	1.022E-4	-8.897E-4	1.338E-3
1.067	0.153	5.341E-4	-7.655E-5	6.896E-5	-1.861E-3	-6.722E-4
1.100	0.153	5.370E-4	-9.719E-5	7.291E-5	1.216E-3	-9.387E-4
1.133	0.153	5.389E-4	2.526E-5	6.221E-6	2.078E-3	-2.775E-3
1.167	0.153	5.374E-4	5.441E-5	-1.143E-4	-3.972E-4	-2.211E-3
1.200	0.153	5.313E-4	-1.370E-5	-1.577E-4	-6.811E-4	1.130E-3
1.233	0.153	5.269E-4	-3.587E-6	-3.517E-5	9.107E-4	2.636E-3
1.267	0.153	5.290E-4	6.275E-5	4.408E-5	5.950E-4	1.270E-3
1.300	0.153	5.299E-4	4.097E-5	3.048E-5	-6.109E-4	-3.449E-4
1.333	0.153	5.310E-4	6.381E-6	2.557E-5	-6.596E-4	-7.980E-5
1.367	0.153	5.316E-4	5.931E-6	2.176E-5	-2.817E-4	8.920E-4
1.400	0.153	5.324E-4	-1.372E-5	7.976E-5	-6.034E-4	1.699E-3
1.433	0.153	5.369E-4	-3.542E-5	1.477E-4	-2.981E-3	-1.918E-3
1.467	0.153	5.423E-4	-1.923E-4	-2.498E-5	1.637E-3	-8.350E-4
1.500	0.153	5.352E-4	-1.371E-5	5.521E-6	3.463E-3	3.510E-4
1.533	0.153	5.427E-4	1.728E-4	1.042E-4	1.062E-3	-4.211E-4
1.567	0.153	5.422E-4	-2.157E-5	-7.843E-5	-3.004E-3	-2.959E-3
1.600	0.153	5.374E-4	-2.984E-5	-1.003E-4	9.554E-4	1.003E-3
1.633	0.153	5.355E-4	5.737E-5	1.095E-6	5.079E-4	1.882E-3
1.667	0.153	5.375E-4	2.018E-5	3.914E-5	-8.136E-4	5.643E-4
1.700	0.153	5.381E-4	-2.908E-5	2.333E-5	-9.438E-4	7.182E-5
1.733	0.153	5.391E-4	-2.052E-5	4.611E-5	1.881E-3	2.021E-3
1.767	0.153	5.412E-4	7.059E-5	1.498E-4	6.105E-4	7.981E-4
1.800	0.153	5.490E-4	7.072E-5	1.359E-4	-9.214E-4	-2.086E-3
1.833	0.153	5.502E-4	-3.872E-5	-2.209E-5	-2.358E-3	-3.709E-3
1.867	0.153	5.476E-4	-6.597E-5	-1.093E-4	1.894E-3	-9.570E-4
1.900	0.153	5.429E-4	5.730E-5	-9.271E-5	2.743E-4	1.443E-3
1.933	0.153	5.414E-4	2.613E-5	-2.051E-6	-1.825E-3	2.400E-3
1.967	0.153	5.428E-4	-1.408E-4	6.954E-5	-1.611E-3	1.013E-4
2.000	0.153	5.460E-4	-5.963E-5	1.741E-5	2.265E-3	-2.534E-3
2.033	0.153	5.440E-4	2.368E-5	-1.179E-4	1.357E-3	-8.120E-4
2.067	0.153	5.382E-4	2.880E-5	-5.798E-5	5.180E-4	1.518E-3
2.100	0.153	5.401E-4	4.721E-5	2.864E-5	2.045E-4	1.862E-3
2.133	0.153	5.401E-4	5.662E-5	3.596E-5	-8.426E-4	-2.340E-3
2.167	0.153	5.425E-4	-1.313E-5	-8.952E-5	-1.248E-3	-2.322E-4
2.200	0.153	5.341E-4	-3.986E-5	-5.865E-5	-1.081E-4	4.864E-4
2.233	0.153	5.386E-4	-9.108E-6	3.535E-5	-5.975E-4	1.165E-3
2.267	0.153	5.365E-4	-6.966E-5	-4.020E-5	5.426E-4	-1.035E-3
2.300	0.153	5.359E-4	-1.279E-5	-1.333E-5	3.928E-4	2.678E-3
2.333	0.153	5.356E-4	1.702E-5	1.177E-4	7.116E-4	-1.197E-4
2.367	0.153	5.438E-4	-2.014E-5	4.349E-5	-6.971E-4	-1.662E-3
2.400	0.153	5.385E-4	6.637E-6	-8.013E-5	8.061E-4	-1.059E-3
2.433	0.153	5.384E-4	9.988E-6	2.085E-5	3.803E-3	4.379E-3
2.467	0.153	5.399E-4	2.471E-4	1.867E-4	5.502E-3	2.934E-3
2.500	0.153	5.509E-4	4.309E-4	2.635E-4	-6.452E-4	-1.085E-3
2.533	0.153	5.574E-4	2.014E-4	9.027E-5	-3.106E-3	-3.405E-3
2.567	0.153	5.569E-4	1.430E-4	1.140E-5	-1.126E-3	-1.155E-3
2.600	0.153	5.582E-4	2.132E-4	3.697E-5	-2.662E-4	2.383E-3
2.633	0.153	5.593E-4	8.505E-5	1.491E-4	-2.356E-3	4.533E-4
2.667	0.153	5.681E-4	5.412E-5	1.208E-4	1.789E-2	1.618E-3
2.700	0.153	5.674E-4	1.135E-3	1.720E-4	0.157	-1.816E-3
2.733	0.153	5.796E-4	9.770E-3	1.120E-4	0.444	-2.039E-3
2.767	0.154	5.749E-4	3.084E-2	-7.411E-5	0.354	3.103E-3
2.800	0.155	5.747E-4	3.718E-2	3.271E-4	0.106	7.648E-3
2.833	0.156	5.967E-4	3.342E-2	5.385E-4	1.293E-2	-9.097E-4
2.867	0.157	6.106E-4	3.964E-2	2.133E-4	0.148	-4.780E-3
2.900	0.159	6.109E-4	4.349E-2	1.579E-4	0.119	5.268E-4
2.933	0.160	6.211E-4	4.710E-2	3.182E-4	0.130	-3.732E-3
2.967	0.162	6.321E-4	5.237E-2	-5.384E-5	0.195	-8.238E-3
3.000	0.164	6.175E-4	5.981E-2	-3.544E-4	0.179	1.348E-4
3.033	0.166	6.085E-4	6.515E-2	-4.269E-6	0.210	1.008E-3
3.067	0.168	6.172E-4	7.234E-2	-1.622E-4	0.169	-3.376E-3
3.100	0.171	5.977E-4	7.829E-2	-4.135E-4	0.184	8.100E-4
3.133	0.173	5.896E-4	8.277E-2	-2.831E-5	0.255	2.521E-3
3.167	0.176	5.958E-4	9.572E-2	-1.605E-4	0.221	-8.239E-3
3.200	0.180	5.789E-4	9.957E-2	-6.810E-4	0.116	-5.695E-3
3.233	0.183	5.504E-4	0.101	-5.809E-4	6.961E-3	2.588E-3
3.267	0.186	5.402E-4	0.102	-3.918E-4	-7.200E-2	2.796E-3
3.300	0.190	5.242E-4	9.481E-2	-4.615E-4	-0.243	1.025E-3
3.333	0.193	5.095E-4	8.597E-2	-3.232E-4	-0.209	6.210E-3
3.367	0.195	5.027E-4	8.053E-2	-3.891E-5	-0.190	6.672E-3
3.400	0.198	5.069E-4	7.428E-2	1.479E-4	-0.198	1.631E-3
3.433	0.200	5.126E-4	6.650E-2	6.776E-5	-0.175	1.091E-4
3.467	0.202	5.114E-4	6.267E-2	1.026E-4	-0.164	2.660E-3
3.500	0.204	5.194E-4	5.641E-2	2.919E-4	-0.288	-3.434E-3
3.533	0.206	5.308E-4	4.325E-2	-7.203E-5	-0.459	-8.302E-3
3.567	0.207	5.146E-4	2.566E-2	-4.000E-4	-0.516	-8.190E-4
3.600	0.208	5.042E-4	8.353E-3	-7.617E-5	-0.370	5.980E-3
3.633	0.208	5.095E-4	2.252E-4	6.712E-5	-0.140	3.135E-3
3.667	0.208	5.087E-4	-4.386E-5	6.010E-5	-6.171E-3	8.882E-4
3.700	0.208	5.135E-4	-4.523E-5	1.620E-4	2.996E-3	1.521E-3
3.733	0.208	5.195E-4	4.064E-5	1.567E-4	4.007E-4	-6.101E-4
3.767	0.208	5.240E-4	1.113E-4	1.159E-4	1.947E-3	1.512E-3
3.800	0.208	5.272E-4	5.637E-5	2.351E-4	4.667E-4	-5.072E-4
3.833	0.208	5.396E-4	2.089E-4	1.557E-4	4.605E-4	-4.077E-4
3.867	0.208	5.376E-4	8.915E-5	1.022E-4	3.899E-5	-3.039E-4
3.900	0.208	5.465E-4	1.454E-4	2.203E-4	-9.931E-4	-1.095E-3
3.933	0.208	5.523E-4	1.251E-4	1.507E-5	6.276E-4	-5.137E-3
3.967	0.208	5.475E-4	7.795E-5	-1.587E-4	-2.603E-3	-4.113E-4
4.000	0.208	5.417E-4	5.376E-5	-1.643E-5	-1.149E-3	1.905E-3
4.033	0.208	5.464E-4	-8.162E-5	3.108E-5	-2.330E-4	2.592E-3
4.067	0.208	5.437E-4	6.503E-5	7.990E-5	1.292E-3	-4.706E-4
4.100	0.208	5.517E-4	4.219E-5	8.293E-5	-4.704E-5	-1.003E-3
4.133	0.208	5.493E-4	2.396E-6	-5.642E-5	-1.042E-3	-3.037E-3
4.167	0.208	5.479E-4	2.138E-5	-8.609E-5	-1.857E-3	-9.467E-4
4.200	0.208	5.435E-4	-1.364E-4	-1.346E-4	-2.237E-3	1.630E-3
4.233	0.208	5.390E-4	-1.575E-4	7.675E-6	3.300E-3	4.314E-3
4.267	0.208	5.440E-4	9.394E-5	1.895E-4	4.557E-3	1.964E-3
4.300	0.208	5.516E-4	1.962E-4	1.407E-4	-3.335E-4	-4.596E-3
4.333	0.208	5.534E-4	3.773E-5	-1.215E-4	-2.953E-3	-3.404E-3
4.367	0.208	5.435E-4	-1.854E-5	-1.461E-4	-1.676E-3	2.167E-3
4.400	0.208	5.437E-4	-4.570E-5	8.080E-5	1.384E-3	5.232E-3
4.433	0.208	5.489E-4	3.427E-5	1.966E-4	2.593E-4	-1.251E-3
4.467	0.208	5.568E-4	3.732E-5	2.816E-5	-7.727E-4	-3.618E-3
4.500	0.208	5.508E-4	-7.717E-5	-1.190E-4	-1.639E-3	-1.238E-3
4.533	0.208	5.489E-4	-4.914E-5	-1.306E-5	1.015E-3	5.074E-4
4.567	0.208	5.499E-4	-1.306E-5	-6.743E-5	1.978E-3	-1.514E-3
4.600	0.208	5.444E-4	7.941E-5	-1.506E-4	1.266E-3	-1.646E-3
4.633	0.208	5.398E-4	9.387E-5	-1.558E-4	-5.007E-4	3.675E-3
4.667	0.208	5.340E-4	2.435E-5	5.356E-5	-3.023E-3	3.064E-3
4.700	0.208	5.434E-4	-9.140E-5	1.379E-4	3.586E-4	3.911E-3
4.733	0.208	5.432E-4	-3.702E-6	2.089E-4	1.792E-3	-3.615E-3
4.767	0.208	5.573E-4	1.060E-4	3.533E-5	8.544E-4	-2.432E-3
4.800	0.208	5.455E-4	8.150E-6	-1.280E-4	-1.007E-3	-1.580E-3
4.833	0.208	5.488E-4	3.628E-5	5.663E-5	-5.373E-4	3.291E-3
4.867	0.208	5.493E-4	1.788E-6	4.283E-5	-2.830E-3	-2.233E-3
4.900	0.208	5.517E-4	-1.710E-4	-5.943E-5	-2.399E-3	-1.077E-3
4.933	0.208	5.453E-4	-1.823E-4	-8.534E-5	2.183E-3	2.215E-3
4.967	0.208	5.460E-4	-5.149E-6	1.222E-4	4.785E-3	1.516E-3
5.000	0.208	5.535E-4	1.469E-4	5.443E-5	1.130E-3	-4.780E-4
5.033	0.208	5.496E-4	8.670E-5	9.060E-6	-9.029E-4	1.644E-3
5.067	0.208	5.541E-4	3.815E-5	2.129E-4	-2.666E-3	2.544E-4
5.100	0.208	5.638E-4	-3.703E-5	6.326E-5	-2.411E-3	-4.420E-3
5.133	0.208	5.583E-4	-1.718E-4	-1.591E-4	-4.382E-4	-2.733E-3
5.167	0.208	5.532E-4	-6.064E-5	-9.318E-5	2.482E-3	2.819E-3
5.200	0.208	5.521E-4	2.661E-5	3.532E-5	9.997E-4	2.354E-4
5.233	0.208	5.555E-4	-1.233E-5	-4.521E-5	-1.139E-3	4.441E-4
5.267	0.208	5.491E-4	-4.929E-5	-1.328E-5	-6.859E-4	3.336E-4
5.300	0.208	5.547E-4	-6.136E-5	6.472E-5	1.813E-3	1.262E-3
5.333	0.208	5.534E-4	5.945E-5	8.889E-6	-8.071E-4	-8.025E-6
5.367	0.208	5.552E-4	-5.102E-5	8.781E-5	-1.542E-4	3.845E-3
5.400	0.208	5.592E-4	-6.221E-5	2.491E-4	-3.201E-3	7.730E-3
5.433	0.208	5.719E-4	-1.307E-4	6.034E-4	1.832E-3	1.120E-2
5.467	0.208	5.995E-4	-9.661E-5	1.015E-3	1.118E-2	-1.265E-2
5.500	0.208	6.395E-4	6.797E-4	-4.141E-5	1.106E-2	-2.828E-2
5.533	0.208	5.967E-4	7.781E-4	-1.256E-3	-7.672E-3	-8.166E-3
5.567	0.208	5.558E-4	5.155E-5	-5.038E-4	-1.333E-2	2.090E-2
5.600	0.208	5.631E-4	-1.823E-4	3.253E-4	-3.987E-3	1.109E-2
5.633	0.208	5.774E-4	-1.153E-4	1.951E-4	1.238E-3	-5.847E-3
5.667	0.208	5.761E-4	-1.423E-4	-1.330E-4	2.173E-3	-5.160E-3
5.700	0.208	5.686E-4	3.022E-5	-1.526E-4		
5.733	0.208	5.660E-4				
