	mass A						
t	x	y	vx	vy	ax	ay	
0.000	0.173	1.290E-3				
0.033	0.173	1.290E-3	-2.252E-6	5.446E-5		
0.067	0.173	1.294E-3	5.127E-5	2.864E-5	1.126E-3	-4.072E-4
0.100	0.173	1.292E-3	1.430E-4	-1.072E-5	6.106E-5	-1.408E-3
0.133	0.173	1.293E-3	2.113E-5	-3.176E-5	-3.431E-4	-2.843E-4
0.167	0.173	1.290E-3	9.574E-5	-5.957E-5	-5.839E-5	3.026E-3
0.200	0.173	1.289E-3	8.224E-5	1.631E-4	-5.458E-4	7.737E-4
0.233	0.173	1.301E-3	-7.369E-6	7.853E-5	-6.655E-4	-1.834E-3
0.267	0.173	1.295E-3	6.988E-5	-7.913E-5	3.269E-4	-1.126E-3
0.300	0.173	1.296E-3	2.386E-5	6.928E-5	1.162E-3	1.700E-3
0.333	0.173	1.299E-3	1.025E-4	3.783E-5	-1.053E-3	-5.918E-4
0.367	0.173	1.298E-3	3.695E-5	1.254E-6	-1.494E-3	2.118E-3
0.400	0.173	1.299E-3	-9.194E-5	1.766E-4	-1.779E-3	1.736E-3
0.433	0.173	1.310E-3	-2.400E-5	1.749E-4	4.309E-3	-1.024E-3
0.467	0.173	1.311E-3	1.506E-4	4.358E-5	-1.099E-3	-5.662E-3
0.500	0.173	1.313E-3	8.008E-6	-1.477E-4	-2.187E-3	-1.904E-3
0.533	0.173	1.301E-3	-1.444E-4	-1.707E-4	-2.282E-3	1.509E-3
0.567	0.173	1.301E-3	-3.389E-5	3.200E-5	1.871E-3	1.693E-3
0.600	0.173	1.303E-3	-7.125E-5	-6.237E-5	-6.158E-4	-1.787E-3
0.633	0.173	1.297E-3	-5.256E-5	-1.291E-4	1.077E-3	5.650E-4
0.667	0.173	1.295E-3	-1.634E-5	-5.940E-6	1.273E-3	2.493E-3
0.700	0.173	1.297E-3	4.771E-5	5.446E-5	1.273E-3	1.075E-3
0.733	0.173	1.298E-3	6.393E-5	4.886E-5	-4.496E-4	5.593E-4
0.767	0.173	1.300E-3	2.359E-5	9.218E-5	-9.745E-4	-4.345E-4
0.800	0.173	1.304E-3	-1.519E-5	4.009E-5	4.218E-4	-2.935E-4
0.833	0.173	1.303E-3	5.108E-5	3.244E-5	2.678E-4	-6.349E-4
0.867	0.173	1.306E-3	3.068E-5	4.184E-5	3.086E-4	3.625E-4
0.900	0.173	1.306E-3	2.864E-5	1.950E-5	-4.891E-4	-2.039E-3
0.933	0.173	1.308E-3	4.157E-5	-5.416E-5	-7.537E-4	-6.799E-4
0.967	0.173	1.302E-3	-4.829E-5	-7.991E-5	-1.256E-3	1.480E-4
1.000	0.173	1.302E-3	-4.365E-5	1.349E-6	-6.929E-4	1.240E-4
1.033	0.173	1.302E-3	-7.442E-5	-7.892E-5	2.015E-4	-1.135E-3
1.067	0.173	1.297E-3	-6.158E-5	-9.872E-5	6.461E-4	2.119E-3
1.100	0.173	1.296E-3	-6.305E-7	6.866E-5	1.034E-3	1.809E-3
1.133	0.173	1.302E-3	-6.872E-6	6.650E-5	-8.772E-4	-8.148E-4
1.167	0.173	1.300E-3	-4.930E-5	-3.965E-5	-3.372E-4	-2.274E-3
1.200	0.173	1.299E-3	-5.026E-5	-5.841E-5	4.379E-4	2.953E-4
1.233	0.173	1.296E-3	-5.189E-7	-3.951E-5	-1.173E-4	1.415E-3
1.267	0.173	1.297E-3	-5.547E-5	5.069E-5	-1.695E-5	2.006E-3
1.300	0.173	1.299E-3	-3.062E-5	9.604E-5	-1.051E-3	-2.079E-3
1.333	0.173	1.303E-3	-7.522E-5	-6.645E-5	1.610E-3	-1.677E-3
1.367	0.173	1.295E-3	-5.441E-7	-8.715E-5	8.384E-4	-1.780E-5
1.400	0.173	1.297E-3	7.486E-5	7.526E-6	2.284E-4	1.738E-3
1.433	0.173	1.296E-3	-5.070E-5	-1.346E-5	-8.043E-4	2.687E-4
1.467	0.173	1.296E-3	2.864E-5	4.039E-5	5.652E-4	3.318E-4
1.500	0.173	1.298E-3	2.125E-5	1.563E-5	4.990E-3	2.847E-3
1.533	0.173	1.297E-3	2.771E-4	1.843E-4	-1.300E-3	1.224E-3
1.567	0.173	1.310E-3	1.160E-4	1.935E-4	-4.574E-4	1.021E-3
1.600	0.173	1.310E-3	-7.140E-7	1.420E-4	2.646E-3	3.593E-3
1.633	0.173	1.320E-3	4.631E-4	4.792E-4	6.145E-3	5.325E-4
1.667	0.173	1.342E-3	3.969E-4	2.655E-4	-1.914E-3	-7.790E-3
1.700	0.173	1.338E-3	2.792E-4	-1.745E-4	1.244E-3	-1.968E-3
1.733	0.173	1.330E-3	4.829E-4	1.300E-4	4.367E-2	-3.962E-3
1.767	0.173	1.346E-3	2.915E-3	-2.326E-4	0.237	-7.569E-3
1.800	0.173	1.315E-3	1.544E-2	-6.658E-4	0.417	5.316E-3
1.833	0.174	1.302E-3	3.239E-2	2.152E-4	0.278	1.833E-2
1.867	0.176	1.329E-3	3.501E-2	7.064E-4	0.112	-3.721E-4
1.900	0.177	1.349E-3	3.692E-2	1.364E-4	0.104	-1.405E-2
1.933	0.178	1.338E-3	4.407E-2	-3.412E-4	0.146	-3.238E-3
1.967	0.180	1.326E-3	4.606E-2	-6.342E-5	8.112E-2	1.783E-2
2.000	0.181	1.334E-3	4.920E-2	8.489E-4	0.146	-1.454E-3
2.033	0.183	1.383E-3	5.574E-2	1.581E-4	0.149	-2.402E-3
2.067	0.185	1.345E-3	5.999E-2	5.701E-5	0.134	-1.011E-3
2.100	0.187	1.387E-3	6.358E-2	7.003E-4	0.213	-5.061E-3
2.133	0.189	1.391E-3	7.420E-2	-5.177E-4	0.267	-2.389E-2
2.167	0.192	1.352E-3	8.269E-2	-1.023E-3	0.285	-1.269E-2
2.200	0.195	1.323E-3	9.154E-2	-1.181E-3	0.163	-1.955E-3
2.233	0.198	1.273E-3	9.593E-2	-1.293E-3	0.145	9.387E-3
2.267	0.201	1.237E-3	9.846E-2	-5.330E-4	5.694E-2	8.346E-3
2.300	0.205	1.238E-3	0.102	-5.261E-4	-5.229E-2	9.034E-3
2.333	0.208	1.202E-3	9.441E-2	-2.824E-4	-0.204	4.615E-3
2.367	0.211	1.219E-3	8.735E-2	1.413E-4	-0.202	-2.593E-3
2.400	0.214	1.211E-3	8.193E-2	-6.200E-4	-0.150	-1.497E-2
2.433	0.216	1.178E-3	7.663E-2	-9.260E-4	-0.157	1.158E-3
2.467	0.219	1.150E-3	7.211E-2	-5.111E-4	-0.164	6.793E-3
2.500	0.221	1.144E-3	6.543E-2	-3.636E-4	-0.190	6.781E-3
2.533	0.223	1.125E-3	5.931E-2	-2.080E-4	-0.239	-7.656E-4
2.567	0.225	1.130E-3	5.013E-2	-2.381E-4	-0.383	8.880E-3
2.600	0.226	1.110E-3	3.373E-2	1.248E-4	-0.533	-7.366E-4
2.633	0.227	1.138E-3	1.409E-2	8.562E-5	-0.455	6.701E-4
2.667	0.227	1.115E-3	2.322E-3	-2.224E-4	-0.217	-2.026E-3
2.700	0.227	1.123E-3	4.195E-4	1.997E-4	-3.551E-2	4.824E-3
2.733	0.227	1.129E-3	3.160E-4	3.778E-5	1.416E-3	9.359E-4
2.767	0.227	1.126E-3	3.855E-4	1.946E-4	2.044E-3	3.597E-3
2.800	0.227	1.142E-3	5.867E-4	3.857E-4	-1.700E-3	2.038E-3
2.833	0.227	1.152E-3	2.356E-4	2.709E-4	-7.585E-3	-3.442E-3
2.867	0.227	1.160E-3	1.950E-5	1.701E-4	-6.456E-3	-1.753E-3
2.900	0.227	1.163E-3	-1.243E-4	1.331E-4	-2.316E-4	-3.281E-3
2.933	0.227	1.168E-3	-8.263E-5	-4.247E-6	3.141E-3	-3.047E-4
2.967	0.227	1.163E-3	1.684E-4	2.960E-5	2.271E-3	1.259E-3
3.000	0.227	1.170E-3	6.587E-5	1.719E-4	1.223E-3	4.802E-3
3.033	0.227	1.174E-3	1.725E-4	2.782E-4	1.229E-3	6.603E-3
3.067	0.228	1.189E-3	2.581E-4	6.417E-4	9.567E-4	5.737E-3
3.100	0.228	1.217E-3	1.505E-4	7.099E-4	-1.270E-3	-6.101E-3
3.133	0.228	1.236E-3	2.080E-4	2.229E-4	-8.414E-4	-1.171E-2
3.167	0.228	1.232E-3	1.063E-4	-1.537E-4	-3.103E-3	-5.235E-3
3.200	0.228	1.226E-3	-2.869E-5	-9.028E-5	-4.450E-3	-2.681E-3
3.233	0.228	1.226E-3	-1.651E-4	-2.706E-4	8.093E-4	1.087E-4
3.267	0.228	1.208E-3	-3.791E-5	-2.136E-4	6.022E-4	5.554E-4
3.300	0.228	1.211E-3	-9.970E-6	-8.005E-5	1.859E-3	1.507E-3
3.333	0.228	1.203E-3	-3.556E-5	-2.171E-4	-1.018E-3	-3.767E-3
3.367	0.228	1.197E-3	2.394E-5	-2.769E-4	-5.611E-4	-8.231E-4
3.400	0.228	1.184E-3	-1.318E-4	-3.179E-4	-4.380E-3	2.232E-3
3.433	0.228	1.176E-3	-2.459E-4	-1.144E-4	2.977E-3	5.414E-3
3.467	0.227	1.177E-3	-8.154E-7	6.730E-5	3.288E-3	2.159E-3
3.500	0.228	1.180E-3	1.111E-4	3.296E-5	7.631E-4	-1.597E-3
3.533	0.228	1.179E-3	-6.557E-5	-6.450E-5	-1.694E-3	3.628E-5
3.567	0.228	1.176E-3	3.320E-5	2.497E-5	3.205E-3	2.057E-3
3.600	0.228	1.180E-3	1.498E-4	1.103E-4	1.742E-3	1.283E-3
3.633	0.228	1.183E-3	1.647E-4	8.764E-5	-3.166E-3	-1.767E-3
3.667	0.228	1.186E-3	-5.727E-5	8.078E-6	-5.123E-3	-1.933E-3
3.700	0.228	1.184E-3	-2.227E-4	-6.572E-5	-3.438E-3	-2.489E-3
3.733	0.227	1.182E-3	-2.520E-4	-1.334E-4	3.519E-3	1.740E-3
3.767	0.227	1.175E-3	-3.787E-5	-1.793E-6	4.592E-3	3.734E-3
3.800	0.227	1.182E-3	1.434E-4	1.878E-4	3.185E-3	2.674E-4
3.833	0.227	1.187E-3	1.110E-4	5.243E-6	-1.150E-3	-1.687E-3
3.867	0.228	1.182E-3	9.703E-5	6.688E-6	-2.739E-3	7.179E-4
3.900	0.228	1.188E-3	-7.651E-5	1.305E-4	-2.597E-3	3.784E-4
3.933	0.227	1.191E-3	-1.135E-4	7.263E-6	1.664E-3	-4.654E-3
3.967	0.227	1.188E-3	6.111E-5	-1.811E-4	4.650E-3	-1.768E-3
4.000	0.228	1.179E-3	2.046E-4	-1.499E-4	-5.986E-4	3.456E-3
4.033	0.228	1.178E-3	5.117E-5	9.013E-5	-2.566E-3	4.767E-3
4.067	0.228	1.185E-3	-4.681E-5	1.786E-4	-2.745E-3	-1.239E-3
4.100	0.228	1.190E-3	-5.628E-5	1.173E-5	9.312E-4	-1.190E-3
4.133	0.228	1.186E-3	-4.990E-5	3.187E-5	2.491E-3	2.508E-3
4.167	0.228	1.192E-3	1.496E-4	2.454E-4	1.902E-3	5.528E-3
4.200	0.228	1.202E-3	1.002E-4	3.737E-4	2.404E-3	7.334E-4
4.233	0.228	1.217E-3	2.260E-4	3.329E-4	-2.573E-3	-4.775E-3
4.267	0.228	1.224E-3	7.684E-5	3.001E-5	-3.948E-3	-7.107E-3
4.300	0.228	1.219E-3	-2.056E-4	-1.679E-4	-3.029E-3	-2.581E-4
4.333	0.228	1.213E-3	-3.979E-5	2.267E-6	4.065E-3	1.927E-3
4.367	0.228	1.220E-3	5.435E-5	4.226E-5	1.541E-3	-1.969E-3
4.400	0.228	1.216E-3	7.431E-5	-1.904E-4	-2.080E-3	-4.275E-3
4.433	0.228	1.207E-3	-8.122E-5	-2.456E-4	-2.318E-3	3.156E-3
4.467	0.228	1.199E-3	-1.244E-4	4.651E-6	-3.179E-4	4.303E-3
4.500	0.228	1.207E-3	-5.785E-5	1.196E-4	5.740E-3	-1.146E-3
4.533	0.228	1.207E-3	2.018E-4	-1.189E-4		
4.567	0.228	1.199E-3				
