	mass A						
t	x	y	vx	vy	ax	ay	
0.000	0.199	3.530E-4				
0.033	0.199	3.536E-4	-4.608E-5	1.124E-4		
0.067	0.199	3.605E-4	1.085E-5	-6.480E-5	1.400E-3	-2.749E-3
0.100	0.199	3.493E-4	1.503E-5	-1.830E-4	-1.275E-3	-1.534E-3
0.133	0.199	3.483E-4	-4.087E-5	-7.831E-5	1.497E-4	2.193E-3
0.167	0.199	3.441E-4	-2.685E-5	-7.875E-5	8.484E-4	6.399E-4
0.200	0.199	3.430E-4	6.624E-5	-1.760E-5	9.356E-4	4.708E-5
0.233	0.199	3.429E-4	1.665E-5	-6.881E-5	-2.063E-3	-6.913E-5
0.267	0.199	3.385E-4	-6.782E-5	-5.442E-5	1.905E-5	-1.327E-3
0.300	0.199	3.393E-4	-1.076E-5	-1.062E-4	1.014E-3	1.162E-3
0.333	0.199	3.314E-4	4.841E-5	-5.251E-5	-6.671E-4	6.254E-4
0.367	0.199	3.358E-4	-7.714E-5	2.301E-5	-2.575E-3	4.727E-3
0.400	0.199	3.329E-4	-1.371E-4	1.683E-4	1.530E-3	7.569E-4
0.433	0.199	3.470E-4	1.744E-5	1.948E-4	5.561E-3	-1.509E-3
0.467	0.199	3.459E-4	2.593E-4	-3.411E-5	5.324E-4	-3.115E-3
0.500	0.199	3.447E-4	9.746E-5	1.296E-5	-3.426E-3	1.755E-3
0.533	0.199	3.468E-4	-7.048E-5	9.186E-5	-2.444E-3	7.656E-4
0.567	0.199	3.509E-4	7.728E-7	7.345E-5	7.429E-4	-3.584E-3
0.600	0.199	3.517E-4	-3.741E-5	-1.423E-4	-9.166E-4	-1.364E-3
0.633	0.199	3.414E-4	-6.152E-5	-8.893E-5	2.116E-4	1.792E-3
0.667	0.199	3.457E-4	-2.829E-5	7.174E-5	9.953E-4	2.191E-3
0.700	0.199	3.462E-4	1.638E-5	9.700E-6	1.109E-3	-7.813E-4
0.733	0.199	3.464E-4	3.890E-5	2.431E-5	-5.105E-4	-1.101E-3
0.767	0.199	3.478E-4	-4.635E-6	-4.535E-5	6.049E-4	1.698E-3
0.800	0.199	3.433E-4	4.365E-5	7.935E-5	1.137E-4	1.871E-3
0.833	0.199	3.531E-4	5.667E-5	1.701E-4	-1.717E-3	-2.129E-3
0.867	0.199	3.547E-4	-1.046E-4	-1.058E-4	-1.137E-3	-3.745E-3
0.900	0.199	3.460E-4	-4.212E-5	-1.253E-4	2.139E-3	1.099E-3
0.933	0.199	3.463E-4	8.387E-5	2.554E-5	9.234E-4	2.018E-3
0.967	0.199	3.477E-4	1.098E-5	6.105E-7	-1.223E-3	1.180E-4
1.000	0.199	3.464E-4	-2.318E-5	1.175E-5	-9.651E-4	-1.839E-3
1.033	0.199	3.485E-4	-2.671E-5	-8.043E-5	-3.057E-5	4.168E-4
1.067	0.199	3.410E-4	-4.533E-5	-3.627E-5	4.059E-3	4.461E-3
1.100	0.199	3.461E-4	2.212E-4	2.742E-4	2.908E-3	3.927E-3
1.133	0.199	3.593E-4	2.465E-4	2.537E-4	2.510E-3	1.277E-3
1.167	0.199	3.630E-4	2.581E-4	2.776E-4	-1.891E-4	-1.777E-3
1.200	0.199	3.778E-4	3.508E-4	2.331E-4	3.469E-3	3.870E-4
1.233	0.199	3.785E-4	3.915E-4	1.948E-4	-1.150E-3	-2.788E-3
1.267	0.199	3.908E-4	3.730E-4	1.567E-4	-8.940E-4	1.838E-4
1.300	0.199	3.890E-4	2.408E-4	1.003E-4	-4.767E-3	-2.965E-3
1.333	0.199	3.975E-4	1.273E-4	6.081E-5	1.417E-2	6.005E-4
1.367	0.199	3.930E-4	9.784E-4	3.847E-5	0.148	1.421E-4
1.400	0.200	4.000E-4	9.269E-3	1.547E-4	0.367	-7.386E-5
1.433	0.200	4.034E-4	2.601E-2	6.655E-6	0.308	-1.761E-3
1.467	0.201	4.005E-4	3.200E-2	5.492E-6	0.122	1.811E-3
1.500	0.202	4.037E-4	3.137E-2	1.582E-4	7.164E-2	-5.683E-3
1.533	0.203	4.110E-4	3.761E-2	-2.956E-4	0.148	3.066E-3
1.567	0.205	3.840E-4	4.167E-2	7.972E-5	0.106	5.725E-3
1.600	0.206	4.163E-4	4.416E-2	4.833E-4	0.130	1.636E-3
1.633	0.208	4.162E-4	5.015E-2	-6.801E-5	0.190	-1.281E-2
1.667	0.209	4.118E-4	5.733E-2	-2.962E-4	0.149	5.120E-3
1.700	0.211	3.965E-4	6.036E-2	1.491E-4	0.197	3.924E-3
1.733	0.213	4.217E-4	6.884E-2	2.370E-4	0.238	-1.167E-2
1.767	0.216	4.123E-4	7.846E-2	-7.918E-4	0.242	-1.271E-2
1.800	0.219	3.690E-4	8.353E-2	-7.583E-4	0.249	-1.176E-2
1.833	0.222	3.617E-4	9.490E-2	-1.207E-3	0.237	5.217E-4
1.867	0.225	2.885E-4	0.101	-1.223E-3	0.124	-8.720E-3
1.900	0.228	2.802E-4	0.101	-1.228E-3	-0.105	3.128E-3
1.933	0.232	2.066E-4	9.582E-2	-1.530E-3	-0.199	7.344E-3
1.967	0.235	1.782E-4	8.621E-2	-4.612E-4	-0.233	2.447E-2
2.000	0.238	1.759E-4	8.105E-2	9.285E-5	-0.153	5.443E-3
2.033	0.240	1.844E-4	7.589E-2	-6.243E-5	-0.159	-1.136E-2
2.067	0.243	1.717E-4	7.063E-2	-7.285E-4	-0.108	-3.085E-3
2.100	0.245	1.358E-4	6.811E-2	-4.165E-4	-9.938E-2	3.336E-3
2.133	0.247	1.439E-4	6.504E-2	-2.038E-4	-0.176	-1.810E-3
2.167	0.249	1.222E-4	5.611E-2	-7.458E-4	-0.326	-4.623E-3
2.200	0.251	9.420E-5	4.329E-2	-5.207E-4	-0.426	8.251E-3
2.233	0.252	8.750E-5	2.755E-2	-1.048E-4	-0.484	1.091E-2
2.267	0.253	8.722E-5	1.084E-2	1.639E-4	-0.382	8.420E-4
2.300	0.253	9.842E-5	1.107E-3	3.048E-5	-0.175	1.027E-3
2.333	0.253	8.925E-5	-6.207E-5	7.098E-5	-1.753E-2	4.250E-3
2.367	0.253	1.032E-4	2.060E-4	4.515E-4	4.239E-3	5.159E-3
2.400	0.253	1.194E-4	1.982E-4	3.891E-4	1.401E-5	-3.466E-3
2.433	0.253	1.291E-4	1.899E-4	2.009E-4	9.375E-4	-3.086E-3
2.467	0.253	1.327E-4	2.657E-4	1.633E-4	-2.556E-3	2.726E-4
2.500	0.253	1.400E-4	6.596E-5	2.438E-4	-2.655E-3	-6.224E-4
2.533	0.253	1.490E-4	-1.419E-5	1.403E-4	2.996E-3	-2.233E-3
2.567	0.253	1.493E-4	3.257E-4	4.849E-5	1.685E-3	-2.972E-3
2.600	0.253	1.522E-4	1.691E-4	-1.400E-5	-5.006E-3	9.741E-4
2.633	0.253	1.484E-4	-1.297E-4	5.497E-5	-6.346E-3	-2.016E-3
2.667	0.253	1.559E-4	-1.872E-4	-4.680E-5	4.002E-3	2.836E-3
2.700	0.253	1.453E-4	6.117E-5	8.468E-5	4.146E-3	2.616E-3
2.733	0.253	1.615E-4	2.215E-4	3.073E-4	-3.248E-4	-1.823E-4
2.767	0.253	1.658E-4	-4.443E-5	-1.612E-5	-2.624E-3	-2.854E-3
2.800	0.253	1.605E-4	2.212E-5	6.925E-5	7.902E-4	-2.586E-3
2.833	0.253	1.704E-4	8.124E-5	-5.278E-5	-5.084E-4	6.499E-5
2.867	0.253	1.569E-4	-5.755E-5	-1.022E-4	-1.619E-3	-1.772E-3
2.900	0.253	1.636E-4	-3.260E-5	-5.628E-6	-9.344E-4	9.280E-4
2.933	0.253	1.566E-4	-8.020E-5	-1.503E-4	9.511E-4	1.833E-3
2.967	0.253	1.536E-4	-3.277E-5	1.312E-4	1.860E-3	3.204E-3
3.000	0.253	1.653E-4	1.076E-4	1.475E-4	3.271E-3	-2.298E-3
3.033	0.253	1.634E-4	1.489E-4	-1.056E-4	-1.346E-3	-3.929E-3
3.067	0.253	1.583E-4	5.891E-5	-1.055E-4	-1.364E-3	1.929E-3
3.100	0.253	1.564E-4	-5.451E-6	3.076E-5	-3.519E-3	3.028E-3
3.133	0.253	1.603E-4	-1.038E-4	1.154E-4	-9.420E-4	1.004E-3
3.167	0.253	1.640E-4	-1.522E-4	8.733E-5	1.513E-4	-1.405E-3
3.200	0.253	1.662E-4	-2.739E-5	2.140E-5	5.901E-3	-1.094E-3
3.233	0.253	1.655E-4	1.869E-4	2.647E-6	1.690E-3	-8.090E-4
3.267	0.253	1.663E-4	1.835E-4	-1.428E-5	-4.105E-3	-1.622E-3
3.300	0.253	1.645E-4	-1.666E-4	-1.119E-4	-4.784E-3	-2.742E-3
3.333	0.253	1.589E-4	-1.566E-4	-2.031E-4	1.084E-3	1.635E-3
3.367	0.253	1.510E-4	-3.735E-5	-3.326E-5	3.133E-3	5.140E-3
3.400	0.253	1.566E-4	1.974E-5	1.984E-4	1.977E-3	2.625E-3
3.433	0.253	1.642E-4	1.129E-4	1.340E-4	-2.055E-3	-3.819E-3
3.467	0.253	1.656E-4	-8.848E-5	-7.074E-5	-3.670E-3	3.970E-4
3.500	0.253	1.595E-4	-2.135E-4	1.012E-4	-4.295E-3	2.093E-3
3.533	0.253	1.723E-4	-2.892E-4	1.933E-4	-4.161E-3	9.719E-4
3.567	0.253	1.724E-4	-5.439E-4	6.196E-5	-3.882E-3	6.617E-4
3.600	0.253	1.765E-4	-5.553E-4	2.622E-4	5.060E-3	3.129E-3
3.633	0.253	1.899E-4	-2.148E-4	3.143E-4	1.148E-2	5.840E-5
3.667	0.253	1.974E-4	2.507E-4	2.218E-4	-6.028E-3	-6.574E-3
3.700	0.253	2.046E-4	-4.700E-4	-7.165E-5	-8.795E-3	-2.400E-3
3.733	0.253	1.926E-4	-7.192E-4	-6.245E-5	4.793E-3	3.470E-3
3.767	0.253	2.005E-4	1.418E-4	2.796E-4	1.699E-2	4.083E-3
3.800	0.253	2.113E-4	3.702E-4	1.979E-4	3.987E-3	2.083E-3
3.833	0.253	2.137E-4	3.903E-4	3.380E-4	-3.761E-3	-1.231E-5
3.867	0.253	2.338E-4	1.450E-4	3.303E-4	-9.362E-3	-3.599E-4
3.900	0.253	2.357E-4	-2.727E-4	1.801E-4	-1.056E-2	-5.987E-3
3.933	0.253	2.458E-4	-5.631E-4	4.295E-5	-5.238E-3	-1.374E-2
3.967	0.253	2.386E-4	-6.314E-4	-7.516E-4	6.273E-3	-7.693E-3
4.000	0.253	1.957E-4	-1.781E-4	-6.727E-4	1.629E-2	8.081E-3
4.033	0.253	1.937E-4	5.267E-4	2.609E-5	8.918E-3	9.296E-3
4.067	0.253	1.975E-4	4.869E-4	-8.730E-5	-2.234E-3	1.486E-3
4.100	0.253	1.879E-4	2.317E-4	1.301E-5	-1.592E-3	4.881E-3
4.133	0.253	1.983E-4	4.311E-4	3.474E-4	1.390E-3	-1.607E-4
4.167	0.253	2.111E-4	3.754E-4	2.088E-5	-3.621E-3	-6.047E-3
4.200	0.253	1.997E-4	1.294E-4	-1.859E-4	-6.232E-3	-3.122E-3
4.233	0.253	1.987E-4	-2.066E-5	-8.411E-5	-1.206E-3	3.967E-3
4.267	0.253	1.941E-4	1.654E-5	1.929E-5		
4.300	0.253	1.999E-4				
