,mass A,
t,y,
8.108,-3.556
8.141,-3.557
8.175,-3.557
8.208,-3.557
8.242,-3.562
8.275,-3.576
8.308,-3.591
8.342,-3.609
8.375,-3.627
8.408,-3.627
8.442,-3.626
8.475,-3.630
8.509,-3.686
8.542,-3.795
8.575,-3.864
8.609,-3.900
8.642,-3.942
8.675,-3.969
8.709,-3.974
8.742,-3.981
8.775,-3.988
8.809,-3.987
8.842,-3.986
8.876,-3.984
8.909,-3.991
8.942,-4.027
8.976,-4.059
9.009,-4.093
9.042,-4.115
9.076,-4.148
9.109,-4.173
9.142,-4.185
9.176,-4.194
9.209,-4.204
9.243,-4.206
9.276,-4.206
9.309,-4.207
9.343,-4.212
9.376,-4.220
9.409,-4.238
9.443,-4.254
9.476,-4.263
9.510,-4.271
9.543,-4.296
9.576,-4.330
9.610,-4.350
9.643,-4.367
9.676,-4.390
9.710,-4.393
9.743,-4.395
9.776,-4.408
9.810,-4.426
9.843,-4.440
9.877,-4.443
9.910,-4.450
9.943,-4.460
9.977,-4.469
10.010,-4.481
10.043,-4.492
10.077,-4.514
10.110,-4.541
10.143,-4.566
10.177,-4.586
10.210,-4.599
10.244,-4.604
10.277,-4.610
10.310,-4.615
10.344,-4.618
10.377,-4.623
10.410,-4.631
10.444,-4.652
10.477,-4.678
10.511,-4.708
10.544,-4.732
10.577,-4.746
10.611,-4.754
10.644,-4.763
10.677,-4.770
10.711,-4.770
10.744,-4.774
10.777,-4.778
10.811,-4.778
10.844,-4.778
10.878,-4.780
10.911,-4.813
10.944,-4.885
10.978,-4.969
11.011,-5.023
11.044,-5.040
11.078,-5.042
11.111,-5.038
11.144,-5.037
11.178,-5.038
11.211,-5.039
11.245,-5.047
11.278,-5.093
11.311,-5.137
11.345,-5.145
11.378,-5.146
11.411,-5.151
11.445,-5.151
11.478,-5.153
11.512,-5.155
11.545,-5.157
11.578,-5.169
11.612,-5.179
11.645,-5.184
11.678,-5.185
11.712,-5.188
11.745,-5.191
11.778,-5.194
11.812,-5.199
11.845,-5.211
11.879,-5.239
11.912,-5.283
11.945,-5.314
11.979,-5.329
12.012,-5.327
12.045,-5.323
12.079,-5.324
12.112,-5.328
12.145,-5.332
12.179,-5.336
12.212,-5.343
12.246,-5.343
12.279,-5.344
12.312,-5.351
12.346,-5.371
12.379,-5.410
12.412,-5.437
12.446,-5.440
12.479,-5.434
12.513,-5.431
12.546,-5.434
12.579,-5.453
12.613,-5.478
12.646,-5.486
12.679,-5.485
12.713,-5.484
12.746,-5.483
12.779,-5.488
12.813,-5.493
12.846,-5.499
12.880,-5.503
12.913,-5.505
12.946,-5.506
12.980,-5.510
13.013,-5.516
13.046,-5.535
13.080,-5.609
13.113,-5.690
13.146,-5.706
13.180,-5.712
13.213,-5.719
13.247,-5.719
13.280,-5.721
13.313,-5.727
13.347,-5.734
13.380,-5.761
13.413,-5.804
13.447,-5.840
13.480,-5.841
13.514,-5.833
13.547,-5.836
13.580,-5.848
13.614,-5.878
13.647,-5.915
13.680,-5.919
13.714,-5.915
13.747,-5.913
13.780,-5.937
13.814,-5.961
13.847,-5.971
13.881,-5.979
13.914,-5.991
13.947,-5.988
13.981,-5.988
14.014,-5.991
14.047,-6.022
14.081,-6.127
14.114,-6.236
14.147,-6.285
14.181,-6.296
14.214,-6.293
14.248,-6.298
14.281,-6.300
14.314,-6.302
14.348,-6.307
14.381,-6.339
14.414,-6.420
14.448,-6.488
14.481,-6.494
14.515,-6.491
14.548,-6.486
14.581,-6.486
14.615,-6.491
14.648,-6.499
14.681,-6.500
14.715,-6.501
14.748,-6.499
14.781,-6.496
14.815,-6.496
14.848,-6.493
14.882,-6.491
14.915,-6.489
14.948,-6.487
14.982,-6.486
15.015,-6.485
15.048,-6.484
15.082,-6.483
15.115,-6.482
15.148,-6.480
15.182,-6.478
15.215,-6.475
15.249,-6.460
15.282,-6.437
15.315,-6.413
15.349,-6.387
15.382,-6.366
15.415,-6.329
15.449,-6.293
15.482,-6.247
15.516,-6.183
15.549,-6.137
15.582,-6.088
15.616,-6.035
15.649,-5.991
15.682,-5.928
15.716,-5.852
15.749,-5.783
15.782,-5.729
15.816,-5.672
15.849,-5.632
15.883,-5.586
15.916,-5.537
15.949,-5.485
15.983,-5.416
16.016,-5.351
16.049,-5.287
16.083,-5.229
16.116,-5.154
16.149,-5.090
16.183,-5.030
16.216,-4.972
16.250,-4.918
16.283,-4.884
16.316,-4.834
16.350,-4.784
16.383,-4.741
16.416,-4.673
16.450,-4.602
16.483,-4.548
16.517,-4.510
16.550,-4.479
16.583,-4.415
16.617,-4.330
16.650,-4.242
16.683,-4.159
16.717,-4.080
16.750,-4.011
16.783,-3.952
16.817,-3.892
16.850,-3.837
16.884,-3.789
16.917,-3.700
16.950,-3.588
16.984,-3.488
17.017,-3.410
17.050,-3.335
17.084,-3.250
17.117,-3.173
17.150,-3.112
17.184,-3.030
17.217,-2.948
17.251,-2.873
17.284,-2.811
17.317,-2.753
17.351,-2.712
17.384,-2.664
17.417,-2.601
