,mass A,
t,x,
6.089,3.540E-2
6.106,3.541E-2
6.123,3.541E-2
6.139,3.540E-2
6.156,3.541E-2
6.173,3.540E-2
6.190,3.540E-2
6.206,3.540E-2
6.223,3.541E-2
6.240,3.541E-2
6.256,3.540E-2
6.273,3.541E-2
6.290,3.541E-2
6.306,3.541E-2
6.323,3.541E-2
6.340,3.540E-2
6.356,3.540E-2
6.373,3.540E-2
6.390,3.540E-2
6.406,3.541E-2
6.423,3.541E-2
6.440,3.540E-2
6.456,3.540E-2
6.473,3.540E-2
6.490,3.541E-2
6.506,3.541E-2
6.523,3.541E-2
6.540,3.541E-2
6.557,3.541E-2
6.573,3.540E-2
6.590,3.540E-2
6.607,3.540E-2
6.623,3.541E-2
6.640,3.541E-2
6.657,3.541E-2
6.673,3.541E-2
6.690,3.541E-2
6.707,3.541E-2
6.723,3.541E-2
6.740,3.541E-2
6.757,3.540E-2
6.773,3.541E-2
6.790,3.541E-2
6.807,3.541E-2
6.823,3.541E-2
6.840,3.541E-2
6.857,3.540E-2
6.874,3.541E-2
6.890,3.541E-2
6.907,3.541E-2
6.924,3.541E-2
6.940,3.541E-2
6.957,3.541E-2
6.974,3.541E-2
6.990,3.541E-2
7.007,3.541E-2
7.024,3.540E-2
7.040,3.540E-2
7.057,3.540E-2
7.074,3.540E-2
7.090,3.541E-2
7.107,3.541E-2
7.124,3.540E-2
7.140,3.540E-2
7.157,3.540E-2
7.174,3.540E-2
7.191,3.540E-2
7.207,3.541E-2
7.224,3.541E-2
7.241,3.541E-2
7.257,3.540E-2
7.274,3.540E-2
7.291,3.540E-2
7.307,3.541E-2
7.324,3.540E-2
7.341,3.541E-2
7.357,3.540E-2
7.374,3.541E-2
7.391,3.540E-2
7.407,3.541E-2
7.424,3.541E-2
7.441,3.541E-2
7.457,3.540E-2
7.474,3.540E-2
7.491,3.540E-2
7.508,3.540E-2
7.524,3.540E-2
7.541,3.540E-2
7.558,3.540E-2
7.574,3.540E-2
7.591,3.540E-2
7.608,3.540E-2
7.624,3.540E-2
7.641,3.540E-2
7.658,3.540E-2
7.674,3.540E-2
7.691,3.540E-2
7.708,3.541E-2
7.724,3.541E-2
7.741,3.541E-2
7.758,3.542E-2
7.774,3.542E-2
7.791,3.541E-2
7.808,3.541E-2
7.824,3.541E-2
7.841,3.541E-2
7.858,3.540E-2
7.875,3.540E-2
7.891,3.540E-2
7.908,3.540E-2
7.925,3.540E-2
7.941,3.540E-2
7.958,3.540E-2
7.975,3.540E-2
7.991,3.540E-2
8.008,3.542E-2
8.025,3.542E-2
8.041,3.541E-2
8.058,3.541E-2
8.075,3.541E-2
8.091,3.541E-2
8.108,3.541E-2
8.125,3.541E-2
8.141,3.541E-2
8.158,3.541E-2
8.175,3.541E-2
8.192,3.541E-2
8.208,3.540E-2
8.225,3.540E-2
8.242,3.540E-2
8.258,3.540E-2
8.275,3.540E-2
8.292,3.540E-2
8.308,3.540E-2
8.325,3.540E-2
8.342,3.540E-2
8.358,3.540E-2
8.375,3.540E-2
8.392,3.540E-2
8.408,3.541E-2
8.425,3.541E-2
8.442,3.541E-2
8.458,3.541E-2
8.475,3.541E-2
8.492,3.541E-2
8.508,3.547E-2
8.525,3.556E-2
8.542,3.571E-2
8.559,3.583E-2
8.575,3.596E-2
8.592,3.614E-2
8.609,3.636E-2
8.625,3.659E-2
8.642,3.686E-2
8.659,3.707E-2
8.675,3.721E-2
8.692,3.738E-2
8.709,3.749E-2
8.725,3.757E-2
8.742,3.764E-2
8.759,3.770E-2
8.775,3.773E-2
8.792,3.779E-2
8.809,3.789E-2
8.825,3.796E-2
8.842,3.811E-2
8.859,3.824E-2
8.876,3.840E-2
8.892,3.857E-2
8.909,3.873E-2
8.926,3.894E-2
8.942,3.908E-2
8.959,3.926E-2
8.976,3.944E-2
8.992,3.957E-2
9.009,3.970E-2
9.026,3.977E-2
9.042,3.979E-2
9.059,3.983E-2
9.076,3.987E-2
9.092,3.986E-2
9.109,3.990E-2
9.126,3.998E-2
9.142,4.012E-2
9.159,4.021E-2
9.176,4.042E-2
9.193,4.059E-2
9.209,4.078E-2
9.226,4.096E-2
9.243,4.117E-2
9.259,4.130E-2
9.276,4.146E-2
9.293,4.163E-2
9.309,4.174E-2
9.326,4.190E-2
9.343,4.203E-2
9.359,4.215E-2
9.376,4.226E-2
9.393,4.241E-2
9.409,4.252E-2
9.426,4.264E-2
9.443,4.271E-2
9.459,4.278E-2
9.476,4.287E-2
9.493,4.291E-2
9.509,4.292E-2
9.526,4.289E-2
9.543,4.284E-2
9.560,4.271E-2
9.576,4.260E-2
9.593,4.255E-2
9.610,4.254E-2
9.626,4.255E-2
9.643,4.264E-2
9.660,4.282E-2
9.676,4.303E-2
9.693,4.330E-2
9.710,4.359E-2
9.726,4.389E-2
9.743,4.415E-2
9.760,4.436E-2
9.776,4.454E-2
9.793,4.471E-2
9.810,4.480E-2
9.826,4.489E-2
9.843,4.491E-2
9.860,4.493E-2
9.877,4.496E-2
9.893,4.501E-2
9.910,4.509E-2
9.927,4.522E-2
9.943,4.535E-2
9.960,4.557E-2
9.977,4.574E-2
9.993,4.595E-2
10.010,4.614E-2
10.027,4.634E-2
10.043,4.654E-2
10.060,4.670E-2
10.077,4.675E-2
10.093,4.680E-2
10.110,4.682E-2
10.127,4.682E-2
10.143,4.680E-2
10.160,4.685E-2
10.177,4.685E-2
10.194,4.697E-2
10.210,4.708E-2
10.227,4.726E-2
10.244,4.743E-2
10.260,4.762E-2
10.277,4.781E-2
10.294,4.798E-2
10.310,4.812E-2
10.327,4.826E-2
10.344,4.838E-2
10.360,4.851E-2
10.377,4.865E-2
10.394,4.877E-2
10.410,4.891E-2
10.427,4.906E-2
10.444,4.919E-2
10.460,4.934E-2
10.477,4.945E-2
10.494,4.962E-2
10.511,4.971E-2
10.527,4.984E-2
10.544,4.991E-2
10.561,4.992E-2
10.577,4.993E-2
10.594,4.991E-2
10.611,4.987E-2
10.627,4.981E-2
10.644,4.970E-2
10.661,4.963E-2
10.677,4.955E-2
10.694,4.954E-2
10.711,4.956E-2
10.727,4.965E-2
10.744,4.983E-2
10.761,5.008E-2
10.777,5.030E-2
10.794,5.058E-2
10.811,5.084E-2
10.827,5.108E-2
10.844,5.126E-2
10.861,5.144E-2
10.878,5.156E-2
10.894,5.166E-2
10.911,5.166E-2
10.928,5.169E-2
10.944,5.172E-2
10.961,5.174E-2
10.978,5.183E-2
10.994,5.192E-2
11.011,5.207E-2
11.028,5.221E-2
11.044,5.242E-2
11.061,5.262E-2
11.078,5.286E-2
11.094,5.307E-2
11.111,5.327E-2
11.128,5.349E-2
11.144,5.353E-2
11.161,5.363E-2
11.178,5.365E-2
11.195,5.368E-2
11.211,5.368E-2
11.228,5.368E-2
11.245,5.369E-2
11.261,5.373E-2
11.278,5.383E-2
11.295,5.397E-2
11.311,5.412E-2
11.328,5.431E-2
11.345,5.450E-2
11.361,5.465E-2
11.378,5.483E-2
11.395,5.499E-2
11.411,5.511E-2
11.428,5.530E-2
11.445,5.541E-2
11.461,5.554E-2
11.478,5.566E-2
11.495,5.578E-2
11.511,5.591E-2
11.528,5.605E-2
11.545,5.621E-2
11.562,5.633E-2
11.578,5.647E-2
11.595,5.657E-2
11.612,5.666E-2
11.628,5.676E-2
11.645,5.680E-2
11.662,5.684E-2
11.678,5.682E-2
11.695,5.679E-2
11.712,5.672E-2
11.728,5.662E-2
11.745,5.658E-2
11.762,5.652E-2
11.778,5.652E-2
11.795,5.657E-2
11.812,5.673E-2
11.828,5.697E-2
11.845,5.722E-2
11.862,5.751E-2
11.879,5.775E-2
11.895,5.800E-2
11.912,5.817E-2
11.929,5.831E-2
11.945,5.844E-2
11.962,5.851E-2
11.979,5.853E-2
11.995,5.856E-2
12.012,5.857E-2
12.029,5.861E-2
12.045,5.867E-2
12.062,5.880E-2
12.079,5.896E-2
12.095,5.913E-2
12.112,5.933E-2
12.129,5.957E-2
12.145,5.975E-2
12.162,5.999E-2
12.179,6.011E-2
12.196,6.024E-2
12.212,6.032E-2
12.229,6.034E-2
12.246,6.033E-2
12.262,6.030E-2
12.279,6.031E-2
12.296,6.031E-2
12.312,6.032E-2
12.329,6.039E-2
12.346,6.053E-2
12.362,6.074E-2
12.379,6.090E-2
12.396,6.109E-2
12.412,6.128E-2
12.429,6.147E-2
12.446,6.161E-2
12.462,6.171E-2
12.479,6.186E-2
12.496,6.197E-2
12.512,6.207E-2
12.529,6.220E-2
12.546,6.233E-2
12.563,6.247E-2
12.579,6.259E-2
12.596,6.271E-2
12.613,6.285E-2
12.629,6.298E-2
12.646,6.308E-2
12.663,6.321E-2
12.679,6.325E-2
12.696,6.332E-2
12.713,6.338E-2
12.729,6.339E-2
12.746,6.337E-2
12.763,6.331E-2
12.779,6.319E-2
12.796,6.310E-2
12.813,6.308E-2
12.829,6.309E-2
12.846,6.314E-2
12.863,6.326E-2
12.880,6.350E-2
12.896,6.371E-2
12.913,6.392E-2
12.930,6.417E-2
12.946,6.443E-2
12.963,6.461E-2
12.980,6.477E-2
12.996,6.487E-2
13.013,6.493E-2
13.030,6.499E-2
13.046,6.497E-2
13.063,6.497E-2
13.080,6.498E-2
13.096,6.503E-2
13.113,6.514E-2
13.130,6.529E-2
13.146,6.543E-2
13.163,6.558E-2
13.180,6.580E-2
13.197,6.600E-2
13.213,6.618E-2
13.230,6.638E-2
13.247,6.658E-2
13.263,6.671E-2
13.280,6.677E-2
13.297,6.677E-2
13.313,6.675E-2
13.330,6.675E-2
13.347,6.673E-2
13.363,6.673E-2
13.380,6.674E-2
13.397,6.686E-2
13.413,6.700E-2
13.430,6.719E-2
13.447,6.734E-2
13.463,6.762E-2
13.480,6.776E-2
13.497,6.794E-2
13.514,6.810E-2
13.530,6.822E-2
13.547,6.837E-2
13.564,6.850E-2
13.580,6.863E-2
13.597,6.873E-2
13.614,6.881E-2
13.630,6.900E-2
13.647,6.910E-2
13.664,6.925E-2
13.680,6.936E-2
13.697,6.950E-2
13.714,6.963E-2
13.730,6.977E-2
13.747,6.985E-2
13.764,6.996E-2
13.780,7.004E-2
13.797,7.006E-2
13.814,7.007E-2
13.830,7.005E-2
13.847,7.005E-2
13.864,7.004E-2
13.881,7.005E-2
13.897,7.006E-2
13.914,7.007E-2
13.931,7.007E-2
13.947,7.007E-2
13.964,7.007E-2
13.981,7.007E-2
13.997,7.007E-2
14.014,7.007E-2
14.031,7.007E-2
14.047,7.007E-2
14.064,7.007E-2
14.081,7.007E-2
14.097,7.007E-2
14.114,7.007E-2
14.131,7.008E-2
14.147,7.007E-2
14.164,7.008E-2
14.181,7.007E-2
14.198,7.008E-2
14.214,7.007E-2
14.231,7.007E-2
14.248,7.008E-2
14.264,7.008E-2
14.281,7.007E-2
14.298,7.007E-2
14.314,7.007E-2
14.331,7.007E-2
14.348,7.007E-2
14.364,7.008E-2
14.381,7.007E-2
14.398,7.008E-2
14.414,7.007E-2
14.431,7.007E-2
14.448,7.007E-2
14.464,7.007E-2
14.481,7.007E-2
14.498,7.007E-2
14.514,7.008E-2
14.531,7.008E-2
14.548,7.008E-2
14.565,7.008E-2
14.581,7.008E-2
14.598,7.008E-2
14.615,7.008E-2
14.631,7.007E-2
14.648,7.007E-2
14.665,7.007E-2
14.681,7.007E-2
14.698,7.007E-2
14.715,7.008E-2
14.731,7.008E-2
14.748,7.008E-2
14.765,7.008E-2
14.781,7.008E-2
14.798,7.008E-2
14.815,7.007E-2
14.831,7.007E-2
14.848,7.008E-2
14.865,7.008E-2
14.882,7.008E-2
14.898,7.008E-2
14.915,7.007E-2
14.932,7.007E-2
14.948,7.008E-2
14.965,7.008E-2
14.982,7.007E-2
14.998,7.008E-2
15.015,7.007E-2
15.032,7.006E-2
15.048,7.008E-2
15.065,7.007E-2
15.082,7.007E-2
15.098,7.007E-2
