,mass A,
t,x,
4.421,4.522E-2
4.438,4.522E-2
4.454,4.522E-2
4.471,4.521E-2
4.488,4.522E-2
4.505,4.521E-2
4.521,4.521E-2
4.538,4.521E-2
4.555,4.522E-2
4.571,4.522E-2
4.588,4.521E-2
4.605,4.522E-2
4.621,4.522E-2
4.638,4.522E-2
4.655,4.522E-2
4.671,4.522E-2
4.688,4.522E-2
4.705,4.522E-2
4.721,4.522E-2
4.738,4.522E-2
4.755,4.522E-2
4.771,4.522E-2
4.788,4.521E-2
4.805,4.522E-2
4.821,4.522E-2
4.838,4.522E-2
4.855,4.522E-2
4.872,4.522E-2
4.888,4.522E-2
4.905,4.522E-2
4.922,4.522E-2
4.938,4.522E-2
4.955,4.522E-2
4.972,4.522E-2
4.988,4.522E-2
5.005,4.522E-2
5.022,4.522E-2
5.038,4.522E-2
5.055,4.522E-2
5.072,4.522E-2
5.088,4.517E-2
5.105,4.515E-2
5.122,4.511E-2
5.138,4.515E-2
5.155,4.524E-2
5.172,4.534E-2
5.189,4.547E-2
5.205,4.564E-2
5.222,4.583E-2
5.239,4.601E-2
5.255,4.625E-2
5.272,4.648E-2
5.289,4.672E-2
5.305,4.685E-2
5.322,4.700E-2
5.339,4.706E-2
5.355,4.718E-2
5.372,4.723E-2
5.389,4.724E-2
5.405,4.728E-2
5.422,4.729E-2
5.439,4.732E-2
5.455,4.736E-2
5.472,4.749E-2
5.489,4.760E-2
5.506,4.770E-2
5.522,4.782E-2
5.539,4.796E-2
5.556,4.809E-2
5.572,4.821E-2
5.589,4.830E-2
5.606,4.844E-2
5.622,4.859E-2
5.639,4.863E-2
5.656,4.871E-2
5.672,4.883E-2
5.689,4.888E-2
5.706,4.893E-2
5.722,4.895E-2
5.739,4.902E-2
5.756,4.903E-2
5.772,4.903E-2
5.789,4.904E-2
5.806,4.905E-2
5.822,4.908E-2
5.839,4.912E-2
5.856,4.923E-2
5.873,4.935E-2
5.889,4.954E-2
5.906,4.967E-2
5.923,4.984E-2
5.939,4.995E-2
5.956,5.009E-2
5.973,5.022E-2
5.989,5.032E-2
6.006,5.040E-2
6.023,5.045E-2
6.039,5.046E-2
6.056,5.050E-2
6.073,5.056E-2
6.089,5.059E-2
6.106,5.065E-2
6.123,5.074E-2
6.139,5.084E-2
6.156,5.091E-2
6.173,5.108E-2
6.190,5.124E-2
6.206,5.137E-2
6.223,5.155E-2
6.240,5.168E-2
6.256,5.181E-2
6.273,5.192E-2
6.290,5.206E-2
6.306,5.213E-2
6.323,5.217E-2
6.340,5.222E-2
6.356,5.220E-2
6.373,5.219E-2
6.390,5.217E-2
6.406,5.212E-2
6.423,5.207E-2
6.440,5.193E-2
6.456,5.181E-2
6.473,5.171E-2
6.490,5.162E-2
6.507,5.160E-2
6.523,5.162E-2
6.540,5.171E-2
6.557,5.185E-2
6.573,5.207E-2
6.590,5.238E-2
6.607,5.261E-2
6.623,5.287E-2
6.640,5.315E-2
6.657,5.335E-2
6.673,5.348E-2
6.690,5.362E-2
6.707,5.369E-2
6.723,5.370E-2
6.740,5.371E-2
6.757,5.371E-2
6.773,5.374E-2
6.790,5.376E-2
6.807,5.384E-2
6.823,5.397E-2
6.840,5.412E-2
6.857,5.428E-2
6.874,5.446E-2
6.890,5.466E-2
6.907,5.486E-2
6.924,5.506E-2
6.940,5.519E-2
6.957,5.540E-2
6.974,5.550E-2
6.990,5.554E-2
7.007,5.553E-2
7.024,5.552E-2
7.040,5.552E-2
7.057,5.551E-2
7.074,5.550E-2
7.090,5.554E-2
7.107,5.560E-2
7.124,5.577E-2
7.140,5.595E-2
7.157,5.609E-2
7.174,5.627E-2
7.191,5.642E-2
7.207,5.663E-2
7.224,5.679E-2
7.241,5.693E-2
7.257,5.707E-2
7.274,5.721E-2
7.291,5.735E-2
7.307,5.745E-2
7.324,5.759E-2
7.341,5.773E-2
7.357,5.790E-2
7.374,5.801E-2
7.391,5.815E-2
7.407,5.827E-2
7.424,5.840E-2
7.441,5.851E-2
7.457,5.862E-2
7.474,5.866E-2
7.491,5.865E-2
7.508,5.863E-2
7.524,5.859E-2
7.541,5.850E-2
7.558,5.840E-2
7.574,5.826E-2
7.591,5.821E-2
7.608,5.822E-2
7.624,5.828E-2
7.641,5.842E-2
7.658,5.857E-2
7.674,5.887E-2
7.691,5.904E-2
7.708,5.933E-2
7.724,5.962E-2
7.741,5.983E-2
7.758,6.004E-2
7.774,6.015E-2
7.791,6.021E-2
7.808,6.029E-2
7.824,6.034E-2
7.841,6.035E-2
7.858,6.036E-2
7.875,6.042E-2
7.891,6.048E-2
7.908,6.063E-2
7.925,6.078E-2
7.941,6.093E-2
7.958,6.115E-2
7.975,6.134E-2
7.991,6.160E-2
8.008,6.181E-2
8.025,6.201E-2
8.041,6.218E-2
8.058,6.222E-2
8.075,6.220E-2
8.091,6.224E-2
8.108,6.222E-2
8.125,6.222E-2
8.141,6.224E-2
8.158,6.229E-2
8.175,6.243E-2
8.192,6.253E-2
8.208,6.271E-2
8.225,6.289E-2
8.242,6.310E-2
8.258,6.331E-2
8.275,6.349E-2
8.292,6.367E-2
8.308,6.386E-2
8.325,6.401E-2
8.342,6.414E-2
8.358,6.433E-2
8.375,6.447E-2
8.392,6.460E-2
8.408,6.480E-2
8.425,6.496E-2
8.442,6.510E-2
8.458,6.522E-2
8.475,6.534E-2
8.492,6.542E-2
8.509,6.551E-2
8.525,6.555E-2
8.542,6.557E-2
8.559,6.554E-2
8.575,6.552E-2
8.592,6.549E-2
8.609,6.542E-2
8.625,6.534E-2
8.642,6.525E-2
8.659,6.523E-2
8.675,6.523E-2
8.692,6.537E-2
8.709,6.553E-2
8.725,6.573E-2
8.742,6.599E-2
8.759,6.620E-2
8.775,6.650E-2
8.792,6.673E-2
8.809,6.697E-2
8.825,6.708E-2
8.842,6.724E-2
8.859,6.732E-2
8.876,6.733E-2
8.892,6.737E-2
8.909,6.742E-2
8.926,6.745E-2
8.942,6.750E-2
8.959,6.754E-2
8.976,6.761E-2
8.992,6.771E-2
9.009,6.784E-2
9.026,6.801E-2
9.042,6.813E-2
9.059,6.830E-2
9.076,6.849E-2
9.092,6.869E-2
9.109,6.884E-2
9.126,6.898E-2
9.142,6.911E-2
9.159,6.919E-2
9.176,6.929E-2
9.193,6.934E-2
9.209,6.935E-2
9.226,6.934E-2
9.243,6.935E-2
9.259,6.934E-2
9.276,6.940E-2
9.293,6.949E-2
9.309,6.961E-2
9.326,6.974E-2
9.343,6.985E-2
9.359,7.003E-2
9.376,7.019E-2
9.393,7.035E-2
9.409,7.049E-2
9.426,7.066E-2
9.443,7.082E-2
9.459,7.093E-2
9.476,7.102E-2
9.493,7.116E-2
9.510,7.122E-2
9.526,7.128E-2
9.543,7.138E-2
9.560,7.143E-2
9.576,7.153E-2
9.593,7.163E-2
9.610,7.170E-2
9.626,7.184E-2
9.643,7.196E-2
9.660,7.215E-2
9.676,7.222E-2
9.693,7.236E-2
9.710,7.250E-2
9.726,7.264E-2
9.743,7.274E-2
9.760,7.282E-2
9.776,7.290E-2
9.793,7.292E-2
9.810,7.293E-2
9.826,7.295E-2
9.843,7.293E-2
9.860,7.292E-2
9.877,7.287E-2
9.893,7.283E-2
9.910,7.278E-2
9.927,7.268E-2
9.943,7.267E-2
9.960,7.267E-2
9.977,7.269E-2
9.993,7.277E-2
10.010,7.287E-2
10.027,7.304E-2
10.043,7.320E-2
10.060,7.339E-2
10.077,7.359E-2
10.093,7.380E-2
10.110,7.395E-2
10.127,7.410E-2
10.143,7.423E-2
10.160,7.434E-2
10.177,7.444E-2
10.194,7.446E-2
10.210,7.450E-2
10.227,7.450E-2
10.244,7.452E-2
10.260,7.454E-2
10.277,7.456E-2
10.294,7.459E-2
10.310,7.470E-2
10.327,7.477E-2
10.344,7.488E-2
10.360,7.502E-2
10.377,7.520E-2
10.394,7.539E-2
10.410,7.552E-2
10.427,7.573E-2
10.444,7.596E-2
10.460,7.619E-2
10.477,7.637E-2
10.494,7.653E-2
10.511,7.676E-2
10.527,7.688E-2
10.544,7.696E-2
10.561,7.701E-2
10.577,7.702E-2
10.594,7.704E-2
10.611,7.706E-2
10.627,7.712E-2
10.644,7.722E-2
10.661,7.733E-2
10.677,7.751E-2
10.694,7.770E-2
10.711,7.792E-2
10.727,7.806E-2
10.744,7.831E-2
10.761,7.849E-2
10.777,7.862E-2
10.794,7.879E-2
10.811,7.899E-2
10.827,7.909E-2
10.844,7.922E-2
10.861,7.936E-2
10.878,7.948E-2
10.894,7.962E-2
10.911,7.976E-2
10.928,7.988E-2
10.944,8.003E-2
10.961,8.013E-2
10.978,8.027E-2
10.994,8.037E-2
11.011,8.050E-2
11.028,8.059E-2
11.044,8.064E-2
11.061,8.063E-2
11.078,8.061E-2
11.094,8.057E-2
11.111,8.056E-2
11.128,8.056E-2
11.144,8.057E-2
11.161,8.058E-2
11.178,8.059E-2
11.195,8.059E-2
11.211,8.059E-2
11.228,8.059E-2
11.245,8.059E-2
11.261,8.059E-2
11.278,8.059E-2
11.295,8.059E-2
11.311,8.059E-2
11.328,8.058E-2
11.345,8.058E-2
11.361,8.060E-2
11.378,8.059E-2
11.395,8.059E-2
11.411,8.059E-2
11.428,8.059E-2
11.445,8.059E-2
11.461,8.059E-2
11.478,8.059E-2
11.495,8.059E-2
11.512,8.059E-2
11.528,8.059E-2
11.545,8.059E-2
11.562,8.059E-2
11.578,8.059E-2
11.595,8.059E-2
11.612,8.059E-2
11.628,8.059E-2
11.645,8.060E-2
11.662,8.060E-2
11.678,8.060E-2
11.695,8.059E-2
11.712,8.059E-2
11.728,8.059E-2
11.745,8.060E-2
11.762,8.060E-2
11.778,8.060E-2
11.795,8.060E-2
11.812,8.060E-2
11.828,8.060E-2
11.845,8.060E-2
11.862,8.060E-2
11.879,8.060E-2
11.895,8.060E-2
11.912,8.059E-2
11.929,8.060E-2
11.945,8.058E-2
11.962,8.060E-2
11.979,8.059E-2
11.995,8.060E-2
12.012,8.058E-2
12.029,8.058E-2
12.045,8.059E-2
12.062,8.059E-2
12.079,8.059E-2
12.095,8.060E-2
12.112,8.059E-2
12.129,8.059E-2
12.145,8.060E-2
12.162,8.059E-2
12.179,8.060E-2
12.196,8.060E-2
12.212,8.060E-2
12.229,8.060E-2
12.246,8.060E-2
12.262,8.060E-2
12.279,8.060E-2
12.296,8.060E-2
12.312,8.060E-2
12.329,8.060E-2
12.346,8.059E-2
12.362,8.059E-2
12.379,8.059E-2
12.396,8.059E-2
12.412,8.059E-2
12.429,8.059E-2
12.446,8.059E-2
12.462,8.059E-2
12.479,8.059E-2
12.496,8.059E-2
12.513,8.060E-2
12.529,8.060E-2
12.546,8.059E-2
12.563,8.059E-2
12.579,8.060E-2
12.596,8.060E-2
12.613,8.060E-2
12.629,8.059E-2
12.646,8.060E-2
12.663,8.060E-2
12.679,8.060E-2
