,mass A,
t,x,
5.539,3.391E-2
5.556,3.391E-2
5.572,3.391E-2
5.589,3.392E-2
5.606,3.392E-2
5.622,3.391E-2
5.639,3.392E-2
5.656,3.391E-2
5.672,3.391E-2
5.689,3.391E-2
5.706,3.391E-2
5.722,3.391E-2
5.739,3.392E-2
5.756,3.392E-2
5.772,3.392E-2
5.789,3.392E-2
5.806,3.392E-2
5.822,3.392E-2
5.839,3.392E-2
5.856,3.392E-2
5.873,3.392E-2
5.889,3.391E-2
5.906,3.391E-2
5.923,3.391E-2
5.939,3.390E-2
5.956,3.390E-2
5.973,3.391E-2
5.989,3.391E-2
6.006,3.389E-2
6.023,3.390E-2
6.039,3.390E-2
6.056,3.391E-2
6.073,3.391E-2
6.089,3.391E-2
6.106,3.392E-2
6.123,3.391E-2
6.139,3.390E-2
6.156,3.390E-2
6.173,3.390E-2
6.190,3.393E-2
6.206,3.391E-2
6.223,3.391E-2
6.240,3.391E-2
6.256,3.391E-2
6.273,3.391E-2
6.290,3.391E-2
6.306,3.392E-2
6.323,3.391E-2
6.340,3.391E-2
6.356,3.391E-2
6.373,3.391E-2
6.390,3.390E-2
6.406,3.391E-2
6.423,3.391E-2
6.440,3.391E-2
6.456,3.391E-2
6.473,3.391E-2
6.490,3.391E-2
6.506,3.390E-2
6.523,3.391E-2
6.540,3.390E-2
6.557,3.390E-2
6.573,3.391E-2
6.590,3.391E-2
6.607,3.392E-2
6.623,3.391E-2
6.640,3.391E-2
6.657,3.392E-2
6.673,3.391E-2
6.690,3.391E-2
6.707,3.391E-2
6.723,3.391E-2
6.740,3.391E-2
6.757,3.390E-2
6.773,3.391E-2
6.790,3.391E-2
6.807,3.391E-2
6.823,3.391E-2
6.840,3.391E-2
6.857,3.390E-2
6.874,3.390E-2
6.890,3.391E-2
6.907,3.390E-2
6.924,3.393E-2
6.940,3.392E-2
6.957,3.392E-2
6.974,3.391E-2
6.990,3.390E-2
7.007,3.391E-2
7.024,3.391E-2
7.040,3.391E-2
7.057,3.391E-2
7.074,3.391E-2
7.090,3.392E-2
7.107,3.392E-2
7.124,3.392E-2
7.140,3.392E-2
7.157,3.393E-2
7.174,3.393E-2
7.191,3.392E-2
7.207,3.392E-2
7.224,3.392E-2
7.241,3.392E-2
7.257,3.392E-2
7.274,3.392E-2
7.291,3.392E-2
7.307,3.391E-2
7.324,3.391E-2
7.341,3.392E-2
7.357,3.392E-2
7.374,3.391E-2
7.391,3.390E-2
7.407,3.390E-2
7.424,3.391E-2
7.441,3.391E-2
7.457,3.390E-2
7.474,3.391E-2
7.491,3.390E-2
7.508,3.390E-2
7.524,3.391E-2
7.541,3.390E-2
7.558,3.390E-2
7.574,3.390E-2
7.591,3.391E-2
7.608,3.391E-2
7.624,3.391E-2
7.641,3.391E-2
7.658,3.391E-2
7.674,3.391E-2
7.691,3.392E-2
7.708,3.392E-2
7.724,3.392E-2
7.741,3.392E-2
7.758,3.392E-2
7.774,3.391E-2
7.791,3.392E-2
7.808,3.391E-2
7.824,3.391E-2
7.841,3.391E-2
7.858,3.391E-2
7.875,3.391E-2
7.891,3.391E-2
7.908,3.391E-2
7.925,3.391E-2
7.941,3.391E-2
7.958,3.391E-2
7.975,3.391E-2
7.991,3.391E-2
8.008,3.390E-2
8.025,3.391E-2
8.041,3.391E-2
8.058,3.390E-2
8.075,3.391E-2
8.091,3.390E-2
8.108,3.393E-2
8.125,3.392E-2
8.141,3.394E-2
8.158,3.393E-2
8.175,3.392E-2
8.192,3.391E-2
8.208,3.391E-2
8.225,3.391E-2
8.242,3.391E-2
8.258,3.391E-2
8.275,3.391E-2
8.292,3.391E-2
8.308,3.391E-2
8.325,3.391E-2
8.342,3.391E-2
8.358,3.391E-2
8.375,3.391E-2
8.392,3.391E-2
8.408,3.391E-2
8.425,3.391E-2
8.442,3.391E-2
8.458,3.391E-2
8.475,3.390E-2
8.492,3.391E-2
8.508,3.391E-2
8.525,3.392E-2
8.542,3.391E-2
8.559,3.391E-2
8.575,3.391E-2
8.592,3.391E-2
8.609,3.391E-2
8.625,3.392E-2
8.642,3.390E-2
8.659,3.390E-2
8.675,3.390E-2
8.692,3.391E-2
8.709,3.391E-2
8.725,3.391E-2
8.742,3.390E-2
8.759,3.391E-2
8.775,3.390E-2
8.792,3.390E-2
8.809,3.391E-2
8.825,3.396E-2
8.842,3.402E-2
8.859,3.415E-2
8.876,3.429E-2
8.892,3.443E-2
8.909,3.462E-2
8.926,3.492E-2
8.942,3.508E-2
8.959,3.540E-2
8.976,3.557E-2
8.992,3.579E-2
9.009,3.593E-2
9.026,3.602E-2
9.042,3.607E-2
9.059,3.607E-2
9.076,3.612E-2
9.092,3.615E-2
9.109,3.622E-2
9.126,3.627E-2
9.142,3.632E-2
9.159,3.643E-2
9.176,3.658E-2
9.193,3.675E-2
9.209,3.694E-2
9.226,3.707E-2
9.243,3.724E-2
9.259,3.738E-2
9.276,3.753E-2
9.293,3.773E-2
9.309,3.788E-2
9.326,3.797E-2
9.343,3.802E-2
9.359,3.803E-2
9.376,3.807E-2
9.393,3.810E-2
9.409,3.812E-2
9.426,3.823E-2
9.443,3.834E-2
9.459,3.846E-2
9.476,3.860E-2
9.493,3.878E-2
9.509,3.896E-2
9.526,3.914E-2
9.543,3.931E-2
9.560,3.951E-2
9.576,3.966E-2
9.593,3.981E-2
9.610,3.998E-2
9.626,4.010E-2
9.643,4.023E-2
9.660,4.036E-2
9.676,4.052E-2
9.693,4.067E-2
9.710,4.083E-2
9.726,4.091E-2
9.743,4.101E-2
9.760,4.109E-2
9.776,4.112E-2
9.793,4.119E-2
9.810,4.129E-2
9.826,4.130E-2
9.843,4.130E-2
9.860,4.123E-2
9.877,4.114E-2
9.893,4.105E-2
9.910,4.098E-2
9.927,4.100E-2
9.943,4.105E-2
9.960,4.116E-2
9.977,4.135E-2
9.993,4.163E-2
10.010,4.183E-2
10.027,4.210E-2
10.043,4.232E-2
10.060,4.260E-2
10.077,4.276E-2
10.093,4.296E-2
10.110,4.307E-2
10.127,4.313E-2
10.143,4.313E-2
10.160,4.317E-2
10.177,4.317E-2
10.194,4.324E-2
10.210,4.334E-2
10.227,4.346E-2
10.244,4.358E-2
10.260,4.379E-2
10.277,4.401E-2
10.294,4.420E-2
10.310,4.440E-2
10.327,4.461E-2
10.344,4.480E-2
10.360,4.492E-2
10.377,4.496E-2
10.394,4.497E-2
10.410,4.499E-2
10.427,4.500E-2
10.444,4.505E-2
10.460,4.510E-2
10.477,4.517E-2
10.494,4.529E-2
10.511,4.544E-2
10.527,4.560E-2
10.544,4.582E-2
10.561,4.605E-2
10.577,4.623E-2
10.594,4.640E-2
10.611,4.653E-2
10.627,4.668E-2
10.644,4.686E-2
10.661,4.696E-2
10.677,4.710E-2
10.694,4.724E-2
10.711,4.730E-2
10.727,4.751E-2
10.744,4.763E-2
10.761,4.774E-2
10.777,4.785E-2
10.794,4.798E-2
10.811,4.805E-2
10.827,4.815E-2
10.844,4.820E-2
10.861,4.821E-2
10.878,4.821E-2
10.894,4.820E-2
10.911,4.811E-2
10.928,4.803E-2
10.944,4.795E-2
10.961,4.794E-2
10.978,4.794E-2
10.994,4.801E-2
11.011,4.821E-2
11.028,4.842E-2
11.044,4.866E-2
11.061,4.893E-2
11.078,4.920E-2
11.094,4.944E-2
11.111,4.965E-2
11.128,4.984E-2
11.144,4.999E-2
11.161,5.010E-2
11.178,5.022E-2
11.195,5.025E-2
11.211,5.027E-2
11.228,5.028E-2
11.245,5.034E-2
11.261,5.043E-2
11.278,5.055E-2
11.295,5.069E-2
11.311,5.085E-2
11.328,5.106E-2
11.345,5.124E-2
11.361,5.143E-2
11.378,5.168E-2
11.395,5.183E-2
11.411,5.194E-2
11.428,5.203E-2
11.445,5.204E-2
11.461,5.207E-2
11.478,5.208E-2
11.495,5.213E-2
11.511,5.220E-2
11.528,5.228E-2
11.545,5.240E-2
11.562,5.256E-2
11.578,5.275E-2
11.595,5.289E-2
11.612,5.310E-2
11.628,5.328E-2
11.645,5.344E-2
11.662,5.360E-2
11.678,5.376E-2
11.695,5.389E-2
11.712,5.403E-2
11.728,5.416E-2
11.745,5.429E-2
11.762,5.440E-2
11.778,5.454E-2
11.795,5.472E-2
11.812,5.486E-2
11.828,5.492E-2
11.845,5.503E-2
11.862,5.512E-2
11.879,5.523E-2
11.895,5.530E-2
11.912,5.533E-2
11.929,5.532E-2
11.945,5.529E-2
11.962,5.519E-2
11.979,5.509E-2
11.995,5.502E-2
12.012,5.504E-2
12.029,5.508E-2
12.045,5.518E-2
12.062,5.535E-2
12.079,5.556E-2
12.095,5.587E-2
12.112,5.610E-2
12.129,5.637E-2
12.145,5.658E-2
12.162,5.675E-2
12.179,5.687E-2
12.196,5.694E-2
12.212,5.699E-2
12.229,5.706E-2
12.246,5.708E-2
12.262,5.711E-2
12.279,5.715E-2
12.296,5.727E-2
12.312,5.740E-2
12.329,5.758E-2
12.346,5.779E-2
12.362,5.801E-2
12.379,5.822E-2
12.396,5.841E-2
12.412,5.856E-2
12.429,5.867E-2
12.446,5.873E-2
12.462,5.872E-2
12.479,5.871E-2
12.496,5.869E-2
12.512,5.867E-2
12.529,5.866E-2
12.546,5.866E-2
12.563,5.869E-2
12.579,5.881E-2
12.596,5.897E-2
12.613,5.912E-2
12.629,5.931E-2
12.646,5.948E-2
12.663,5.964E-2
12.679,5.980E-2
12.696,5.995E-2
12.713,6.008E-2
12.729,6.021E-2
12.746,6.037E-2
12.763,6.044E-2
12.779,6.054E-2
12.796,6.065E-2
12.813,6.079E-2
12.829,6.091E-2
12.846,6.105E-2
12.863,6.117E-2
12.880,6.134E-2
12.896,6.149E-2
12.913,6.163E-2
12.930,6.173E-2
12.946,6.180E-2
12.963,6.182E-2
12.980,6.187E-2
12.996,6.186E-2
13.013,6.176E-2
13.030,6.167E-2
13.046,6.158E-2
13.063,6.155E-2
13.080,6.159E-2
13.096,6.167E-2
13.113,6.183E-2
13.130,6.204E-2
13.146,6.229E-2
13.163,6.255E-2
13.180,6.284E-2
13.197,6.305E-2
13.213,6.327E-2
13.230,6.343E-2
13.247,6.354E-2
13.263,6.362E-2
13.280,6.370E-2
13.297,6.371E-2
13.313,6.372E-2
13.330,6.374E-2
13.347,6.379E-2
13.363,6.386E-2
13.380,6.401E-2
13.397,6.419E-2
13.413,6.440E-2
13.430,6.459E-2
13.447,6.478E-2
13.463,6.497E-2
13.480,6.517E-2
13.497,6.532E-2
13.514,6.540E-2
13.530,6.546E-2
13.547,6.547E-2
13.564,6.548E-2
13.580,6.548E-2
13.597,6.549E-2
13.614,6.551E-2
13.630,6.554E-2
13.647,6.561E-2
13.664,6.579E-2
13.680,6.597E-2
13.697,6.618E-2
13.714,6.639E-2
13.730,6.654E-2
13.747,6.672E-2
13.764,6.685E-2
13.780,6.697E-2
13.797,6.710E-2
13.814,6.720E-2
13.830,6.736E-2
13.847,6.746E-2
13.864,6.761E-2
13.881,6.778E-2
13.897,6.792E-2
13.914,6.804E-2
13.931,6.817E-2
13.947,6.830E-2
13.964,6.843E-2
13.981,6.849E-2
13.997,6.857E-2
14.014,6.858E-2
14.031,6.858E-2
14.047,6.856E-2
14.064,6.856E-2
14.081,6.856E-2
14.097,6.857E-2
14.114,6.856E-2
14.131,6.856E-2
14.147,6.856E-2
14.164,6.855E-2
14.181,6.857E-2
14.198,6.857E-2
14.214,6.857E-2
14.231,6.857E-2
14.248,6.857E-2
14.264,6.856E-2
14.281,6.857E-2
14.298,6.857E-2
14.314,6.857E-2
14.331,6.857E-2
14.348,6.857E-2
14.364,6.857E-2
14.381,6.857E-2
14.398,6.857E-2
14.414,6.856E-2
14.431,6.857E-2
14.448,6.857E-2
14.464,6.857E-2
14.481,6.857E-2
14.498,6.857E-2
14.514,6.857E-2
14.531,6.857E-2
14.548,6.857E-2
14.565,6.857E-2
14.581,6.857E-2
14.598,6.857E-2
14.615,6.857E-2
14.631,6.857E-2
14.648,6.857E-2
14.665,6.857E-2
14.681,6.857E-2
14.698,6.857E-2
14.715,6.857E-2
14.731,6.857E-2
14.748,6.857E-2
14.765,6.857E-2
14.781,6.857E-2
14.798,6.857E-2
14.815,6.857E-2
14.831,6.855E-2
14.848,6.856E-2
14.865,6.857E-2
14.882,6.857E-2
14.898,6.858E-2
14.915,6.857E-2
14.932,6.858E-2
14.948,6.856E-2
14.965,6.857E-2
14.982,6.857E-2
14.998,6.857E-2
15.015,6.857E-2
15.032,6.857E-2
15.048,6.857E-2
15.065,6.857E-2
15.082,6.857E-2
15.098,6.857E-2
15.115,6.857E-2
15.132,6.857E-2
15.148,6.857E-2
15.165,6.857E-2
15.182,6.857E-2
15.199,6.857E-2
15.215,6.857E-2
15.232,6.857E-2
15.249,6.857E-2
15.265,6.857E-2
15.282,6.857E-2
15.299,6.857E-2
15.315,6.857E-2
15.332,6.857E-2
15.349,6.857E-2
15.365,6.857E-2
15.382,6.857E-2
15.399,6.857E-2
15.415,6.857E-2
15.432,6.857E-2
15.449,6.857E-2
15.465,6.857E-2
15.482,6.857E-2
15.499,6.857E-2
15.515,6.858E-2
15.532,6.857E-2
15.549,6.857E-2
15.566,6.857E-2
15.582,6.857E-2
15.599,6.857E-2
15.616,6.857E-2
15.632,6.857E-2
15.649,6.857E-2
15.666,6.857E-2
15.682,6.857E-2
15.699,6.857E-2
15.716,6.857E-2
15.732,6.857E-2
15.749,6.857E-2
15.766,6.857E-2
15.782,6.857E-2
15.799,6.857E-2
15.816,6.857E-2
15.832,6.857E-2
15.849,6.857E-2
15.866,6.857E-2
15.883,6.857E-2
15.899,6.857E-2
15.916,6.857E-2
15.933,6.857E-2
15.949,6.857E-2
15.966,6.857E-2
15.983,6.857E-2
15.999,6.857E-2
16.016,6.857E-2
16.033,6.857E-2
16.049,6.857E-2
16.066,6.857E-2
16.083,6.857E-2
16.099,6.857E-2
16.116,6.857E-2
16.133,6.857E-2
16.149,6.857E-2
16.166,6.857E-2
16.183,6.857E-2
16.200,6.857E-2
16.216,6.857E-2
16.233,6.857E-2
16.250,6.857E-2
16.266,6.857E-2
16.283,6.858E-2
16.300,6.857E-2
16.316,6.858E-2
16.333,6.857E-2
16.350,6.857E-2
16.366,6.857E-2
16.383,6.857E-2
16.400,6.857E-2
16.416,6.857E-2
16.433,6.857E-2
16.450,6.857E-2
16.466,6.857E-2
16.483,6.857E-2
16.500,6.857E-2
16.517,6.857E-2
16.533,6.857E-2
16.550,6.857E-2
16.567,6.857E-2
16.583,6.857E-2
16.600,6.857E-2
