,mass_A,
t,x,
3.503500E0,4.184133E-2
3.520183E0,4.184257E-2
3.536867E0,4.184205E-2
3.553550E0,4.184196E-2
3.570233E0,4.184079E-2
3.586917E0,4.184104E-2
3.603600E0,4.184235E-2
3.620283E0,4.184164E-2
3.636967E0,4.184094E-2
3.653650E0,4.183669E-2
3.670333E0,4.183700E-2
3.687017E0,4.183746E-2
3.703700E0,4.183117E-2
3.720383E0,4.183291E-2
3.737067E0,4.183377E-2
3.753750E0,4.183618E-2
3.770433E0,4.183719E-2
3.787117E0,4.183755E-2
3.803800E0,4.183879E-2
3.820483E0,4.183967E-2
3.837167E0,4.183238E-2
3.853850E0,4.183353E-2
3.870533E0,4.183316E-2
3.887217E0,4.184178E-2
3.903900E0,4.183479E-2
3.920583E0,4.183478E-2
3.937267E0,4.183522E-2
3.953950E0,4.184057E-2
3.970633E0,4.183118E-2
3.987317E0,4.184007E-2
4.004000E0,4.183085E-2
4.020683E0,4.183108E-2
4.037367E0,4.183421E-2
4.054050E0,4.183897E-2
4.070733E0,4.183894E-2
4.087417E0,4.183879E-2
4.104100E0,4.184088E-2
4.120783E0,4.184051E-2
4.137467E0,4.183613E-2
4.154150E0,4.183651E-2
4.170833E0,4.184428E-2
4.187517E0,4.184656E-2
4.204200E0,4.184115E-2
4.220883E0,4.184267E-2
4.237567E0,4.184705E-2
4.254250E0,4.184784E-2
4.270933E0,4.183966E-2
4.287617E0,4.184523E-2
4.304300E0,4.184308E-2
4.320983E0,4.184171E-2
4.337667E0,4.184085E-2
4.354350E0,4.183241E-2
4.371033E0,4.183402E-2
4.387717E0,4.183523E-2
4.404400E0,4.183833E-2
4.421083E0,4.183882E-2
4.437767E0,4.183849E-2
4.454450E0,4.184292E-2
4.471133E0,4.184224E-2
4.487817E0,4.183953E-2
4.504500E0,4.182768E-2
4.521183E0,4.183265E-2
4.537867E0,4.183382E-2
4.554550E0,4.183476E-2
4.571233E0,4.184928E-2
4.587917E0,4.184643E-2
4.604600E0,4.185031E-2
4.621283E0,4.184780E-2
4.637967E0,4.184280E-2
4.654650E0,4.183147E-2
4.671333E0,4.183316E-2
4.688017E0,4.183910E-2
4.704700E0,4.183894E-2
4.721383E0,4.184325E-2
4.738067E0,4.184479E-2
4.754750E0,4.184201E-2
4.771433E0,4.184233E-2
4.788117E0,4.183953E-2
4.804800E0,4.183821E-2
4.821483E0,4.183838E-2
4.838167E0,4.183872E-2
4.854850E0,4.183907E-2
4.871533E0,4.183803E-2
4.888217E0,4.183749E-2
4.904900E0,4.183870E-2
4.921583E0,4.183751E-2
4.938267E0,4.184242E-2
4.954950E0,4.183572E-2
4.971633E0,4.183611E-2
4.988317E0,4.183639E-2
5.005000E0,4.183894E-2
5.021683E0,4.184446E-2
5.038367E0,4.183837E-2
5.055050E0,4.183398E-2
5.071733E0,4.183454E-2
5.088417E0,4.183537E-2
5.105100E0,4.184030E-2
5.121783E0,4.184046E-2
5.138467E0,4.184368E-2
5.155150E0,4.184292E-2
5.171833E0,4.184500E-2
5.188517E0,4.184597E-2
5.205200E0,4.184041E-2
5.221883E0,4.182552E-2
5.238567E0,4.179371E-2
5.255250E0,4.178194E-2
5.271933E0,4.179398E-2
5.288617E0,4.183558E-2
5.305300E0,4.189265E-2
5.321983E0,4.198221E-2
5.338667E0,4.215685E-2
5.355350E0,4.234999E-2
5.372033E0,4.255365E-2
5.388717E0,4.283530E-2
5.405400E0,4.301734E-2
5.422083E0,4.325690E-2
5.438767E0,4.341058E-2
5.455450E0,4.358924E-2
5.472133E0,4.370217E-2
5.488817E0,4.382551E-2
5.505500E0,4.391322E-2
5.522183E0,4.393336E-2
5.538867E0,4.395557E-2
5.555550E0,4.400190E-2
5.572233E0,4.403661E-2
5.588917E0,4.408621E-2
5.605600E0,4.423416E-2
5.622283E0,4.431091E-2
5.638967E0,4.450659E-2
5.655650E0,4.466194E-2
5.672333E0,4.488517E-2
5.689017E0,4.505909E-2
5.705700E0,4.520103E-2
5.722383E0,4.539428E-2
5.739067E0,4.557675E-2
5.755750E0,4.571370E-2
5.772433E0,4.579378E-2
5.789117E0,4.583638E-2
5.805800E0,4.580892E-2
5.822483E0,4.579972E-2
5.839167E0,4.583099E-2
5.855850E0,4.585167E-2
5.872533E0,4.588767E-2
5.889217E0,4.596911E-2
5.905900E0,4.606236E-2
5.922583E0,4.620792E-2
5.939267E0,4.638214E-2
5.955950E0,4.653336E-2
5.972633E0,4.673134E-2
5.989317E0,4.694397E-2
6.006000E0,4.709510E-2
6.022683E0,4.721007E-2
6.039367E0,4.739339E-2
6.056050E0,4.751177E-2
6.072733E0,4.767021E-2
6.089417E0,4.782214E-2
6.106100E0,4.796551E-2
6.122783E0,4.808445E-2
6.139467E0,4.819193E-2
6.156150E0,4.835667E-2
6.172833E0,4.848305E-2
6.189517E0,4.862401E-2
6.206200E0,4.869748E-2
6.222883E0,4.881339E-2
6.239567E0,4.889721E-2
6.256250E0,4.893137E-2
6.272933E0,4.891761E-2
6.289617E0,4.888784E-2
6.306300E0,4.883997E-2
6.322983E0,4.871208E-2
6.339667E0,4.856873E-2
6.356350E0,4.842795E-2
6.373033E0,4.829360E-2
6.389717E0,4.824881E-2
6.406400E0,4.828328E-2
6.423083E0,4.839266E-2
6.439767E0,4.858793E-2
6.456450E0,4.878765E-2
6.473133E0,4.908161E-2
6.489817E0,4.936616E-2
6.506500E0,4.960711E-2
6.523183E0,4.985131E-2
6.539867E0,5.005963E-2
6.556550E0,5.017981E-2
6.573233E0,5.030208E-2
6.589917E0,5.038320E-2
6.606600E0,5.038367E-2
6.623283E0,5.038203E-2
6.639967E0,5.039850E-2
6.656650E0,5.044017E-2
6.673333E0,5.052810E-2
6.690017E0,5.068814E-2
6.706700E0,5.083676E-2
6.723383E0,5.104189E-2
6.740067E0,5.123071E-2
6.756750E0,5.142997E-2
6.773433E0,5.163701E-2
6.790117E0,5.178092E-2
6.806800E0,5.198042E-2
6.823483E0,5.203977E-2
6.840167E0,5.211565E-2
6.856850E0,5.214266E-2
6.873533E0,5.215371E-2
6.890217E0,5.215145E-2
6.906900E0,5.215930E-2
6.923583E0,5.216213E-2
6.940267E0,5.221264E-2
6.956950E0,5.228416E-2
6.973633E0,5.245750E-2
6.990317E0,5.263619E-2
7.007000E0,5.286507E-2
7.023683E0,5.307071E-2
7.040367E0,5.319556E-2
7.057050E0,5.335851E-2
7.073733E0,5.357847E-2
7.090417E0,5.371055E-2
7.107100E0,5.382862E-2
7.123783E0,5.394043E-2
7.140467E0,5.404615E-2
7.157150E0,5.412870E-2
7.173833E0,5.424655E-2
7.190517E0,5.437986E-2
7.207200E0,5.455797E-2
7.223883E0,5.466722E-2
7.240567E0,5.479486E-2
7.257250E0,5.492374E-2
7.273933E0,5.508256E-2
7.290617E0,5.512142E-2
7.307300E0,5.516054E-2
7.323983E0,5.526792E-2
7.340667E0,5.527593E-2
7.357350E0,5.527908E-2
7.374033E0,5.520529E-2
7.390717E0,5.509552E-2
7.407400E0,5.490259E-2
7.424083E0,5.480702E-2
7.440767E0,5.470377E-2
7.457450E0,5.471374E-2
7.474133E0,5.478790E-2
7.490817E0,5.494308E-2
7.507500E0,5.515831E-2
7.524183E0,5.544363E-2
7.540867E0,5.572556E-2
7.557550E0,5.599810E-2
7.574233E0,5.620054E-2
7.590917E0,5.640031E-2
7.607600E0,5.652037E-2
7.624283E0,5.659380E-2
7.640967E0,5.663581E-2
7.657650E0,5.661396E-2
7.674333E0,5.660139E-2
7.691017E0,5.663069E-2
7.707700E0,5.664098E-2
7.724383E0,5.671969E-2
7.741067E0,5.685434E-2
7.757750E0,5.697528E-2
7.774433E0,5.717555E-2
7.791117E0,5.733045E-2
7.807800E0,5.754154E-2
7.824483E0,5.775285E-2
7.841167E0,5.792010E-2
7.857850E0,5.809920E-2
7.874533E0,5.823279E-2
7.891217E0,5.837598E-2
7.907900E0,5.840962E-2
7.924583E0,5.839855E-2
7.941267E0,5.838144E-2
7.957950E0,5.837833E-2
7.974633E0,5.837275E-2
7.991317E0,5.836367E-2
8.008000E0,5.838782E-2
8.024683E0,5.845791E-2
8.041367E0,5.861527E-2
8.058050E0,5.879360E-2
8.074733E0,5.895813E-2
8.091417E0,5.914872E-2
8.108100E0,5.933588E-2
8.124783E0,5.947873E-2
8.141467E0,5.965548E-2
8.158150E0,5.980676E-2
8.174833E0,5.996298E-2
8.191517E0,6.010456E-2
8.208200E0,6.023277E-2
8.224883E0,6.032124E-2
8.241567E0,6.044904E-2
8.258250E0,6.054871E-2
8.274933E0,6.071526E-2
8.291617E0,6.088116E-2
8.308300E0,6.100437E-2
8.324983E0,6.113637E-2
8.341667E0,6.127046E-2
8.358350E0,6.138823E-2
8.375033E0,6.147020E-2
8.391717E0,6.152927E-2
8.408400E0,6.152127E-2
8.425083E0,6.150782E-2
8.441767E0,6.148466E-2
8.458450E0,6.138097E-2
8.475133E0,6.126749E-2
8.491817E0,6.117579E-2
8.508500E0,6.111206E-2
8.525183E0,6.110697E-2
8.541867E0,6.115433E-2
8.558550E0,6.124213E-2
8.575233E0,6.137360E-2
8.591917E0,6.165057E-2
8.608600E0,6.188213E-2
8.625283E0,6.220990E-2
8.641967E0,6.245402E-2
8.658650E0,6.272692E-2
8.675333E0,6.292049E-2
8.692017E0,6.306699E-2
8.708700E0,6.320331E-2
8.725383E0,6.328620E-2
8.742067E0,6.328548E-2
8.758750E0,6.331440E-2
8.775433E0,6.333368E-2
8.792117E0,6.340108E-2
8.808800E0,6.351385E-2
8.825483E0,6.360936E-2
8.842167E0,6.370695E-2
8.858850E0,6.390918E-2
8.875533E0,6.407921E-2
8.892217E0,6.426593E-2
8.908900E0,6.446450E-2
8.925583E0,6.464023E-2
8.942267E0,6.483415E-2
8.958950E0,6.500996E-2
8.975633E0,6.507641E-2
8.992317E0,6.508863E-2
9.009000E0,6.509612E-2
9.025683E0,6.508513E-2
9.042367E0,6.512109E-2
9.059050E0,6.510372E-2
9.075733E0,6.512944E-2
9.092417E0,6.520607E-2
9.109100E0,6.536484E-2
9.125783E0,6.550176E-2
9.142467E0,6.570198E-2
9.159150E0,6.580912E-2
9.175833E0,6.602271E-2
9.192517E0,6.622676E-2
9.209200E0,6.641065E-2
9.225883E0,6.657502E-2
9.242567E0,6.669949E-2
9.259250E0,6.682698E-2
9.275933E0,6.695647E-2
9.292617E0,6.704823E-2
9.309300E0,6.717882E-2
9.325983E0,6.733177E-2
9.342667E0,6.746103E-2
9.359350E0,6.756896E-2
9.376033E0,6.770449E-2
9.392717E0,6.782337E-2
9.409400E0,6.796097E-2
9.426083E0,6.807578E-2
9.442767E0,6.817749E-2
9.459450E0,6.827716E-2
9.476133E0,6.833181E-2
9.492817E0,6.838564E-2
9.509500E0,6.840195E-2
9.526183E0,6.840264E-2
9.542867E0,6.839934E-2
9.559550E0,6.835483E-2
9.576233E0,6.825970E-2
9.592917E0,6.822375E-2
9.609600E0,6.820832E-2
9.626283E0,6.832422E-2
9.642967E0,6.846926E-2
9.659650E0,6.864520E-2
9.676333E0,6.884531E-2
9.693017E0,6.906970E-2
9.709700E0,6.935100E-2
9.726383E0,6.959099E-2
9.743067E0,6.979365E-2
9.759750E0,6.994601E-2
9.776433E0,7.010012E-2
9.793117E0,7.021933E-2
9.809800E0,7.025838E-2
9.826483E0,7.030533E-2
9.843167E0,7.035026E-2
9.859850E0,7.041434E-2
9.876533E0,7.045220E-2
9.893217E0,7.050904E-2
9.909900E0,7.066447E-2
9.926583E0,7.075988E-2
9.943267E0,7.092307E-2
9.959950E0,7.115823E-2
9.976633E0,7.133953E-2
9.993317E0,7.153169E-2
1.001000E1,7.175154E-2
1.002668E1,7.198163E-2
1.004337E1,7.219864E-2
1.006005E1,7.231505E-2
1.007673E1,7.237506E-2
1.009342E1,7.239634E-2
1.011010E1,7.241256E-2
1.012678E1,7.240443E-2
1.014347E1,7.241451E-2
1.016015E1,7.240551E-2
1.017683E1,7.246268E-2
1.019352E1,7.260760E-2
1.021020E1,7.272530E-2
1.022688E1,7.290562E-2
1.024357E1,7.308209E-2
1.026025E1,7.330129E-2
1.027693E1,7.343021E-2
1.029362E1,7.360779E-2
1.031030E1,7.373729E-2
1.032698E1,7.391332E-2
1.034367E1,7.407370E-2
1.036035E1,7.418492E-2
1.037703E1,7.435390E-2
1.039372E1,7.446443E-2
1.041040E1,7.463876E-2
1.042708E1,7.477589E-2
1.044377E1,7.497078E-2
1.046045E1,7.511037E-2
1.047713E1,7.524672E-2
1.049382E1,7.537231E-2
1.051050E1,7.545929E-2
1.052718E1,7.552436E-2
1.054387E1,7.562995E-2
1.056055E1,7.564942E-2
1.057723E1,7.564951E-2
1.059392E1,7.565082E-2
1.061060E1,7.564958E-2
1.062728E1,7.564634E-2
1.064397E1,7.564285E-2
1.066065E1,7.565481E-2
1.067733E1,7.565935E-2
1.069402E1,7.566557E-2
1.071070E1,7.566677E-2
1.072738E1,7.566286E-2
1.074407E1,7.566369E-2
1.076075E1,7.566155E-2
1.077743E1,7.565696E-2
1.079412E1,7.565768E-2
1.081080E1,7.565647E-2
1.082748E1,7.565490E-2
1.084417E1,7.565401E-2
1.086085E1,7.565196E-2
1.087753E1,7.565290E-2
1.089422E1,7.565246E-2
1.091090E1,7.565626E-2
1.092758E1,7.566103E-2
1.094427E1,7.565920E-2
1.096095E1,7.566405E-2
1.097763E1,7.566530E-2
1.099432E1,7.566135E-2
1.101100E1,7.566025E-2
1.102768E1,7.565865E-2
1.104437E1,7.565533E-2
1.106105E1,7.565234E-2
1.107773E1,7.565596E-2
1.109442E1,7.565768E-2
1.111110E1,7.565628E-2
1.112778E1,7.565363E-2
1.114447E1,7.565489E-2
1.116115E1,7.564876E-2
1.117783E1,7.565837E-2
1.119452E1,7.565402E-2
1.121120E1,7.565440E-2
1.122788E1,7.566054E-2
1.124457E1,7.565963E-2
1.126125E1,7.566298E-2
1.127793E1,7.565929E-2
1.129462E1,7.565854E-2
1.131130E1,7.565886E-2
1.132798E1,7.565961E-2
1.134467E1,7.565392E-2
1.136135E1,7.565620E-2
1.137803E1,7.564604E-2
1.139472E1,7.565268E-2
1.141140E1,7.565887E-2
1.142808E1,7.565692E-2
1.144477E1,7.565316E-2
1.146145E1,7.565925E-2
1.147813E1,7.565705E-2
1.149482E1,7.565663E-2
1.151150E1,7.565855E-2
1.152818E1,7.565411E-2
1.154487E1,7.565392E-2
1.156155E1,7.565420E-2
1.157823E1,7.566178E-2
1.159492E1,7.565775E-2
1.161160E1,7.565888E-2
1.162828E1,7.565957E-2
1.164497E1,7.565892E-2
1.166165E1,7.565760E-2
1.167833E1,7.565398E-2
1.169502E1,7.565576E-2
1.171170E1,7.565542E-2
1.172838E1,7.565951E-2
1.174507E1,7.565483E-2
1.176175E1,7.565804E-2
1.177843E1,7.565490E-2
1.179512E1,7.565611E-2
1.181180E1,7.565632E-2
1.182848E1,7.565686E-2
1.184517E1,7.565748E-2
1.186185E1,7.565872E-2
1.187853E1,7.565287E-2
1.189522E1,7.565363E-2
1.191190E1,7.564703E-2
1.192858E1,7.565157E-2
1.194527E1,7.564883E-2
1.196195E1,7.564544E-2
1.197863E1,7.564886E-2
1.199532E1,7.565241E-2
1.201200E1,7.563677E-2
1.202868E1,7.564099E-2
1.204537E1,7.565098E-2
1.206205E1,7.565250E-2
1.207873E1,7.566005E-2
1.209542E1,7.565983E-2
1.211210E1,7.566137E-2
1.212878E1,7.565456E-2
1.214547E1,7.565254E-2
1.216215E1,7.565251E-2
1.217883E1,7.565268E-2
1.219552E1,7.565365E-2
1.221220E1,7.565311E-2
1.222888E1,7.564976E-2
1.224557E1,7.565324E-2
1.226225E1,7.565201E-2
1.227893E1,7.565483E-2
