,mass A,
t,x,
2.986,4.960E-2
3.003,4.962E-2
3.020,4.962E-2
3.036,4.962E-2
3.053,4.962E-2
3.070,4.962E-2
3.086,4.961E-2
3.103,4.960E-2
3.120,4.960E-2
3.136,4.961E-2
3.153,4.961E-2
3.170,4.961E-2
3.187,4.961E-2
3.203,4.961E-2
3.220,4.961E-2
3.237,4.961E-2
3.253,4.961E-2
3.270,4.961E-2
3.287,4.961E-2
3.303,4.961E-2
3.320,4.961E-2
3.337,4.961E-2
3.353,4.961E-2
3.370,4.961E-2
3.387,4.960E-2
3.403,4.960E-2
3.420,4.960E-2
3.437,4.960E-2
3.453,4.961E-2
3.470,4.960E-2
3.487,4.961E-2
3.504,4.961E-2
3.520,4.961E-2
3.537,4.961E-2
3.554,4.961E-2
3.570,4.961E-2
3.587,4.960E-2
3.604,4.961E-2
3.620,4.961E-2
3.637,4.961E-2
3.654,4.961E-2
3.670,4.961E-2
3.687,4.961E-2
3.704,4.961E-2
3.720,4.962E-2
3.737,4.961E-2
3.754,4.961E-2
3.770,4.960E-2
3.787,4.961E-2
3.804,4.962E-2
3.820,4.962E-2
3.837,4.962E-2
3.854,4.961E-2
3.871,4.961E-2
3.887,4.960E-2
3.904,4.961E-2
3.921,4.961E-2
3.937,4.961E-2
3.954,4.961E-2
3.971,4.961E-2
3.987,4.960E-2
4.004,4.960E-2
4.021,4.962E-2
4.037,4.962E-2
4.054,4.961E-2
4.071,4.961E-2
4.087,4.960E-2
4.104,4.961E-2
4.121,4.961E-2
4.137,4.961E-2
4.154,4.961E-2
4.171,4.961E-2
4.188,4.960E-2
4.204,4.961E-2
4.221,4.961E-2
4.238,4.961E-2
4.254,4.961E-2
4.271,4.961E-2
4.288,4.960E-2
4.304,4.960E-2
4.321,4.960E-2
4.338,4.960E-2
4.354,4.960E-2
4.371,4.960E-2
4.388,4.961E-2
4.404,4.961E-2
4.421,4.961E-2
4.438,4.961E-2
4.454,4.961E-2
4.471,4.961E-2
4.488,4.961E-2
4.505,4.961E-2
4.521,4.961E-2
4.538,4.961E-2
4.555,4.961E-2
4.571,4.961E-2
4.588,4.961E-2
4.605,4.960E-2
4.621,4.961E-2
4.638,4.961E-2
4.655,4.962E-2
4.671,4.962E-2
4.688,4.961E-2
4.705,4.960E-2
4.721,4.959E-2
4.738,4.958E-2
4.755,4.958E-2
4.771,4.959E-2
4.788,4.961E-2
4.805,4.966E-2
4.821,4.981E-2
4.838,5.002E-2
4.855,5.017E-2
4.872,5.039E-2
4.888,5.058E-2
4.905,5.080E-2
4.922,5.100E-2
4.938,5.115E-2
4.955,5.127E-2
4.972,5.140E-2
4.988,5.147E-2
5.005,5.153E-2
5.022,5.159E-2
5.038,5.166E-2
5.055,5.172E-2
5.072,5.180E-2
5.088,5.191E-2
5.105,5.201E-2
5.122,5.212E-2
5.138,5.224E-2
5.155,5.241E-2
5.172,5.253E-2
5.189,5.270E-2
5.205,5.286E-2
5.222,5.309E-2
5.239,5.324E-2
5.255,5.332E-2
5.272,5.337E-2
5.289,5.342E-2
5.305,5.346E-2
5.322,5.345E-2
5.339,5.345E-2
5.355,5.347E-2
5.372,5.351E-2
5.389,5.362E-2
5.405,5.379E-2
5.422,5.393E-2
5.439,5.414E-2
5.455,5.435E-2
5.472,5.452E-2
5.489,5.469E-2
5.506,5.481E-2
5.522,5.501E-2
5.539,5.517E-2
5.556,5.531E-2
5.572,5.543E-2
5.589,5.556E-2
5.606,5.571E-2
5.622,5.584E-2
5.639,5.597E-2
5.656,5.609E-2
5.672,5.612E-2
5.689,5.618E-2
5.706,5.632E-2
5.722,5.643E-2
5.739,5.655E-2
5.756,5.658E-2
5.772,5.657E-2
5.789,5.657E-2
5.806,5.652E-2
5.822,5.644E-2
5.839,5.642E-2
5.856,5.635E-2
5.873,5.627E-2
5.889,5.629E-2
5.906,5.634E-2
5.923,5.645E-2
5.939,5.666E-2
5.956,5.685E-2
5.973,5.710E-2
5.989,5.735E-2
6.006,5.759E-2
6.023,5.780E-2
6.039,5.798E-2
6.056,5.815E-2
6.073,5.829E-2
6.089,5.838E-2
6.106,5.842E-2
6.123,5.845E-2
6.139,5.844E-2
6.156,5.852E-2
6.173,5.859E-2
6.190,5.865E-2
6.206,5.883E-2
6.223,5.899E-2
6.240,5.921E-2
6.256,5.942E-2
6.273,5.961E-2
6.290,5.983E-2
6.306,6.002E-2
6.323,6.016E-2
6.340,6.022E-2
6.356,6.028E-2
6.373,6.034E-2
6.390,6.041E-2
6.406,6.044E-2
6.423,6.048E-2
6.440,6.058E-2
6.456,6.068E-2
6.473,6.081E-2
6.490,6.095E-2
6.507,6.110E-2
6.523,6.123E-2
6.540,6.138E-2
6.557,6.160E-2
6.573,6.172E-2
6.590,6.194E-2
6.607,6.211E-2
6.623,6.227E-2
6.640,6.243E-2
6.657,6.260E-2
6.673,6.280E-2
6.690,6.297E-2
6.707,6.309E-2
6.723,6.325E-2
6.740,6.339E-2
6.757,6.350E-2
6.773,6.359E-2
6.790,6.367E-2
6.807,6.372E-2
6.823,6.374E-2
6.840,6.371E-2
6.857,6.367E-2
6.874,6.360E-2
6.890,6.349E-2
6.907,6.343E-2
6.924,6.343E-2
6.940,6.343E-2
6.957,6.351E-2
6.974,6.366E-2
6.990,6.387E-2
7.007,6.407E-2
7.024,6.432E-2
7.040,6.454E-2
7.057,6.473E-2
7.074,6.496E-2
7.090,6.517E-2
7.107,6.528E-2
7.124,6.537E-2
7.140,6.545E-2
7.157,6.554E-2
7.174,6.554E-2
7.191,6.559E-2
7.207,6.562E-2
7.224,6.569E-2
7.241,6.581E-2
7.257,6.594E-2
7.274,6.613E-2
7.291,6.635E-2
7.307,6.655E-2
7.324,6.679E-2
7.341,6.700E-2
7.357,6.721E-2
7.374,6.750E-2
7.391,6.760E-2
7.407,6.766E-2
7.424,6.773E-2
7.441,6.782E-2
7.457,6.785E-2
7.474,6.789E-2
7.491,6.793E-2
7.508,6.798E-2
7.524,6.813E-2
7.541,6.823E-2
7.558,6.837E-2
7.574,6.856E-2
7.591,6.876E-2
7.608,6.895E-2
7.624,6.914E-2
7.641,6.932E-2
7.658,6.948E-2
7.674,6.968E-2
7.691,6.982E-2
7.708,6.996E-2
7.724,7.011E-2
7.741,7.024E-2
7.758,7.034E-2
7.774,7.047E-2
7.791,7.058E-2
7.808,7.068E-2
7.824,7.075E-2
7.841,7.086E-2
7.858,7.096E-2
7.875,7.111E-2
7.891,7.113E-2
7.908,7.117E-2
7.925,7.117E-2
7.941,7.117E-2
7.958,7.111E-2
7.975,7.105E-2
7.991,7.101E-2
8.008,7.099E-2
8.025,7.102E-2
8.041,7.114E-2
8.058,7.128E-2
8.075,7.148E-2
8.091,7.168E-2
8.108,7.193E-2
8.125,7.214E-2
8.141,7.242E-2
8.158,7.264E-2
8.175,7.286E-2
8.192,7.298E-2
8.208,7.306E-2
8.225,7.308E-2
8.242,7.309E-2
8.258,7.314E-2
8.275,7.323E-2
8.292,7.328E-2
8.308,7.341E-2
8.325,7.352E-2
8.342,7.372E-2
8.358,7.389E-2
8.375,7.416E-2
8.392,7.435E-2
8.408,7.456E-2
8.425,7.475E-2
8.442,7.489E-2
8.458,7.504E-2
8.475,7.510E-2
8.492,7.514E-2
8.509,7.516E-2
8.525,7.526E-2
8.542,7.528E-2
8.559,7.535E-2
8.575,7.542E-2
8.592,7.561E-2
8.609,7.574E-2
8.625,7.591E-2
8.642,7.604E-2
8.659,7.627E-2
8.675,7.649E-2
8.692,7.669E-2
8.709,7.694E-2
8.725,7.709E-2
8.742,7.728E-2
8.759,7.744E-2
8.775,7.757E-2
8.792,7.770E-2
8.809,7.782E-2
8.825,7.793E-2
8.842,7.804E-2
8.859,7.814E-2
8.876,7.825E-2
8.892,7.834E-2
8.909,7.844E-2
8.926,7.850E-2
8.942,7.859E-2
8.959,7.862E-2
8.976,7.862E-2
8.992,7.861E-2
9.009,7.857E-2
9.026,7.853E-2
9.042,7.850E-2
9.059,7.853E-2
9.076,7.862E-2
9.092,7.875E-2
9.109,7.898E-2
9.126,7.916E-2
9.142,7.940E-2
9.159,7.963E-2
9.176,7.988E-2
9.193,8.008E-2
9.209,8.031E-2
9.226,8.046E-2
9.243,8.057E-2
9.259,8.070E-2
9.276,8.075E-2
9.293,8.079E-2
9.309,8.092E-2
9.326,8.097E-2
9.343,8.104E-2
9.359,8.112E-2
9.376,8.125E-2
9.393,8.141E-2
9.409,8.166E-2
9.426,8.186E-2
9.443,8.206E-2
9.459,8.229E-2
9.476,8.250E-2
9.493,8.264E-2
9.510,8.269E-2
9.526,8.271E-2
9.543,8.272E-2
9.560,8.276E-2
9.576,8.276E-2
9.593,8.282E-2
9.610,8.288E-2
9.626,8.299E-2
9.643,8.313E-2
9.660,8.328E-2
9.676,8.349E-2
9.693,8.369E-2
9.710,8.391E-2
9.726,8.407E-2
9.743,8.428E-2
9.760,8.444E-2
9.776,8.458E-2
9.793,8.475E-2
9.810,8.489E-2
9.826,8.503E-2
9.843,8.513E-2
9.860,8.528E-2
9.877,8.539E-2
9.893,8.552E-2
9.910,8.562E-2
9.927,8.573E-2
9.943,8.583E-2
9.960,8.594E-2
9.977,8.603E-2
9.993,8.609E-2
10.010,8.607E-2
10.027,8.606E-2
10.043,8.603E-2
10.060,8.598E-2
10.077,8.600E-2
10.093,8.601E-2
10.110,8.602E-2
10.127,8.603E-2
10.143,8.604E-2
10.160,8.604E-2
10.177,8.604E-2
10.194,8.604E-2
10.210,8.604E-2
10.227,8.604E-2
10.244,8.605E-2
10.260,8.604E-2
10.277,8.603E-2
10.294,8.604E-2
10.310,8.605E-2
10.327,8.605E-2
10.344,8.605E-2
10.360,8.606E-2
10.377,8.605E-2
10.394,8.605E-2
10.410,8.605E-2
10.427,8.605E-2
10.444,8.605E-2
10.460,8.604E-2
10.477,8.605E-2
10.494,8.605E-2
10.511,8.605E-2
10.527,8.605E-2
10.544,8.605E-2
10.561,8.605E-2
10.577,8.605E-2
10.594,8.605E-2
10.611,8.606E-2
10.627,8.604E-2
10.644,8.603E-2
10.661,8.604E-2
10.677,8.604E-2
10.694,8.605E-2
10.711,8.604E-2
10.727,8.605E-2
10.744,8.605E-2
10.761,8.605E-2
10.777,8.605E-2
10.794,8.605E-2
10.811,8.604E-2
10.827,8.605E-2
10.844,8.605E-2
10.861,8.604E-2
10.878,8.605E-2
10.894,8.605E-2
10.911,8.605E-2
10.928,8.605E-2
10.944,8.605E-2
10.961,8.604E-2
10.978,8.605E-2
10.994,8.605E-2
11.011,8.603E-2
11.028,8.604E-2
11.044,8.606E-2
11.061,8.606E-2
11.078,8.606E-2
11.094,8.604E-2
11.111,8.605E-2
11.128,8.605E-2
11.144,8.605E-2
11.161,8.603E-2
11.178,8.603E-2
11.195,8.603E-2
11.211,8.604E-2
11.228,8.604E-2
11.245,8.604E-2
11.261,8.604E-2
11.278,8.604E-2
11.295,8.605E-2
11.311,8.604E-2
11.328,8.605E-2
11.345,8.605E-2
11.361,8.605E-2
11.378,8.606E-2
11.395,8.606E-2
11.411,8.605E-2
11.428,8.606E-2
11.445,8.605E-2
11.461,8.605E-2
11.478,8.605E-2
11.495,8.603E-2
11.512,8.603E-2
11.528,8.604E-2
11.545,8.604E-2
11.562,8.605E-2
11.578,8.605E-2
11.595,8.605E-2
11.612,8.605E-2
11.628,8.605E-2
11.645,8.605E-2
11.662,8.605E-2
11.678,8.605E-2
11.695,8.605E-2
11.712,8.605E-2
11.728,8.605E-2
11.745,8.605E-2
11.762,8.605E-2
11.778,8.605E-2
11.795,8.604E-2
11.812,8.605E-2
11.828,8.604E-2
11.845,8.605E-2
11.862,8.605E-2
11.879,8.605E-2
11.895,8.605E-2
11.912,8.605E-2
11.929,8.605E-2
11.945,8.605E-2
11.962,8.605E-2
11.979,8.605E-2
11.995,8.605E-2
12.012,8.604E-2
12.029,8.604E-2
12.045,8.605E-2
12.062,8.605E-2
12.079,8.605E-2
12.095,8.604E-2
12.112,8.604E-2
12.129,8.604E-2
12.145,8.604E-2
12.162,8.605E-2
12.179,8.605E-2
12.196,8.605E-2
12.212,8.605E-2
12.229,8.605E-2
12.246,8.605E-2
12.262,8.605E-2
12.279,8.605E-2
12.296,8.605E-2
12.312,8.605E-2
12.329,8.605E-2
12.346,8.605E-2
12.362,8.605E-2
12.379,8.604E-2
12.396,8.604E-2
12.412,8.605E-2
12.429,8.605E-2
12.446,8.605E-2
12.462,8.604E-2
12.479,8.605E-2
12.496,8.605E-2
12.513,8.604E-2
12.529,8.605E-2
12.546,8.605E-2
12.563,8.605E-2
12.579,8.604E-2
12.596,8.604E-2
12.613,8.604E-2
12.629,8.604E-2
12.646,8.604E-2
12.663,8.604E-2
12.679,8.604E-2
12.696,8.604E-2
12.713,8.604E-2
12.729,8.604E-2
12.746,8.604E-2
12.763,8.605E-2
12.779,8.605E-2
12.796,8.605E-2
