,mass_A,
t,x,
5.722383E0,2.911485E-2
5.739067E0,2.911309E-2
5.755750E0,2.910900E-2
5.772433E0,2.911142E-2
5.789117E0,2.911198E-2
5.805800E0,2.911630E-2
5.822483E0,2.911412E-2
5.839167E0,2.911468E-2
5.855850E0,2.911407E-2
5.872533E0,2.911212E-2
5.889217E0,2.910917E-2
5.905900E0,2.910867E-2
5.922583E0,2.911111E-2
5.939267E0,2.910772E-2
5.955950E0,2.910922E-2
5.972633E0,2.911071E-2
5.989317E0,2.910901E-2
6.006000E0,2.911431E-2
6.022683E0,2.911461E-2
6.039367E0,2.911452E-2
6.056050E0,2.911563E-2
6.072733E0,2.911852E-2
6.089417E0,2.911594E-2
6.106100E0,2.911501E-2
6.122783E0,2.911457E-2
6.139467E0,2.911748E-2
6.156150E0,2.911760E-2
6.172833E0,2.911706E-2
6.189517E0,2.911581E-2
6.206200E0,2.911473E-2
6.222883E0,2.911341E-2
6.239567E0,2.911712E-2
6.256250E0,2.911613E-2
6.272933E0,2.911532E-2
6.289617E0,2.911440E-2
6.306300E0,2.911335E-2
6.322983E0,2.911542E-2
6.339667E0,2.911546E-2
6.356350E0,2.911460E-2
6.373033E0,2.912219E-2
6.389717E0,2.911900E-2
6.406400E0,2.911445E-2
6.423083E0,2.911472E-2
6.439767E0,2.911881E-2
6.456450E0,2.911922E-2
6.473133E0,2.911635E-2
6.489817E0,2.911429E-2
6.506500E0,2.911616E-2
6.523183E0,2.911554E-2
6.539867E0,2.912178E-2
6.556550E0,2.911617E-2
6.573233E0,2.911321E-2
6.589917E0,2.911858E-2
6.606600E0,2.911878E-2
6.623283E0,2.911720E-2
6.639967E0,2.911197E-2
6.656650E0,2.911194E-2
6.673333E0,2.911000E-2
6.690017E0,2.910943E-2
6.706700E0,2.910677E-2
6.723383E0,2.910705E-2
6.740067E0,2.910840E-2
6.756750E0,2.910916E-2
6.773433E0,2.910892E-2
6.790117E0,2.911176E-2
6.806800E0,2.911694E-2
6.823483E0,2.911156E-2
6.840167E0,2.911355E-2
6.856850E0,2.911098E-2
6.873533E0,2.911067E-2
6.890217E0,2.910926E-2
6.906900E0,2.910891E-2
6.923583E0,2.910495E-2
6.940267E0,2.910923E-2
6.956950E0,2.911391E-2
6.973633E0,2.911370E-2
6.990317E0,2.911475E-2
7.007000E0,2.911897E-2
7.023683E0,2.911628E-2
7.040367E0,2.911564E-2
7.057050E0,2.911601E-2
7.073733E0,2.911191E-2
7.090417E0,2.914050E-2
7.107100E0,2.915180E-2
7.123783E0,2.915945E-2
7.140467E0,2.915966E-2
7.157150E0,2.921042E-2
7.173833E0,2.933028E-2
7.190517E0,2.945381E-2
7.207200E0,2.960883E-2
7.223883E0,2.981535E-2
7.240567E0,2.997676E-2
7.257250E0,3.016893E-2
7.273933E0,3.036553E-2
7.290617E0,3.055413E-2
7.307300E0,3.073671E-2
7.323983E0,3.087317E-2
7.340667E0,3.100790E-2
7.357350E0,3.113005E-2
7.374033E0,3.120956E-2
7.390717E0,3.127208E-2
7.407400E0,3.136167E-2
7.424083E0,3.143694E-2
7.440767E0,3.149035E-2
7.457450E0,3.156306E-2
7.474133E0,3.168047E-2
7.490817E0,3.179149E-2
7.507500E0,3.192638E-2
7.524183E0,3.209471E-2
7.540867E0,3.222946E-2
7.557550E0,3.241141E-2
7.574233E0,3.261973E-2
7.590917E0,3.289027E-2
7.607600E0,3.304361E-2
7.624283E0,3.311774E-2
7.640967E0,3.318310E-2
7.657650E0,3.321249E-2
7.674333E0,3.323201E-2
7.691017E0,3.327721E-2
7.707700E0,3.338364E-2
7.724383E0,3.344262E-2
7.741067E0,3.346421E-2
7.757750E0,3.358677E-2
7.774433E0,3.374176E-2
7.791117E0,3.389490E-2
7.807800E0,3.401894E-2
7.824483E0,3.419238E-2
7.841167E0,3.434770E-2
7.857850E0,3.448322E-2
7.874533E0,3.463375E-2
7.891217E0,3.474880E-2
7.907900E0,3.490643E-2
7.924583E0,3.507005E-2
7.941267E0,3.522111E-2
7.957950E0,3.536461E-2
7.974633E0,3.550237E-2
7.991317E0,3.564668E-2
8.008000E0,3.577616E-2
8.024683E0,3.588325E-2
8.041367E0,3.595163E-2
8.058050E0,3.607334E-2
8.074733E0,3.613403E-2
8.091417E0,3.619497E-2
8.108100E0,3.628651E-2
8.124783E0,3.629294E-2
8.141467E0,3.630688E-2
8.158150E0,3.627224E-2
8.174833E0,3.623115E-2
8.191517E0,3.611798E-2
8.208200E0,3.604279E-2
8.224883E0,3.601154E-2
8.241567E0,3.601259E-2
8.258250E0,3.604928E-2
8.274933E0,3.611695E-2
8.291617E0,3.625262E-2
8.308300E0,3.642949E-2
8.324983E0,3.663919E-2
8.341667E0,3.682507E-2
8.358350E0,3.704533E-2
8.375033E0,3.725010E-2
8.391717E0,3.749682E-2
8.408400E0,3.764851E-2
8.425083E0,3.784421E-2
8.441767E0,3.798430E-2
8.458450E0,3.808180E-2
8.475133E0,3.816183E-2
8.491817E0,3.829210E-2
8.508500E0,3.835672E-2
8.525183E0,3.841028E-2
8.541867E0,3.854442E-2
8.558550E0,3.868633E-2
8.575233E0,3.881990E-2
8.591917E0,3.903616E-2
8.608600E0,3.923844E-2
8.625283E0,3.939342E-2
8.641967E0,3.959359E-2
8.658650E0,3.985888E-2
8.675333E0,3.994488E-2
8.692017E0,3.992774E-2
8.708700E0,3.992929E-2
8.725383E0,3.996224E-2
8.742067E0,3.997089E-2
8.758750E0,4.001945E-2
8.775433E0,4.013395E-2
8.792117E0,4.018990E-2
8.808800E0,4.027296E-2
8.825483E0,4.040595E-2
8.842167E0,4.055833E-2
8.858850E0,4.076032E-2
8.875533E0,4.093187E-2
8.892217E0,4.111142E-2
8.908900E0,4.131995E-2
8.925583E0,4.151773E-2
8.942267E0,4.163529E-2
8.958950E0,4.181345E-2
8.975633E0,4.193128E-2
8.992317E0,4.205284E-2
9.009000E0,4.217970E-2
9.025683E0,4.229721E-2
9.042367E0,4.242115E-2
9.059050E0,4.255133E-2
9.075733E0,4.266400E-2
9.092417E0,4.276919E-2
9.109100E0,4.285795E-2
9.125783E0,4.296423E-2
9.142467E0,4.306951E-2
9.159150E0,4.311534E-2
9.175833E0,4.316448E-2
9.192517E0,4.320781E-2
9.209200E0,4.320325E-2
9.225883E0,4.314806E-2
9.242567E0,4.310651E-2
9.259250E0,4.305042E-2
9.275933E0,4.299149E-2
9.292617E0,4.297276E-2
9.309300E0,4.297845E-2
9.325983E0,4.304914E-2
9.342667E0,4.316674E-2
9.359350E0,4.328478E-2
9.376033E0,4.349466E-2
9.392717E0,4.369173E-2
9.409400E0,4.393413E-2
9.426083E0,4.418533E-2
9.442767E0,4.437974E-2
9.459450E0,4.461643E-2
9.476133E0,4.472254E-2
9.492817E0,4.488383E-2
9.509500E0,4.496477E-2
9.526183E0,4.503620E-2
9.542867E0,4.513145E-2
9.559550E0,4.517722E-2
9.576233E0,4.530211E-2
9.592917E0,4.541419E-2
9.609600E0,4.551482E-2
9.626283E0,4.566197E-2
9.642967E0,4.586895E-2
9.659650E0,4.604482E-2
9.676333E0,4.624433E-2
9.693017E0,4.649544E-2
9.709700E0,4.670817E-2
9.726383E0,4.686395E-2
9.743067E0,4.697661E-2
9.759750E0,4.704069E-2
9.776433E0,4.705995E-2
9.793117E0,4.705395E-2
9.809800E0,4.706085E-2
9.826483E0,4.712154E-2
9.843167E0,4.712702E-2
9.859850E0,4.717509E-2
9.876533E0,4.730354E-2
9.893217E0,4.741585E-2
9.909900E0,4.758693E-2
9.926583E0,4.776279E-2
9.943267E0,4.791020E-2
9.959950E0,4.809364E-2
9.976633E0,4.833720E-2
9.993317E0,4.848555E-2
1.001000E1,4.867710E-2
1.002668E1,4.883010E-2
1.004337E1,4.901976E-2
1.006005E1,4.921387E-2
1.007673E1,4.933184E-2
1.009342E1,4.947200E-2
1.011010E1,4.959234E-2
1.012678E1,4.972708E-2
1.014347E1,4.984856E-2
1.016015E1,4.992967E-2
1.017683E1,4.999939E-2
1.019352E1,5.009604E-2
1.021020E1,5.016570E-2
1.022688E1,5.020821E-2
1.024357E1,5.026251E-2
1.026025E1,5.024123E-2
1.027693E1,5.013078E-2
1.029362E1,5.011543E-2
1.031030E1,5.006223E-2
1.032698E1,4.998419E-2
1.034367E1,4.997234E-2
1.036035E1,4.996403E-2
1.037703E1,5.001007E-2
1.039372E1,5.014466E-2
1.041040E1,5.027653E-2
1.042708E1,5.052035E-2
1.044377E1,5.067609E-2
1.046045E1,5.088392E-2
1.047713E1,5.112764E-2
1.049382E1,5.136469E-2
1.051050E1,5.154655E-2
1.052718E1,5.171009E-2
1.054387E1,5.183550E-2
1.056055E1,5.195838E-2
1.057723E1,5.203414E-2
1.059392E1,5.208001E-2
1.061060E1,5.218760E-2
1.062728E1,5.224906E-2
1.064397E1,5.232687E-2
1.066065E1,5.248184E-2
1.067733E1,5.264209E-2
1.069402E1,5.281980E-2
1.071070E1,5.298143E-2
1.072738E1,5.319870E-2
1.074407E1,5.342728E-2
1.076075E1,5.364497E-2
1.077743E1,5.385087E-2
1.079412E1,5.398562E-2
1.081080E1,5.403001E-2
1.082748E1,5.404338E-2
1.084417E1,5.404368E-2
1.086085E1,5.403041E-2
1.087753E1,5.402434E-2
1.089422E1,5.404705E-2
1.091090E1,5.407208E-2
1.092758E1,5.416874E-2
1.094427E1,5.429091E-2
1.096095E1,5.446035E-2
1.097763E1,5.468690E-2
1.099432E1,5.485540E-2
1.101100E1,5.505319E-2
1.102768E1,5.525564E-2
1.104437E1,5.542635E-2
1.106105E1,5.559905E-2
1.107773E1,5.576763E-2
1.109442E1,5.591838E-2
1.111110E1,5.607204E-2
1.112778E1,5.619319E-2
1.114447E1,5.632946E-2
1.116115E1,5.649152E-2
1.117783E1,5.660174E-2
1.119452E1,5.676513E-2
1.121120E1,5.688672E-2
1.122788E1,5.700775E-2
1.124457E1,5.714460E-2
1.126125E1,5.723227E-2
1.127793E1,5.731250E-2
1.129462E1,5.741576E-2
1.131130E1,5.743784E-2
1.132798E1,5.737630E-2
1.134467E1,5.728643E-2
1.136135E1,5.724287E-2
1.137803E1,5.715560E-2
1.139472E1,5.709842E-2
1.141140E1,5.708965E-2
1.142808E1,5.707622E-2
1.144477E1,5.710196E-2
1.146145E1,5.727381E-2
1.147813E1,5.739555E-2
1.149482E1,5.759012E-2
1.151150E1,5.784389E-2
1.152818E1,5.804595E-2
1.154487E1,5.829318E-2
1.156155E1,5.849739E-2
1.157823E1,5.869448E-2
1.159492E1,5.883824E-2
1.161160E1,5.896562E-2
1.162828E1,5.904288E-2
1.164497E1,5.911409E-2
1.166165E1,5.915721E-2
1.167833E1,5.920897E-2
1.169502E1,5.928122E-2
1.171170E1,5.936417E-2
1.172838E1,5.951414E-2
1.174507E1,5.965299E-2
1.176175E1,5.976544E-2
1.177843E1,5.996039E-2
1.179512E1,6.016844E-2
1.181180E1,6.036155E-2
1.182848E1,6.056698E-2
1.184517E1,6.077375E-2
1.186185E1,6.091238E-2
1.187853E1,6.096015E-2
1.189522E1,6.095942E-2
1.191190E1,6.095185E-2
1.192858E1,6.091714E-2
1.194527E1,6.091699E-2
1.196195E1,6.092791E-2
1.197863E1,6.098604E-2
1.199532E1,6.098662E-2
1.201200E1,6.106964E-2
1.202868E1,6.122256E-2
1.204537E1,6.141099E-2
1.206205E1,6.161685E-2
1.207873E1,6.181494E-2
1.209542E1,6.203437E-2
1.211210E1,6.222520E-2
1.212878E1,6.242107E-2
1.214547E1,6.258370E-2
1.216215E1,6.284133E-2
1.217883E1,6.301564E-2
1.219552E1,6.315950E-2
1.221220E1,6.332060E-2
1.222888E1,6.341496E-2
1.224557E1,6.355958E-2
1.226225E1,6.364971E-2
1.227893E1,6.373323E-2
1.229562E1,6.381219E-2
1.231230E1,6.390961E-2
1.232898E1,6.398740E-2
1.234567E1,6.407400E-2
1.236235E1,6.414311E-2
1.237903E1,6.417863E-2
1.239572E1,6.423976E-2
1.241240E1,6.423023E-2
1.242908E1,6.417352E-2
1.244577E1,6.417757E-2
1.246245E1,6.418788E-2
1.247913E1,6.419180E-2
1.249582E1,6.420806E-2
1.251250E1,6.423720E-2
1.252918E1,6.423916E-2
1.254587E1,6.423578E-2
1.256255E1,6.423398E-2
1.257923E1,6.423511E-2
1.259592E1,6.423094E-2
1.261260E1,6.423186E-2
1.262928E1,6.423110E-2
1.264597E1,6.422957E-2
1.266265E1,6.424021E-2
1.267933E1,6.423832E-2
1.269602E1,6.424198E-2
1.271270E1,6.424096E-2
1.272938E1,6.424155E-2
1.274607E1,6.423798E-2
1.276275E1,6.423774E-2
1.277943E1,6.423274E-2
1.279612E1,6.423484E-2
1.281280E1,6.423155E-2
1.282948E1,6.423789E-2
1.284617E1,6.423988E-2
1.286285E1,6.423926E-2
1.287953E1,6.423644E-2
1.289622E1,6.423059E-2
1.291290E1,6.423241E-2
1.292958E1,6.423186E-2
1.294627E1,6.423310E-2
1.296295E1,6.423260E-2
1.297963E1,6.423334E-2
1.299632E1,6.423621E-2
1.301300E1,6.422232E-2
1.302968E1,6.422631E-2
1.304637E1,6.422699E-2
1.306305E1,6.423954E-2
1.307973E1,6.423389E-2
1.309642E1,6.423711E-2
1.311310E1,6.423876E-2
1.312978E1,6.423505E-2
1.314647E1,6.423950E-2
1.316315E1,6.423066E-2
1.317983E1,6.422033E-2
1.319652E1,6.423015E-2
1.321320E1,6.422948E-2
1.322988E1,6.423012E-2
1.324657E1,6.423071E-2
1.326325E1,6.423449E-2
1.327993E1,6.423896E-2
1.329662E1,6.424086E-2
1.331330E1,6.422869E-2
1.332998E1,6.422774E-2
1.334667E1,6.422971E-2
1.336335E1,6.423042E-2
1.338003E1,6.423302E-2
1.339672E1,6.423114E-2
1.341340E1,6.423627E-2
1.343008E1,6.423315E-2
1.344677E1,6.423740E-2
1.346345E1,6.422708E-2
1.348013E1,6.422949E-2
1.349682E1,6.423099E-2
1.351350E1,6.423386E-2
1.353018E1,6.423278E-2
1.354687E1,6.423078E-2
1.356355E1,6.421837E-2
1.358023E1,6.423223E-2
1.359692E1,6.423269E-2
1.361360E1,6.422901E-2
1.363028E1,6.422769E-2
