,mass_A,
t,x,
6.823483E0,2.485695E-2
6.840167E0,2.484735E-2
6.856850E0,2.484784E-2
6.873533E0,2.484888E-2
6.890217E0,2.484586E-2
6.906900E0,2.484799E-2
6.923583E0,2.484514E-2
6.940267E0,2.484622E-2
6.956950E0,2.484622E-2
6.973633E0,2.485506E-2
6.990317E0,2.485259E-2
7.007000E0,2.485177E-2
7.023683E0,2.484972E-2
7.040367E0,2.485440E-2
7.057050E0,2.484466E-2
7.073733E0,2.484603E-2
7.090417E0,2.484534E-2
7.107100E0,2.484617E-2
7.123783E0,2.484917E-2
7.140467E0,2.484996E-2
7.157150E0,2.485111E-2
7.173833E0,2.485179E-2
7.190517E0,2.485216E-2
7.207200E0,2.486014E-2
7.223883E0,2.485742E-2
7.240567E0,2.485333E-2
7.257250E0,2.485120E-2
7.273933E0,2.484789E-2
7.290617E0,2.484873E-2
7.307300E0,2.484973E-2
7.323983E0,2.485335E-2
7.340667E0,2.485615E-2
7.357350E0,2.485318E-2
7.374033E0,2.485178E-2
7.390717E0,2.485025E-2
7.407400E0,2.484967E-2
7.424083E0,2.485209E-2
7.440767E0,2.485202E-2
7.457450E0,2.484877E-2
7.474133E0,2.484837E-2
7.490817E0,2.484844E-2
7.507500E0,2.484922E-2
7.524183E0,2.484927E-2
7.540867E0,2.485056E-2
7.557550E0,2.485604E-2
7.574233E0,2.484135E-2
7.590917E0,2.484029E-2
7.607600E0,2.484097E-2
7.624283E0,2.484551E-2
7.640967E0,2.485547E-2
7.657650E0,2.485245E-2
7.674333E0,2.485337E-2
7.691017E0,2.485068E-2
7.707700E0,2.484985E-2
7.724383E0,2.484747E-2
7.741067E0,2.484933E-2
7.757750E0,2.484947E-2
7.774433E0,2.484867E-2
7.791117E0,2.485058E-2
7.807800E0,2.484795E-2
7.824483E0,2.484817E-2
7.841167E0,2.484516E-2
7.857850E0,2.484574E-2
7.874533E0,2.484680E-2
7.891217E0,2.484356E-2
7.907900E0,2.484829E-2
7.924583E0,2.484943E-2
7.941267E0,2.484985E-2
7.957950E0,2.484883E-2
7.974633E0,2.485215E-2
7.991317E0,2.485538E-2
8.008000E0,2.485443E-2
8.024683E0,2.485352E-2
8.041367E0,2.485211E-2
8.058050E0,2.485096E-2
8.074733E0,2.484551E-2
8.091417E0,2.481586E-2
8.108100E0,2.478663E-2
8.124783E0,2.479014E-2
8.141467E0,2.480915E-2
8.158150E0,2.486202E-2
8.174833E0,2.490606E-2
8.191517E0,2.496100E-2
8.208200E0,2.506524E-2
8.224883E0,2.522486E-2
8.241567E0,2.538397E-2
8.258250E0,2.561437E-2
8.274933E0,2.576206E-2
8.291617E0,2.591882E-2
8.308300E0,2.614483E-2
8.324983E0,2.632977E-2
8.341667E0,2.644906E-2
8.358350E0,2.659615E-2
8.375033E0,2.671058E-2
8.391717E0,2.683845E-2
8.408400E0,2.693093E-2
8.425083E0,2.698537E-2
8.441767E0,2.704606E-2
8.458450E0,2.717144E-2
8.475133E0,2.722014E-2
8.491817E0,2.735424E-2
8.508500E0,2.746592E-2
8.525183E0,2.759223E-2
8.541867E0,2.776822E-2
8.558550E0,2.794974E-2
8.575233E0,2.814282E-2
8.591917E0,2.837783E-2
8.608600E0,2.856720E-2
8.625283E0,2.871758E-2
8.641967E0,2.887975E-2
8.658650E0,2.893870E-2
8.675333E0,2.898959E-2
8.692017E0,2.899099E-2
8.708700E0,2.901679E-2
8.725383E0,2.909919E-2
8.742067E0,2.921116E-2
8.758750E0,2.926300E-2
8.775433E0,2.940204E-2
8.792117E0,2.954932E-2
8.808800E0,2.970035E-2
8.825483E0,2.989784E-2
8.842167E0,3.008181E-2
8.858850E0,3.020717E-2
8.875533E0,3.040617E-2
8.892217E0,3.061463E-2
8.908900E0,3.072557E-2
8.925583E0,3.088774E-2
8.942267E0,3.102898E-2
8.958950E0,3.118231E-2
8.975633E0,3.133401E-2
8.992317E0,3.144725E-2
9.009000E0,3.158242E-2
9.025683E0,3.169293E-2
9.042367E0,3.181793E-2
9.059050E0,3.195900E-2
9.075733E0,3.207590E-2
9.092417E0,3.220138E-2
9.109100E0,3.228309E-2
9.125783E0,3.231784E-2
9.142467E0,3.231743E-2
9.159150E0,3.230888E-2
9.175833E0,3.230082E-2
9.192517E0,3.225150E-2
9.209200E0,3.209304E-2
9.225883E0,3.201181E-2
9.242567E0,3.202920E-2
9.259250E0,3.202998E-2
9.275933E0,3.206041E-2
9.292617E0,3.218292E-2
9.309300E0,3.233596E-2
9.325983E0,3.249973E-2
9.342667E0,3.274539E-2
9.359350E0,3.295678E-2
9.376033E0,3.317402E-2
9.392717E0,3.337980E-2
9.409400E0,3.355979E-2
9.426083E0,3.376802E-2
9.442767E0,3.390907E-2
9.459450E0,3.401053E-2
9.476133E0,3.410071E-2
9.492817E0,3.421203E-2
9.509500E0,3.431228E-2
9.526183E0,3.438013E-2
9.542867E0,3.447446E-2
9.559550E0,3.464289E-2
9.576233E0,3.475152E-2
9.592917E0,3.496837E-2
9.609600E0,3.510909E-2
9.626283E0,3.530668E-2
9.642967E0,3.558378E-2
9.659650E0,3.578618E-2
9.676333E0,3.600606E-2
9.693017E0,3.621160E-2
9.709700E0,3.634194E-2
9.726383E0,3.640824E-2
9.743067E0,3.649356E-2
9.759750E0,3.654327E-2
9.776433E0,3.657535E-2
9.793117E0,3.666999E-2
9.809800E0,3.675081E-2
9.826483E0,3.682135E-2
9.843167E0,3.696288E-2
9.859850E0,3.708917E-2
9.876533E0,3.721021E-2
9.893217E0,3.742609E-2
9.909900E0,3.760492E-2
9.926583E0,3.773431E-2
9.943267E0,3.795683E-2
9.959950E0,3.813018E-2
9.976633E0,3.829546E-2
9.993317E0,3.842650E-2
1.001000E1,3.860115E-2
1.002668E1,3.876257E-2
1.004337E1,3.890532E-2
1.006005E1,3.903325E-2
1.007673E1,3.916443E-2
1.009342E1,3.929464E-2
1.011010E1,3.938938E-2
1.012678E1,3.950561E-2
1.014347E1,3.960342E-2
1.016015E1,3.969776E-2
1.017683E1,3.975243E-2
1.019352E1,3.977844E-2
1.021020E1,3.977710E-2
1.022688E1,3.971645E-2
1.024357E1,3.968835E-2
1.026025E1,3.964076E-2
1.027693E1,3.953025E-2
1.029362E1,3.947083E-2
1.031030E1,3.947480E-2
1.032698E1,3.949501E-2
1.034367E1,3.957573E-2
1.036035E1,3.968038E-2
1.037703E1,3.986294E-2
1.039372E1,4.005856E-2
1.041040E1,4.023688E-2
1.042708E1,4.044782E-2
1.044377E1,4.071289E-2
1.046045E1,4.090243E-2
1.047713E1,4.111121E-2
1.049382E1,4.124040E-2
1.051050E1,4.136839E-2
1.052718E1,4.144733E-2
1.054387E1,4.154039E-2
1.056055E1,4.165428E-2
1.057723E1,4.175084E-2
1.059392E1,4.183877E-2
1.061060E1,4.195521E-2
1.062728E1,4.207202E-2
1.064397E1,4.223438E-2
1.066065E1,4.240487E-2
1.067733E1,4.260513E-2
1.069402E1,4.278763E-2
1.071070E1,4.308620E-2
1.072738E1,4.324673E-2
1.074407E1,4.345265E-2
1.076075E1,4.365260E-2
1.077743E1,4.379503E-2
1.079412E1,4.387224E-2
1.081080E1,4.391017E-2
1.082748E1,4.390663E-2
1.084417E1,4.394416E-2
1.086085E1,4.405588E-2
1.087753E1,4.410847E-2
1.089422E1,4.421465E-2
1.091090E1,4.435424E-2
1.092758E1,4.445681E-2
1.094427E1,4.466687E-2
1.096095E1,4.482100E-2
1.097763E1,4.501932E-2
1.099432E1,4.523915E-2
1.101100E1,4.539827E-2
1.102768E1,4.554500E-2
1.104437E1,4.573551E-2
1.106105E1,4.589985E-2
1.107773E1,4.606026E-2
1.109442E1,4.623251E-2
1.111110E1,4.629562E-2
1.112778E1,4.650589E-2
1.114447E1,4.664997E-2
1.116115E1,4.676312E-2
1.117783E1,4.689684E-2
1.119452E1,4.696196E-2
1.121120E1,4.709737E-2
1.122788E1,4.716078E-2
1.124457E1,4.721204E-2
1.126125E1,4.729227E-2
1.127793E1,4.735886E-2
1.129462E1,4.735486E-2
1.131130E1,4.732936E-2
1.132798E1,4.725993E-2
1.134467E1,4.710056E-2
1.136135E1,4.706089E-2
1.137803E1,4.707331E-2
1.139472E1,4.707178E-2
1.141140E1,4.714330E-2
1.142808E1,4.724128E-2
1.144477E1,4.739661E-2
1.146145E1,4.759935E-2
1.147813E1,4.777889E-2
1.149482E1,4.803392E-2
1.151150E1,4.831649E-2
1.152818E1,4.849138E-2
1.154487E1,4.867226E-2
1.156155E1,4.880379E-2
1.157823E1,4.898920E-2
1.159492E1,4.907032E-2
1.161160E1,4.916210E-2
1.162828E1,4.923912E-2
1.164497E1,4.933012E-2
1.166165E1,4.943264E-2
1.167833E1,4.953682E-2
1.169502E1,4.965879E-2
1.171170E1,4.977472E-2
1.172838E1,4.992993E-2
1.174507E1,5.012544E-2
1.176175E1,5.033758E-2
1.177843E1,5.051127E-2
1.179512E1,5.067818E-2
1.181180E1,5.092460E-2
1.182848E1,5.105794E-2
1.184517E1,5.108179E-2
1.186185E1,5.111111E-2
1.187853E1,5.109596E-2
1.189522E1,5.110885E-2
1.191190E1,5.113671E-2
1.192858E1,5.123803E-2
1.194527E1,5.128097E-2
1.196195E1,5.130413E-2
1.197863E1,5.143118E-2
1.199532E1,5.163020E-2
1.201200E1,5.186145E-2
1.202868E1,5.202208E-2
1.204537E1,5.224092E-2
1.206205E1,5.244060E-2
1.207873E1,5.265061E-2
1.209542E1,5.280081E-2
1.211210E1,5.299279E-2
1.212878E1,5.312686E-2
1.214547E1,5.324397E-2
1.216215E1,5.335417E-2
1.217883E1,5.348139E-2
1.219552E1,5.365637E-2
1.221220E1,5.374454E-2
1.222888E1,5.382078E-2
1.224557E1,5.392031E-2
1.226225E1,5.401361E-2
1.227893E1,5.407705E-2
1.229562E1,5.413391E-2
1.231230E1,5.421268E-2
1.232898E1,5.425241E-2
1.234567E1,5.426812E-2
1.236235E1,5.425281E-2
1.237903E1,5.419489E-2
1.239572E1,5.408937E-2
1.241240E1,5.397752E-2
1.242908E1,5.388595E-2
1.244577E1,5.385612E-2
1.246245E1,5.384557E-2
1.247913E1,5.394586E-2
1.249582E1,5.403616E-2
1.251250E1,5.419373E-2
1.252918E1,5.445307E-2
1.254587E1,5.462275E-2
1.256255E1,5.485065E-2
1.257923E1,5.508576E-2
1.259592E1,5.529369E-2
1.261260E1,5.548702E-2
1.262928E1,5.560673E-2
1.264597E1,5.574593E-2
1.266265E1,5.583917E-2
1.267933E1,5.587972E-2
1.269602E1,5.592773E-2
1.271270E1,5.599294E-2
1.272938E1,5.607327E-2
1.274607E1,5.616571E-2
1.276275E1,5.627973E-2
1.277943E1,5.638226E-2
1.279612E1,5.657056E-2
1.281280E1,5.677566E-2
1.282948E1,5.696799E-2
1.284617E1,5.714077E-2
1.286285E1,5.736549E-2
1.287953E1,5.753216E-2
1.289622E1,5.766230E-2
1.291290E1,5.769027E-2
1.292958E1,5.774414E-2
1.294627E1,5.772509E-2
1.296295E1,5.770975E-2
1.297963E1,5.771901E-2
1.299632E1,5.778258E-2
1.301300E1,5.783081E-2
1.302968E1,5.789783E-2
1.304637E1,5.805691E-2
1.306305E1,5.822282E-2
1.307973E1,5.841962E-2
1.309642E1,5.858832E-2
1.311310E1,5.881434E-2
1.312978E1,5.904596E-2
1.314647E1,5.920453E-2
1.316315E1,5.933260E-2
1.317983E1,5.952617E-2
1.319652E1,5.963085E-2
1.321320E1,5.974983E-2
1.322988E1,5.987230E-2
1.324657E1,6.002026E-2
1.326325E1,6.015413E-2
1.327993E1,6.023696E-2
1.329662E1,6.037479E-2
1.331330E1,6.055358E-2
1.332998E1,6.059643E-2
1.334667E1,6.069840E-2
1.336335E1,6.082340E-2
1.338003E1,6.083310E-2
1.339672E1,6.086926E-2
1.341340E1,6.090911E-2
1.343008E1,6.092416E-2
1.344677E1,6.092888E-2
1.346345E1,6.091697E-2
1.348013E1,6.087787E-2
1.349682E1,6.088485E-2
1.351350E1,6.091402E-2
1.353018E1,6.092820E-2
1.354687E1,6.094113E-2
1.356355E1,6.094259E-2
1.358023E1,6.094127E-2
1.359692E1,6.094615E-2
1.361360E1,6.094188E-2
1.363028E1,6.094497E-2
1.364697E1,6.094600E-2
1.366365E1,6.094801E-2
1.368033E1,6.095122E-2
1.369702E1,6.095475E-2
1.371370E1,6.095395E-2
1.373038E1,6.095741E-2
1.374707E1,6.095557E-2
1.376375E1,6.095811E-2
1.378043E1,6.095840E-2
1.379712E1,6.095615E-2
1.381380E1,6.095425E-2
1.383048E1,6.095216E-2
1.384717E1,6.095114E-2
1.386385E1,6.095031E-2
1.388053E1,6.095229E-2
1.389722E1,6.095256E-2
1.391390E1,6.095287E-2
1.393058E1,6.095226E-2
1.394727E1,6.095455E-2
1.396395E1,6.095934E-2
1.398063E1,6.095784E-2
1.399732E1,6.095839E-2
1.401400E1,6.095645E-2
1.403068E1,6.095390E-2
1.404737E1,6.095999E-2
1.406405E1,6.095830E-2
1.408073E1,6.095633E-2
1.409742E1,6.095346E-2
1.411410E1,6.094896E-2
1.413078E1,6.094912E-2
1.414747E1,6.094962E-2
1.416415E1,6.094914E-2
1.418083E1,6.095187E-2
1.419752E1,6.095141E-2
1.421420E1,6.095522E-2
1.423088E1,6.095429E-2
1.424757E1,6.095827E-2
1.426425E1,6.095359E-2
1.428093E1,6.095601E-2
1.429762E1,6.095374E-2
1.431430E1,6.094518E-2
1.433098E1,6.094871E-2
1.434767E1,6.095180E-2
1.436435E1,6.095138E-2
1.438103E1,6.095575E-2
1.439772E1,6.095366E-2
1.441440E1,6.095232E-2
1.443108E1,6.095320E-2
1.444777E1,6.095251E-2
1.446445E1,6.095300E-2
1.448113E1,6.095418E-2
1.449782E1,6.094872E-2
1.451450E1,6.093286E-2
1.453118E1,6.093415E-2
1.454787E1,6.094403E-2
1.456455E1,6.094952E-2
1.458123E1,6.094668E-2
1.459792E1,6.095151E-2
1.461460E1,6.095690E-2
1.463128E1,6.095711E-2
1.464797E1,6.095617E-2
1.466465E1,6.095907E-2
1.468133E1,6.095590E-2
1.469802E1,6.095529E-2
1.471470E1,6.095278E-2
1.473138E1,6.095287E-2
1.474807E1,6.094921E-2
1.476475E1,6.094658E-2
1.478143E1,6.094302E-2
1.479812E1,6.094356E-2
1.481480E1,6.094839E-2
1.483148E1,6.094494E-2
1.484817E1,6.094425E-2
1.486485E1,6.094698E-2
1.488153E1,6.094925E-2
1.489822E1,6.094915E-2
1.491490E1,6.095115E-2
1.493158E1,6.094841E-2
1.494827E1,6.094819E-2
1.496495E1,6.095365E-2
1.498163E1,6.095709E-2
