,mass A,
t,x,
3.387,2.268E-2
3.403,2.269E-2
3.420,2.268E-2
3.437,2.268E-2
3.453,2.269E-2
3.470,2.269E-2
3.487,2.269E-2
3.503,2.269E-2
3.520,2.269E-2
3.537,2.268E-2
3.554,2.268E-2
3.570,2.268E-2
3.587,2.268E-2
3.604,2.268E-2
3.620,2.268E-2
3.637,2.268E-2
3.654,2.268E-2
3.670,2.269E-2
3.687,2.269E-2
3.704,2.268E-2
3.720,2.268E-2
3.737,2.269E-2
3.754,2.269E-2
3.770,2.269E-2
3.787,2.269E-2
3.804,2.269E-2
3.820,2.269E-2
3.837,2.269E-2
3.854,2.269E-2
3.871,2.269E-2
3.887,2.269E-2
3.904,2.268E-2
3.921,2.269E-2
3.937,2.268E-2
3.954,2.267E-2
3.971,2.268E-2
3.987,2.268E-2
4.004,2.268E-2
4.021,2.268E-2
4.037,2.268E-2
4.054,2.268E-2
4.071,2.268E-2
4.087,2.269E-2
4.104,2.269E-2
4.121,2.269E-2
4.137,2.268E-2
4.154,2.269E-2
4.171,2.269E-2
4.188,2.268E-2
4.204,2.268E-2
4.221,2.268E-2
4.238,2.268E-2
4.254,2.268E-2
4.271,2.268E-2
4.288,2.268E-2
4.304,2.268E-2
4.321,2.268E-2
4.338,2.268E-2
4.354,2.268E-2
4.371,2.268E-2
4.388,2.268E-2
4.404,2.268E-2
4.421,2.268E-2
4.438,2.268E-2
4.454,2.268E-2
4.471,2.268E-2
4.488,2.269E-2
4.505,2.268E-2
4.521,2.268E-2
4.538,2.268E-2
4.555,2.275E-2
4.571,2.278E-2
4.588,2.289E-2
4.605,2.300E-2
4.621,2.312E-2
4.638,2.323E-2
4.655,2.333E-2
4.671,2.346E-2
4.688,2.370E-2
4.705,2.390E-2
4.721,2.409E-2
4.738,2.423E-2
4.755,2.439E-2
4.771,2.461E-2
4.788,2.474E-2
4.805,2.481E-2
4.821,2.488E-2
4.838,2.494E-2
4.855,2.499E-2
4.872,2.505E-2
4.888,2.509E-2
4.905,2.511E-2
4.922,2.523E-2
4.938,2.534E-2
4.955,2.545E-2
4.972,2.559E-2
4.988,2.574E-2
5.005,2.595E-2
5.022,2.610E-2
5.038,2.627E-2
5.055,2.648E-2
5.072,2.670E-2
5.088,2.689E-2
5.105,2.693E-2
5.122,2.698E-2
5.138,2.699E-2
5.155,2.695E-2
5.172,2.696E-2
5.189,2.701E-2
5.205,2.706E-2
5.222,2.709E-2
5.239,2.721E-2
5.255,2.733E-2
5.272,2.753E-2
5.289,2.777E-2
5.305,2.790E-2
5.322,2.809E-2
5.339,2.826E-2
5.355,2.841E-2
5.372,2.857E-2
5.389,2.870E-2
5.405,2.883E-2
5.422,2.897E-2
5.439,2.909E-2
5.455,2.925E-2
5.472,2.939E-2
5.489,2.951E-2
5.505,2.962E-2
5.522,2.975E-2
5.539,2.987E-2
5.556,2.992E-2
5.572,2.994E-2
5.589,2.997E-2
5.606,3.000E-2
5.622,3.005E-2
5.639,3.006E-2
5.656,3.001E-2
5.672,2.989E-2
5.689,2.984E-2
5.706,2.984E-2
5.722,2.982E-2
5.739,2.985E-2
5.756,2.998E-2
5.772,3.014E-2
5.789,3.029E-2
5.806,3.049E-2
5.822,3.071E-2
5.839,3.087E-2
5.856,3.107E-2
5.873,3.126E-2
5.889,3.136E-2
5.906,3.155E-2
5.923,3.166E-2
5.939,3.183E-2
5.956,3.192E-2
5.973,3.200E-2
5.989,3.205E-2
6.006,3.215E-2
6.023,3.229E-2
6.039,3.242E-2
6.056,3.251E-2
6.073,3.266E-2
6.089,3.288E-2
6.106,3.305E-2
6.123,3.320E-2
6.139,3.341E-2
6.156,3.365E-2
6.173,3.375E-2
6.190,3.389E-2
6.206,3.396E-2
6.223,3.397E-2
6.240,3.398E-2
6.256,3.401E-2
6.273,3.416E-2
6.290,3.425E-2
6.306,3.437E-2
6.323,3.447E-2
6.340,3.466E-2
6.356,3.487E-2
6.373,3.503E-2
6.390,3.523E-2
6.406,3.541E-2
6.423,3.555E-2
6.440,3.570E-2
6.456,3.584E-2
6.473,3.598E-2
6.490,3.611E-2
6.506,3.622E-2
6.523,3.633E-2
6.540,3.641E-2
6.557,3.652E-2
6.573,3.661E-2
6.590,3.673E-2
6.607,3.679E-2
6.623,3.695E-2
6.640,3.706E-2
6.657,3.710E-2
6.673,3.716E-2
6.690,3.715E-2
6.707,3.714E-2
6.723,3.710E-2
6.740,3.705E-2
6.757,3.700E-2
6.773,3.689E-2
6.790,3.685E-2
6.807,3.684E-2
6.823,3.685E-2
6.840,3.695E-2
6.857,3.708E-2
6.874,3.727E-2
6.890,3.746E-2
6.907,3.770E-2
6.924,3.793E-2
6.940,3.818E-2
6.957,3.832E-2
6.974,3.852E-2
6.990,3.871E-2
7.007,3.887E-2
7.024,3.896E-2
7.040,3.910E-2
7.057,3.915E-2
7.074,3.925E-2
7.090,3.935E-2
7.107,3.945E-2
7.124,3.957E-2
7.140,3.968E-2
7.157,3.986E-2
7.174,4.011E-2
7.191,4.033E-2
7.207,4.055E-2
7.224,4.074E-2
7.241,4.092E-2
7.257,4.116E-2
7.274,4.128E-2
7.291,4.138E-2
7.307,4.141E-2
7.324,4.148E-2
7.341,4.156E-2
7.357,4.169E-2
7.374,4.177E-2
7.391,4.187E-2
7.407,4.198E-2
7.424,4.211E-2
7.441,4.229E-2
7.457,4.243E-2
7.474,4.262E-2
7.491,4.272E-2
7.508,4.286E-2
7.524,4.305E-2
7.541,4.318E-2
7.558,4.331E-2
7.574,4.341E-2
7.591,4.354E-2
7.608,4.367E-2
7.624,4.389E-2
7.641,4.403E-2
7.658,4.416E-2
7.674,4.428E-2
7.691,4.441E-2
7.708,4.455E-2
7.724,4.458E-2
7.741,4.461E-2
7.758,4.467E-2
7.774,4.469E-2
7.791,4.467E-2
7.808,4.466E-2
7.824,4.459E-2
7.841,4.447E-2
7.858,4.442E-2
7.875,4.443E-2
7.891,4.445E-2
7.908,4.450E-2
7.925,4.464E-2
7.941,4.486E-2
7.958,4.502E-2
7.975,4.523E-2
7.991,4.547E-2
8.008,4.568E-2
8.025,4.593E-2
8.041,4.612E-2
8.058,4.623E-2
8.075,4.637E-2
8.091,4.649E-2
8.108,4.660E-2
8.125,4.666E-2
8.141,4.675E-2
8.158,4.687E-2
8.175,4.702E-2
8.192,4.711E-2
8.208,4.725E-2
8.225,4.746E-2
8.242,4.766E-2
8.258,4.784E-2
8.275,4.805E-2
8.292,4.824E-2
8.308,4.848E-2
8.325,4.865E-2
8.342,4.870E-2
8.358,4.876E-2
8.375,4.882E-2
8.392,4.887E-2
8.408,4.899E-2
8.425,4.909E-2
8.442,4.912E-2
8.458,4.925E-2
8.475,4.938E-2
8.492,4.955E-2
8.508,4.977E-2
8.525,4.993E-2
8.542,5.010E-2
8.559,5.029E-2
8.575,5.047E-2
8.592,5.064E-2
8.609,5.079E-2
8.625,5.098E-2
8.642,5.110E-2
8.659,5.124E-2
8.675,5.140E-2
8.692,5.150E-2
8.709,5.161E-2
8.725,5.171E-2
8.742,5.187E-2
8.759,5.196E-2
8.775,5.200E-2
8.792,5.209E-2
8.809,5.217E-2
8.825,5.216E-2
8.842,5.215E-2
8.859,5.211E-2
8.876,5.203E-2
8.892,5.195E-2
8.909,5.189E-2
8.926,5.186E-2
8.942,5.186E-2
8.959,5.192E-2
8.976,5.203E-2
8.992,5.213E-2
9.009,5.234E-2
9.026,5.254E-2
9.042,5.267E-2
9.059,5.288E-2
9.076,5.313E-2
9.092,5.333E-2
9.109,5.350E-2
9.126,5.366E-2
9.142,5.380E-2
9.159,5.390E-2
9.176,5.399E-2
9.193,5.405E-2
9.209,5.419E-2
9.226,5.433E-2
9.243,5.444E-2
9.259,5.457E-2
9.276,5.475E-2
9.293,5.498E-2
9.309,5.519E-2
9.326,5.537E-2
9.343,5.562E-2
9.359,5.581E-2
9.376,5.599E-2
9.393,5.610E-2
9.409,5.618E-2
9.426,5.624E-2
9.443,5.624E-2
9.459,5.629E-2
9.476,5.641E-2
9.493,5.649E-2
9.509,5.651E-2
9.526,5.662E-2
9.543,5.679E-2
9.560,5.693E-2
9.576,5.713E-2
9.593,5.731E-2
9.610,5.749E-2
9.626,5.769E-2
9.643,5.789E-2
9.660,5.805E-2
9.676,5.819E-2
9.693,5.831E-2
9.710,5.846E-2
9.726,5.861E-2
9.743,5.876E-2
9.760,5.889E-2
9.776,5.900E-2
9.793,5.909E-2
9.810,5.922E-2
9.826,5.928E-2
9.843,5.936E-2
9.860,5.941E-2
9.877,5.940E-2
9.893,5.940E-2
9.910,5.934E-2
9.927,5.933E-2
9.943,5.932E-2
9.960,5.931E-2
9.977,5.931E-2
9.993,5.932E-2
10.010,5.935E-2
10.027,5.935E-2
10.043,5.935E-2
10.060,5.934E-2
10.077,5.934E-2
10.093,5.935E-2
10.110,5.936E-2
10.127,5.935E-2
10.143,5.935E-2
10.160,5.936E-2
10.177,5.936E-2
10.194,5.935E-2
10.210,5.936E-2
10.227,5.936E-2
10.244,5.936E-2
10.260,5.935E-2
10.277,5.935E-2
10.294,5.935E-2
10.310,5.935E-2
10.327,5.935E-2
10.344,5.936E-2
10.360,5.935E-2
10.377,5.935E-2
10.394,5.935E-2
10.410,5.935E-2
10.427,5.935E-2
10.444,5.934E-2
10.460,5.935E-2
10.477,5.935E-2
10.494,5.935E-2
10.511,5.935E-2
10.527,5.935E-2
10.544,5.935E-2
10.561,5.935E-2
10.577,5.935E-2
10.594,5.935E-2
10.611,5.935E-2
10.627,5.935E-2
10.644,5.935E-2
10.661,5.935E-2
10.677,5.935E-2
10.694,5.935E-2
10.711,5.935E-2
10.727,5.935E-2
10.744,5.936E-2
10.761,5.935E-2
10.777,5.935E-2
10.794,5.935E-2
10.811,5.935E-2
10.827,5.935E-2
10.844,5.935E-2
10.861,5.935E-2
10.878,5.935E-2
10.894,5.935E-2
10.911,5.935E-2
10.928,5.935E-2
10.944,5.935E-2
10.961,5.935E-2
10.978,5.935E-2
10.994,5.936E-2
11.011,5.936E-2
11.028,5.936E-2
11.044,5.936E-2
11.061,5.936E-2
11.078,5.935E-2
11.094,5.935E-2
11.111,5.935E-2
11.128,5.935E-2
11.144,5.934E-2
11.161,5.935E-2
11.178,5.935E-2
11.195,5.935E-2
11.211,5.935E-2
11.228,5.935E-2
11.245,5.935E-2
11.261,5.935E-2
11.278,5.935E-2
11.295,5.935E-2
11.311,5.935E-2
11.328,5.935E-2
11.345,5.935E-2
11.361,5.934E-2
11.378,5.935E-2
11.395,5.935E-2
11.411,5.936E-2
11.428,5.936E-2
11.445,5.935E-2
11.461,5.935E-2
11.478,5.935E-2
11.495,5.935E-2
11.511,5.934E-2
11.528,5.934E-2
11.545,5.935E-2
11.562,5.935E-2
11.578,5.935E-2
11.595,5.935E-2
11.612,5.935E-2
11.628,5.935E-2
11.645,5.935E-2
11.662,5.935E-2
11.678,5.935E-2
11.695,5.936E-2
11.712,5.936E-2
11.728,5.936E-2
11.745,5.936E-2
11.762,5.936E-2
11.778,5.936E-2
11.795,5.936E-2
11.812,5.935E-2
11.828,5.935E-2
11.845,5.935E-2
11.862,5.935E-2
11.879,5.935E-2
11.895,5.935E-2
11.912,5.936E-2
11.929,5.935E-2
11.945,5.935E-2
11.962,5.935E-2
11.979,5.935E-2
11.995,5.935E-2
12.012,5.935E-2
12.029,5.934E-2
12.045,5.935E-2
12.062,5.935E-2
12.079,5.934E-2
12.095,5.935E-2
12.112,5.935E-2
12.129,5.935E-2
12.145,5.935E-2
12.162,5.935E-2
12.179,5.935E-2
12.196,5.935E-2
12.212,5.935E-2
12.229,5.935E-2
12.246,5.935E-2
12.262,5.935E-2
12.279,5.935E-2
12.296,5.935E-2
12.312,5.935E-2
12.329,5.936E-2
12.346,5.936E-2
12.362,5.935E-2
12.379,5.936E-2
12.396,5.935E-2
12.412,5.936E-2
12.429,5.936E-2
12.446,5.936E-2
12.462,5.936E-2
12.479,5.936E-2
12.496,5.936E-2
12.512,5.935E-2
12.529,5.935E-2
12.546,5.935E-2
12.563,5.935E-2
12.579,5.935E-2
12.596,5.936E-2
12.613,5.935E-2
12.629,5.935E-2
12.646,5.935E-2
12.663,5.935E-2
12.679,5.935E-2
12.696,5.936E-2
12.713,5.936E-2
12.729,5.936E-2
12.746,5.936E-2
12.763,5.936E-2
12.779,5.936E-2
12.796,5.935E-2
12.813,5.936E-2
12.829,5.935E-2
12.846,5.935E-2
12.863,5.934E-2
12.880,5.934E-2
12.896,5.934E-2
12.913,5.934E-2
12.930,5.934E-2
12.946,5.935E-2
12.963,5.935E-2
12.980,5.935E-2
12.996,5.936E-2
13.013,5.936E-2
13.030,5.936E-2
13.046,5.935E-2
13.063,5.935E-2
13.080,5.935E-2
13.096,5.936E-2
13.113,5.936E-2
13.130,5.936E-2
13.146,5.935E-2
13.163,5.935E-2
13.180,5.934E-2
13.197,5.935E-2
13.213,5.935E-2
13.230,5.935E-2
13.247,5.935E-2
13.263,5.935E-2
13.280,5.935E-2
13.297,5.935E-2
13.313,5.935E-2
13.330,5.935E-2
13.347,5.935E-2
13.363,5.935E-2
13.380,5.935E-2
13.397,5.935E-2
13.413,5.935E-2
13.430,5.935E-2
13.447,5.935E-2
13.463,5.935E-2
13.480,5.936E-2
13.497,5.936E-2
13.514,5.935E-2
13.530,5.935E-2
13.547,5.936E-2
13.564,5.936E-2
13.580,5.936E-2
13.597,5.936E-2
13.614,5.935E-2
13.630,5.935E-2
13.647,5.935E-2
13.664,5.935E-2
13.680,5.935E-2
13.697,5.935E-2
13.714,5.935E-2
13.730,5.935E-2
13.747,5.935E-2
13.764,5.935E-2
13.780,5.935E-2
13.797,5.935E-2
13.814,5.936E-2
13.830,5.936E-2
13.847,5.936E-2
13.864,5.936E-2
13.881,5.935E-2
13.897,5.935E-2
13.914,5.935E-2
13.931,5.935E-2
13.947,5.935E-2
13.964,5.935E-2
13.981,5.935E-2
13.997,5.936E-2
14.014,5.936E-2
14.031,5.936E-2
14.047,5.935E-2
14.064,5.936E-2
14.081,5.935E-2
14.097,5.935E-2
14.114,5.935E-2
14.131,5.935E-2
14.147,5.936E-2
14.164,5.935E-2
14.181,5.935E-2
14.198,5.935E-2
14.214,5.935E-2
14.231,5.935E-2
14.248,5.936E-2
14.264,5.936E-2
14.281,5.935E-2
14.298,5.935E-2
14.314,5.935E-2
14.331,5.935E-2
14.348,5.935E-2
14.364,5.934E-2
14.381,5.935E-2
14.398,5.935E-2
14.414,5.936E-2
14.431,5.936E-2
14.448,5.935E-2
14.464,5.936E-2
14.481,5.936E-2
14.498,5.936E-2
14.514,5.936E-2
14.531,5.936E-2
14.548,5.936E-2
14.565,5.936E-2
14.581,5.936E-2
14.598,5.936E-2
14.615,5.936E-2
14.631,5.936E-2
14.648,5.936E-2
14.665,5.936E-2
14.681,5.937E-2
14.698,5.938E-2
14.715,5.938E-2
14.731,5.938E-2
