,mass A,
t,x,
4.755,1.556E-2
4.771,1.555E-2
4.788,1.555E-2
4.805,1.555E-2
4.821,1.556E-2
4.838,1.556E-2
4.855,1.556E-2
4.872,1.556E-2
4.888,1.555E-2
4.905,1.555E-2
4.922,1.555E-2
4.938,1.555E-2
4.955,1.555E-2
4.972,1.555E-2
4.988,1.555E-2
5.005,1.556E-2
5.022,1.556E-2
5.038,1.556E-2
5.055,1.555E-2
5.072,1.555E-2
5.088,1.555E-2
5.105,1.555E-2
5.122,1.556E-2
5.138,1.556E-2
5.155,1.556E-2
5.172,1.556E-2
5.189,1.556E-2
5.205,1.556E-2
5.222,1.556E-2
5.239,1.556E-2
5.255,1.556E-2
5.272,1.556E-2
5.289,1.556E-2
5.305,1.556E-2
5.322,1.555E-2
5.339,1.555E-2
5.355,1.555E-2
5.372,1.556E-2
5.389,1.556E-2
5.405,1.555E-2
5.422,1.555E-2
5.439,1.555E-2
5.455,1.556E-2
5.472,1.556E-2
5.489,1.556E-2
5.505,1.557E-2
5.522,1.557E-2
5.539,1.555E-2
5.556,1.555E-2
5.572,1.557E-2
5.589,1.556E-2
5.606,1.556E-2
5.622,1.557E-2
5.639,1.556E-2
5.656,1.555E-2
5.672,1.555E-2
5.689,1.555E-2
5.706,1.556E-2
5.722,1.556E-2
5.739,1.556E-2
5.756,1.556E-2
5.772,1.556E-2
5.789,1.555E-2
5.806,1.555E-2
5.822,1.556E-2
5.839,1.557E-2
5.856,1.556E-2
5.873,1.556E-2
5.889,1.555E-2
5.906,1.556E-2
5.923,1.556E-2
5.939,1.556E-2
5.956,1.556E-2
5.973,1.557E-2
5.989,1.556E-2
6.006,1.557E-2
6.023,1.557E-2
6.039,1.557E-2
6.056,1.557E-2
6.073,1.556E-2
6.089,1.556E-2
6.106,1.556E-2
6.123,1.556E-2
6.139,1.556E-2
6.156,1.555E-2
6.173,1.555E-2
6.190,1.556E-2
6.206,1.555E-2
6.223,1.555E-2
6.240,1.556E-2
6.256,1.560E-2
6.273,1.566E-2
6.290,1.578E-2
6.306,1.584E-2
6.323,1.587E-2
6.340,1.595E-2
6.356,1.611E-2
6.373,1.631E-2
6.390,1.650E-2
6.406,1.668E-2
6.423,1.682E-2
6.440,1.701E-2
6.456,1.716E-2
6.473,1.732E-2
6.490,1.740E-2
6.506,1.747E-2
6.523,1.759E-2
6.540,1.763E-2
6.557,1.765E-2
6.573,1.768E-2
6.590,1.778E-2
6.607,1.786E-2
6.623,1.797E-2
6.640,1.806E-2
6.657,1.819E-2
6.673,1.837E-2
6.690,1.858E-2
6.707,1.879E-2
6.723,1.899E-2
6.740,1.917E-2
6.757,1.936E-2
6.773,1.952E-2
6.790,1.956E-2
6.807,1.961E-2
6.823,1.965E-2
6.840,1.965E-2
6.857,1.968E-2
6.874,1.970E-2
6.890,1.971E-2
6.907,1.983E-2
6.924,1.993E-2
6.940,2.005E-2
6.957,2.027E-2
6.974,2.040E-2
6.990,2.059E-2
7.007,2.086E-2
7.024,2.103E-2
7.040,2.119E-2
7.057,2.138E-2
7.074,2.151E-2
7.090,2.171E-2
7.107,2.180E-2
7.124,2.193E-2
7.140,2.206E-2
7.157,2.215E-2
7.174,2.224E-2
7.191,2.232E-2
7.207,2.241E-2
7.224,2.250E-2
7.241,2.259E-2
7.257,2.261E-2
7.274,2.271E-2
7.291,2.273E-2
7.307,2.272E-2
7.324,2.271E-2
7.341,2.267E-2
7.357,2.260E-2
7.374,2.264E-2
7.391,2.267E-2
7.407,2.273E-2
7.424,2.277E-2
7.441,2.293E-2
7.457,2.314E-2
7.474,2.326E-2
7.491,2.348E-2
7.508,2.369E-2
7.524,2.385E-2
7.541,2.399E-2
7.558,2.412E-2
7.574,2.419E-2
7.591,2.429E-2
7.608,2.436E-2
7.624,2.441E-2
7.641,2.451E-2
7.658,2.456E-2
7.674,2.464E-2
7.691,2.477E-2
7.708,2.492E-2
7.724,2.505E-2
7.741,2.527E-2
7.758,2.549E-2
7.774,2.570E-2
7.791,2.593E-2
7.808,2.621E-2
7.824,2.646E-2
7.841,2.671E-2
7.858,2.682E-2
7.875,2.685E-2
7.891,2.686E-2
7.908,2.686E-2
7.925,2.689E-2
7.941,2.698E-2
7.958,2.707E-2
7.975,2.714E-2
7.991,2.727E-2
8.008,2.739E-2
8.025,2.757E-2
8.041,2.778E-2
8.058,2.791E-2
8.075,2.809E-2
8.091,2.828E-2
8.108,2.844E-2
8.125,2.859E-2
8.141,2.879E-2
8.158,2.891E-2
8.175,2.909E-2
8.192,2.921E-2
8.208,2.935E-2
8.225,2.947E-2
8.242,2.958E-2
8.258,2.969E-2
8.275,2.985E-2
8.292,2.992E-2
8.308,3.000E-2
8.325,3.007E-2
8.342,3.011E-2
8.358,3.012E-2
8.375,3.012E-2
8.392,3.009E-2
8.408,3.002E-2
8.425,2.995E-2
8.442,2.992E-2
8.458,2.994E-2
8.475,2.997E-2
8.492,3.007E-2
8.508,3.023E-2
8.525,3.040E-2
8.542,3.060E-2
8.559,3.082E-2
8.575,3.106E-2
8.592,3.130E-2
8.609,3.144E-2
8.625,3.162E-2
8.642,3.175E-2
8.659,3.188E-2
8.675,3.199E-2
8.692,3.204E-2
8.709,3.210E-2
8.725,3.219E-2
8.742,3.226E-2
8.759,3.239E-2
8.775,3.249E-2
8.792,3.263E-2
8.809,3.286E-2
8.825,3.305E-2
8.842,3.326E-2
8.859,3.353E-2
8.876,3.373E-2
8.892,3.394E-2
8.909,3.421E-2
8.926,3.430E-2
8.942,3.437E-2
8.959,3.442E-2
8.976,3.446E-2
8.992,3.453E-2
9.009,3.460E-2
9.026,3.462E-2
9.042,3.470E-2
9.059,3.485E-2
9.076,3.493E-2
9.092,3.509E-2
9.109,3.528E-2
9.126,3.545E-2
9.142,3.567E-2
9.159,3.581E-2
9.176,3.599E-2
9.193,3.621E-2
9.209,3.638E-2
9.226,3.650E-2
9.243,3.668E-2
9.259,3.680E-2
9.276,3.693E-2
9.293,3.701E-2
9.309,3.715E-2
9.326,3.725E-2
9.343,3.737E-2
9.359,3.748E-2
9.376,3.758E-2
9.393,3.763E-2
9.409,3.764E-2
9.426,3.768E-2
9.443,3.766E-2
9.459,3.764E-2
9.476,3.759E-2
9.493,3.757E-2
9.509,3.755E-2
9.526,3.754E-2
9.543,3.759E-2
9.560,3.768E-2
9.576,3.782E-2
9.593,3.800E-2
9.610,3.818E-2
9.626,3.835E-2
9.643,3.860E-2
9.660,3.880E-2
9.676,3.900E-2
9.693,3.927E-2
9.710,3.945E-2
9.726,3.956E-2
9.743,3.970E-2
9.760,3.983E-2
9.776,3.994E-2
9.793,3.999E-2
9.810,4.011E-2
9.826,4.022E-2
9.843,4.033E-2
9.860,4.047E-2
9.877,4.063E-2
9.893,4.082E-2
9.910,4.108E-2
9.927,4.131E-2
9.943,4.146E-2
9.960,4.169E-2
9.977,4.189E-2
9.993,4.196E-2
10.010,4.199E-2
10.027,4.205E-2
10.043,4.206E-2
10.060,4.210E-2
10.077,4.222E-2
10.093,4.228E-2
10.110,4.238E-2
10.127,4.248E-2
10.143,4.262E-2
10.160,4.282E-2
10.177,4.295E-2
10.194,4.314E-2
10.210,4.329E-2
10.227,4.346E-2
10.244,4.368E-2
10.260,4.383E-2
10.277,4.396E-2
10.294,4.409E-2
10.310,4.419E-2
10.327,4.432E-2
10.344,4.442E-2
10.360,4.454E-2
10.377,4.465E-2
10.394,4.476E-2
10.410,4.485E-2
10.427,4.496E-2
10.444,4.506E-2
10.460,4.520E-2
10.477,4.529E-2
10.494,4.534E-2
10.511,4.533E-2
10.527,4.531E-2
10.544,4.524E-2
10.561,4.519E-2
10.577,4.509E-2
10.594,4.502E-2
10.611,4.503E-2
10.627,4.504E-2
10.644,4.512E-2
10.661,4.526E-2
10.677,4.541E-2
10.694,4.560E-2
10.711,4.579E-2
10.727,4.602E-2
10.744,4.625E-2
10.761,4.647E-2
10.777,4.667E-2
10.794,4.680E-2
10.811,4.689E-2
10.827,4.705E-2
10.844,4.710E-2
10.861,4.715E-2
10.878,4.724E-2
10.894,4.735E-2
10.911,4.749E-2
10.928,4.759E-2
10.944,4.776E-2
10.961,4.795E-2
10.978,4.810E-2
10.994,4.833E-2
11.011,4.859E-2
11.028,4.879E-2
11.044,4.897E-2
11.061,4.910E-2
11.078,4.916E-2
11.094,4.918E-2
11.111,4.918E-2
11.128,4.917E-2
11.144,4.922E-2
11.161,4.925E-2
11.178,4.927E-2
11.195,4.933E-2
11.211,4.944E-2
11.228,4.963E-2
11.245,4.986E-2
11.261,5.005E-2
11.278,5.022E-2
11.295,5.048E-2
11.311,5.062E-2
11.328,5.080E-2
11.345,5.093E-2
11.361,5.106E-2
11.378,5.119E-2
11.395,5.134E-2
11.411,5.145E-2
11.428,5.157E-2
11.445,5.166E-2
11.461,5.176E-2
11.478,5.187E-2
11.495,5.200E-2
11.511,5.211E-2
11.528,5.224E-2
11.545,5.230E-2
11.562,5.236E-2
11.578,5.242E-2
11.595,5.242E-2
11.612,5.237E-2
11.628,5.236E-2
11.645,5.237E-2
11.662,5.238E-2
11.678,5.239E-2
11.695,5.243E-2
11.712,5.244E-2
11.728,5.245E-2
11.745,5.246E-2
11.762,5.245E-2
11.778,5.244E-2
11.795,5.245E-2
11.812,5.246E-2
11.828,5.246E-2
11.845,5.246E-2
11.862,5.246E-2
11.879,5.246E-2
11.895,5.246E-2
11.912,5.247E-2
11.929,5.247E-2
11.945,5.248E-2
11.962,5.247E-2
11.979,5.247E-2
11.995,5.247E-2
12.012,5.248E-2
12.029,5.247E-2
12.045,5.247E-2
12.062,5.247E-2
12.079,5.246E-2
12.095,5.246E-2
12.112,5.247E-2
12.129,5.247E-2
12.145,5.247E-2
12.162,5.247E-2
12.179,5.247E-2
12.196,5.247E-2
12.212,5.247E-2
12.229,5.247E-2
12.246,5.247E-2
12.262,5.247E-2
12.279,5.247E-2
12.296,5.246E-2
12.312,5.247E-2
12.329,5.246E-2
12.346,5.246E-2
12.362,5.246E-2
12.379,5.247E-2
12.396,5.247E-2
12.412,5.247E-2
12.429,5.247E-2
12.446,5.247E-2
12.462,5.247E-2
12.479,5.247E-2
12.496,5.247E-2
12.512,5.247E-2
12.529,5.247E-2
12.546,5.246E-2
12.563,5.247E-2
12.579,5.247E-2
12.596,5.247E-2
12.613,5.247E-2
12.629,5.247E-2
12.646,5.247E-2
12.663,5.247E-2
12.679,5.247E-2
12.696,5.247E-2
12.713,5.247E-2
12.729,5.247E-2
12.746,5.247E-2
12.763,5.247E-2
12.779,5.247E-2
