,mass A,
t,x,
9.543,2.422E-2
9.560,2.422E-2
9.576,2.422E-2
9.593,2.422E-2
9.610,2.421E-2
9.626,2.422E-2
9.643,2.421E-2
9.660,2.422E-2
9.676,2.422E-2
9.693,2.422E-2
9.710,2.422E-2
9.726,2.422E-2
9.743,2.422E-2
9.760,2.422E-2
9.776,2.422E-2
9.793,2.423E-2
9.810,2.422E-2
9.826,2.426E-2
9.843,2.432E-2
9.860,2.441E-2
9.877,2.453E-2
9.893,2.471E-2
9.910,2.491E-2
9.927,2.514E-2
9.943,2.532E-2
9.960,2.550E-2
9.977,2.569E-2
9.993,2.589E-2
10.010,2.603E-2
10.027,2.614E-2
10.043,2.624E-2
10.060,2.633E-2
10.077,2.637E-2
10.093,2.644E-2
10.110,2.651E-2
10.127,2.655E-2
10.143,2.665E-2
10.160,2.672E-2
10.177,2.681E-2
10.194,2.691E-2
10.210,2.706E-2
10.227,2.726E-2
10.244,2.751E-2
10.260,2.774E-2
10.277,2.789E-2
10.294,2.806E-2
10.310,2.824E-2
10.327,2.835E-2
10.344,2.836E-2
10.360,2.837E-2
10.377,2.838E-2
10.394,2.842E-2
10.410,2.844E-2
10.427,2.848E-2
10.444,2.855E-2
10.460,2.869E-2
10.477,2.884E-2
10.494,2.906E-2
10.511,2.922E-2
10.527,2.938E-2
10.544,2.961E-2
10.561,2.976E-2
10.577,2.993E-2
10.594,3.012E-2
10.611,3.021E-2
10.627,3.034E-2
10.644,3.047E-2
10.661,3.061E-2
10.677,3.077E-2
10.694,3.086E-2
10.711,3.100E-2
10.727,3.109E-2
10.744,3.122E-2
10.761,3.138E-2
10.777,3.145E-2
10.794,3.152E-2
10.811,3.163E-2
10.827,3.171E-2
10.844,3.169E-2
10.861,3.162E-2
10.878,3.161E-2
10.894,3.149E-2
10.911,3.141E-2
10.928,3.142E-2
10.944,3.143E-2
10.961,3.145E-2
10.978,3.153E-2
10.994,3.168E-2
11.011,3.188E-2
11.028,3.205E-2
11.044,3.223E-2
11.061,3.242E-2
11.078,3.268E-2
11.094,3.284E-2
11.111,3.301E-2
11.128,3.317E-2
11.144,3.329E-2
11.161,3.334E-2
11.178,3.342E-2
11.195,3.353E-2
11.211,3.361E-2
11.228,3.370E-2
11.245,3.380E-2
11.261,3.392E-2
11.278,3.405E-2
11.295,3.422E-2
11.311,3.451E-2
11.328,3.472E-2
11.345,3.490E-2
11.361,3.510E-2
11.378,3.534E-2
11.395,3.543E-2
11.411,3.542E-2
11.428,3.548E-2
11.445,3.552E-2
11.461,3.556E-2
11.478,3.565E-2
11.495,3.574E-2
11.512,3.581E-2
11.528,3.592E-2
11.545,3.608E-2
11.562,3.627E-2
11.578,3.648E-2
11.595,3.666E-2
11.612,3.686E-2
11.628,3.706E-2
11.645,3.726E-2
11.662,3.742E-2
11.678,3.761E-2
11.695,3.775E-2
11.712,3.790E-2
11.728,3.803E-2
11.745,3.813E-2
11.762,3.828E-2
11.778,3.836E-2
11.795,3.849E-2
11.812,3.861E-2
11.828,3.870E-2
11.845,3.875E-2
11.862,3.879E-2
11.879,3.878E-2
11.895,3.876E-2
11.912,3.876E-2
11.929,3.871E-2
11.945,3.866E-2
11.962,3.862E-2
11.979,3.863E-2
11.995,3.863E-2
12.012,3.870E-2
12.029,3.878E-2
12.045,3.894E-2
12.062,3.913E-2
12.079,3.932E-2
12.095,3.951E-2
12.112,3.975E-2
12.129,3.997E-2
12.145,4.019E-2
12.162,4.033E-2
12.179,4.044E-2
12.196,4.059E-2
12.212,4.066E-2
12.229,4.072E-2
12.246,4.082E-2
12.262,4.091E-2
12.279,4.099E-2
12.296,4.113E-2
12.312,4.126E-2
12.329,4.142E-2
12.346,4.158E-2
12.362,4.183E-2
12.379,4.204E-2
12.396,4.224E-2
12.412,4.246E-2
12.429,4.269E-2
12.446,4.288E-2
12.462,4.295E-2
12.479,4.301E-2
12.496,4.302E-2
12.513,4.310E-2
12.529,4.317E-2
12.546,4.328E-2
12.563,4.337E-2
12.579,4.345E-2
12.596,4.360E-2
12.613,4.373E-2
12.629,4.390E-2
12.646,4.412E-2
12.663,4.427E-2
12.679,4.445E-2
12.696,4.462E-2
12.713,4.481E-2
12.729,4.496E-2
12.746,4.512E-2
12.763,4.524E-2
12.779,4.544E-2
12.796,4.559E-2
12.813,4.571E-2
12.829,4.584E-2
12.846,4.593E-2
12.863,4.610E-2
12.880,4.621E-2
12.896,4.628E-2
12.913,4.636E-2
12.930,4.636E-2
12.946,4.632E-2
12.963,4.629E-2
12.980,4.625E-2
12.996,4.619E-2
13.013,4.616E-2
13.030,4.615E-2
13.046,4.615E-2
13.063,4.619E-2
13.080,4.630E-2
13.096,4.641E-2
13.113,4.661E-2
13.130,4.677E-2
13.146,4.701E-2
13.163,4.723E-2
13.180,4.744E-2
13.197,4.768E-2
13.213,4.789E-2
13.230,4.805E-2
13.247,4.820E-2
13.263,4.830E-2
13.280,4.837E-2
13.297,4.849E-2
13.313,4.855E-2
13.330,4.861E-2
13.347,4.870E-2
13.363,4.878E-2
13.380,4.889E-2
13.397,4.908E-2
13.413,4.929E-2
13.430,4.952E-2
13.447,4.977E-2
13.463,5.000E-2
13.480,5.019E-2
13.497,5.033E-2
13.514,5.047E-2
13.530,5.050E-2
13.547,5.050E-2
13.564,5.047E-2
13.580,5.048E-2
13.597,5.053E-2
13.614,5.063E-2
13.630,5.072E-2
13.647,5.080E-2
13.664,5.099E-2
13.680,5.117E-2
13.697,5.139E-2
13.714,5.157E-2
13.730,5.178E-2
13.747,5.196E-2
13.764,5.214E-2
13.780,5.233E-2
13.797,5.248E-2
13.814,5.261E-2
13.830,5.275E-2
13.847,5.288E-2
13.864,5.299E-2
13.881,5.311E-2
13.897,5.320E-2
13.914,5.332E-2
13.931,5.339E-2
13.947,5.354E-2
13.964,5.362E-2
13.981,5.369E-2
13.997,5.376E-2
14.014,5.384E-2
14.031,5.389E-2
14.047,5.388E-2
14.064,5.384E-2
14.081,5.377E-2
14.097,5.367E-2
14.114,5.367E-2
14.131,5.371E-2
14.147,5.372E-2
14.164,5.378E-2
14.181,5.390E-2
14.198,5.406E-2
14.214,5.425E-2
14.231,5.444E-2
14.248,5.471E-2
14.264,5.491E-2
14.281,5.507E-2
14.298,5.525E-2
14.314,5.537E-2
14.331,5.548E-2
14.348,5.558E-2
14.364,5.562E-2
14.381,5.568E-2
14.398,5.572E-2
14.414,5.582E-2
14.431,5.588E-2
14.448,5.601E-2
14.464,5.617E-2
14.481,5.633E-2
14.498,5.654E-2
14.515,5.679E-2
14.531,5.700E-2
14.548,5.724E-2
14.565,5.749E-2
14.581,5.755E-2
14.598,5.760E-2
14.615,5.764E-2
14.631,5.765E-2
14.648,5.762E-2
14.665,5.762E-2
14.681,5.764E-2
14.698,5.765E-2
14.715,5.771E-2
14.731,5.784E-2
14.748,5.801E-2
14.765,5.821E-2
14.781,5.837E-2
14.798,5.858E-2
14.815,5.878E-2
14.831,5.894E-2
14.848,5.914E-2
14.865,5.933E-2
14.882,5.947E-2
14.898,5.962E-2
14.915,5.973E-2
14.932,5.986E-2
14.948,5.999E-2
14.965,6.010E-2
14.982,6.016E-2
14.998,6.028E-2
15.015,6.040E-2
15.032,6.050E-2
15.048,6.059E-2
15.065,6.071E-2
15.082,6.074E-2
15.098,6.078E-2
15.115,6.078E-2
15.132,6.076E-2
15.148,6.076E-2
15.165,6.072E-2
15.182,6.071E-2
15.199,6.072E-2
15.215,6.072E-2
15.232,6.074E-2
15.249,6.075E-2
15.265,6.074E-2
15.282,6.074E-2
15.299,6.074E-2
15.315,6.074E-2
15.332,6.074E-2
15.349,6.074E-2
15.365,6.074E-2
15.382,6.075E-2
15.399,6.074E-2
15.415,6.075E-2
15.432,6.075E-2
15.449,6.074E-2
15.465,6.075E-2
15.482,6.075E-2
15.499,6.075E-2
15.516,6.076E-2
15.532,6.076E-2
15.549,6.076E-2
15.566,6.076E-2
15.582,6.075E-2
15.599,6.075E-2
15.616,6.075E-2
15.632,6.075E-2
15.649,6.075E-2
15.666,6.075E-2
15.682,6.075E-2
15.699,6.075E-2
15.716,6.075E-2
15.732,6.075E-2
15.749,6.075E-2
15.766,6.075E-2
15.782,6.075E-2
15.799,6.075E-2
15.816,6.075E-2
15.832,6.075E-2
15.849,6.075E-2
15.866,6.075E-2
15.883,6.075E-2
15.899,6.075E-2
15.916,6.075E-2
15.933,6.075E-2
15.949,6.075E-2
15.966,6.075E-2
15.983,6.075E-2
15.999,6.075E-2
16.016,6.075E-2
16.033,6.075E-2
16.049,6.074E-2
16.066,6.074E-2
16.083,6.074E-2
16.099,6.074E-2
16.116,6.075E-2
16.133,6.074E-2
16.149,6.075E-2
16.166,6.075E-2
16.183,6.075E-2
16.200,6.075E-2
16.216,6.075E-2
16.233,6.075E-2
16.250,6.075E-2
16.266,6.075E-2
16.283,6.075E-2
16.300,6.076E-2
16.316,6.075E-2
16.333,6.075E-2
16.350,6.075E-2
16.366,6.076E-2
16.383,6.075E-2
16.400,6.075E-2
16.416,6.075E-2
16.433,6.075E-2
16.450,6.075E-2
16.466,6.075E-2
16.483,6.075E-2
16.500,6.075E-2
