,mass A,
t,x,
6.924,2.136E-2
6.940,2.136E-2
6.957,2.136E-2
6.974,2.136E-2
6.990,2.136E-2
7.007,2.137E-2
7.024,2.136E-2
7.040,2.136E-2
7.057,2.136E-2
7.074,2.135E-2
7.090,2.135E-2
7.107,2.135E-2
7.124,2.135E-2
7.140,2.134E-2
7.157,2.134E-2
7.174,2.134E-2
7.191,2.134E-2
7.207,2.134E-2
7.224,2.136E-2
7.241,2.133E-2
7.257,2.137E-2
7.274,2.135E-2
7.291,2.136E-2
7.307,2.137E-2
7.324,2.137E-2
7.341,2.136E-2
7.357,2.136E-2
7.374,2.137E-2
7.391,2.137E-2
7.407,2.137E-2
7.424,2.136E-2
7.441,2.133E-2
7.457,2.137E-2
7.474,2.137E-2
7.491,2.137E-2
7.508,2.138E-2
7.524,2.137E-2
7.541,2.137E-2
7.558,2.136E-2
7.574,2.136E-2
7.591,2.136E-2
7.608,2.136E-2
7.624,2.135E-2
7.641,2.135E-2
7.658,2.135E-2
7.674,2.135E-2
7.691,2.135E-2
7.708,2.135E-2
7.724,2.136E-2
7.741,2.136E-2
7.758,2.136E-2
7.774,2.136E-2
7.791,2.137E-2
7.808,2.137E-2
7.824,2.139E-2
7.841,2.139E-2
7.858,2.139E-2
7.875,2.137E-2
7.891,2.133E-2
7.908,2.127E-2
7.925,2.128E-2
7.941,2.130E-2
7.958,2.134E-2
7.975,2.138E-2
7.991,2.152E-2
8.008,2.164E-2
8.025,2.179E-2
8.041,2.196E-2
8.058,2.212E-2
8.075,2.233E-2
8.091,2.249E-2
8.108,2.267E-2
8.125,2.279E-2
8.141,2.297E-2
8.158,2.309E-2
8.175,2.324E-2
8.192,2.333E-2
8.208,2.342E-2
8.225,2.355E-2
8.242,2.358E-2
8.258,2.370E-2
8.275,2.375E-2
8.292,2.380E-2
8.308,2.385E-2
8.325,2.398E-2
8.342,2.412E-2
8.358,2.424E-2
8.375,2.440E-2
8.392,2.452E-2
8.408,2.464E-2
8.425,2.477E-2
8.442,2.480E-2
8.458,2.490E-2
8.475,2.494E-2
8.492,2.499E-2
8.508,2.509E-2
8.525,2.512E-2
8.542,2.521E-2
8.559,2.530E-2
8.575,2.544E-2
8.592,2.559E-2
8.609,2.574E-2
8.625,2.589E-2
8.642,2.614E-2
8.659,2.626E-2
8.675,2.642E-2
8.692,2.663E-2
8.709,2.678E-2
8.725,2.695E-2
8.742,2.713E-2
8.759,2.728E-2
8.775,2.739E-2
8.792,2.751E-2
8.809,2.764E-2
8.825,2.772E-2
8.842,2.780E-2
8.859,2.784E-2
8.876,2.790E-2
8.892,2.790E-2
8.909,2.789E-2
8.926,2.790E-2
8.942,2.785E-2
8.959,2.775E-2
8.976,2.768E-2
8.992,2.757E-2
9.009,2.751E-2
9.026,2.745E-2
9.042,2.740E-2
9.059,2.736E-2
9.076,2.742E-2
9.092,2.755E-2
9.109,2.766E-2
9.126,2.781E-2
9.142,2.797E-2
9.159,2.820E-2
9.176,2.842E-2
9.193,2.858E-2
9.209,2.877E-2
9.226,2.906E-2
9.243,2.916E-2
9.259,2.929E-2
9.276,2.944E-2
9.293,2.957E-2
9.309,2.968E-2
9.326,2.973E-2
9.343,2.982E-2
9.359,2.991E-2
9.376,2.999E-2
9.393,3.013E-2
9.409,3.028E-2
9.426,3.043E-2
9.443,3.058E-2
9.459,3.073E-2
9.476,3.082E-2
9.493,3.094E-2
9.509,3.104E-2
9.526,3.108E-2
9.543,3.113E-2
9.560,3.116E-2
9.576,3.125E-2
9.593,3.141E-2
9.610,3.156E-2
9.626,3.170E-2
9.643,3.185E-2
9.660,3.202E-2
9.676,3.217E-2
9.693,3.239E-2
9.710,3.269E-2
9.726,3.290E-2
9.743,3.307E-2
9.760,3.324E-2
9.776,3.340E-2
9.793,3.355E-2
9.810,3.371E-2
9.826,3.382E-2
9.843,3.393E-2
9.860,3.407E-2
9.877,3.414E-2
9.893,3.427E-2
9.910,3.434E-2
9.927,3.437E-2
9.943,3.439E-2
9.960,3.442E-2
9.977,3.449E-2
9.993,3.453E-2
10.010,3.451E-2
10.027,3.447E-2
10.043,3.437E-2
10.060,3.426E-2
10.077,3.421E-2
10.093,3.416E-2
10.110,3.418E-2
10.127,3.419E-2
10.143,3.425E-2
10.160,3.434E-2
10.177,3.442E-2
10.194,3.456E-2
10.210,3.472E-2
10.227,3.490E-2
10.244,3.502E-2
10.260,3.528E-2
10.277,3.541E-2
10.294,3.558E-2
10.310,3.568E-2
10.327,3.580E-2
10.344,3.593E-2
10.360,3.603E-2
10.377,3.615E-2
10.394,3.622E-2
10.410,3.635E-2
10.427,3.648E-2
10.444,3.665E-2
10.460,3.678E-2
10.477,3.698E-2
10.494,3.707E-2
10.511,3.718E-2
10.527,3.730E-2
10.544,3.746E-2
10.561,3.760E-2
10.577,3.765E-2
10.594,3.770E-2
10.611,3.772E-2
10.627,3.769E-2
10.644,3.776E-2
10.661,3.779E-2
10.677,3.790E-2
10.694,3.799E-2
10.711,3.818E-2
10.727,3.837E-2
10.744,3.852E-2
10.761,3.870E-2
10.777,3.889E-2
10.794,3.907E-2
10.811,3.927E-2
10.827,3.943E-2
10.844,3.965E-2
10.861,3.982E-2
10.878,3.996E-2
10.894,4.015E-2
10.911,4.026E-2
10.928,4.037E-2
10.944,4.050E-2
10.961,4.058E-2
10.978,4.065E-2
10.994,4.073E-2
11.011,4.082E-2
11.028,4.087E-2
11.044,4.093E-2
11.061,4.099E-2
11.078,4.099E-2
11.094,4.096E-2
11.111,4.089E-2
11.128,4.079E-2
11.144,4.068E-2
11.161,4.065E-2
11.178,4.067E-2
11.195,4.067E-2
11.211,4.071E-2
11.228,4.077E-2
11.245,4.089E-2
11.261,4.103E-2
11.278,4.120E-2
11.295,4.136E-2
11.311,4.152E-2
11.328,4.173E-2
11.345,4.193E-2
11.361,4.206E-2
11.378,4.225E-2
11.395,4.237E-2
11.411,4.250E-2
11.428,4.262E-2
11.445,4.272E-2
11.461,4.281E-2
11.478,4.290E-2
11.495,4.301E-2
11.511,4.313E-2
11.528,4.322E-2
11.545,4.343E-2
11.562,4.355E-2
11.578,4.372E-2
11.595,4.393E-2
11.612,4.401E-2
11.628,4.413E-2
11.645,4.420E-2
11.662,4.424E-2
11.678,4.430E-2
11.695,4.433E-2
11.712,4.438E-2
11.728,4.450E-2
11.745,4.466E-2
11.762,4.479E-2
11.778,4.492E-2
11.795,4.504E-2
11.812,4.518E-2
11.828,4.534E-2
11.845,4.555E-2
11.862,4.569E-2
11.879,4.589E-2
11.895,4.603E-2
11.912,4.625E-2
11.929,4.636E-2
11.945,4.660E-2
11.962,4.676E-2
11.979,4.690E-2
11.995,4.698E-2
12.012,4.711E-2
12.029,4.719E-2
12.045,4.726E-2
12.062,4.733E-2
12.079,4.743E-2
12.095,4.750E-2
12.112,4.755E-2
12.129,4.756E-2
12.145,4.758E-2
12.162,4.747E-2
12.179,4.743E-2
12.196,4.733E-2
12.212,4.727E-2
12.229,4.718E-2
12.246,4.712E-2
12.262,4.714E-2
12.279,4.716E-2
12.296,4.722E-2
12.312,4.732E-2
12.329,4.750E-2
12.346,4.762E-2
12.362,4.783E-2
12.379,4.797E-2
12.396,4.816E-2
12.412,4.836E-2
12.429,4.852E-2
12.446,4.868E-2
12.462,4.882E-2
12.479,4.895E-2
12.496,4.907E-2
12.512,4.916E-2
12.529,4.927E-2
12.546,4.939E-2
12.563,4.950E-2
12.579,4.962E-2
12.596,4.975E-2
12.613,4.990E-2
12.629,5.011E-2
12.646,5.027E-2
12.663,5.042E-2
12.679,5.053E-2
12.696,5.062E-2
12.713,5.066E-2
12.729,5.069E-2
12.746,5.075E-2
12.763,5.079E-2
12.779,5.081E-2
12.796,5.087E-2
12.813,5.095E-2
12.829,5.109E-2
12.846,5.119E-2
12.863,5.134E-2
12.880,5.158E-2
12.896,5.177E-2
12.913,5.196E-2
12.930,5.212E-2
12.946,5.230E-2
12.963,5.246E-2
12.980,5.262E-2
12.996,5.278E-2
13.013,5.292E-2
13.030,5.308E-2
13.046,5.324E-2
13.063,5.336E-2
13.080,5.342E-2
13.096,5.355E-2
13.113,5.366E-2
13.130,5.374E-2
13.146,5.381E-2
13.163,5.389E-2
13.180,5.396E-2
13.197,5.394E-2
13.213,5.394E-2
13.230,5.389E-2
13.247,5.385E-2
13.263,5.384E-2
13.280,5.382E-2
13.297,5.385E-2
13.313,5.391E-2
13.330,5.391E-2
13.347,5.391E-2
13.363,5.390E-2
13.380,5.389E-2
13.397,5.389E-2
13.413,5.389E-2
13.430,5.390E-2
13.447,5.390E-2
13.463,5.391E-2
13.480,5.391E-2
13.497,5.391E-2
13.514,5.390E-2
13.530,5.391E-2
13.547,5.390E-2
13.564,5.390E-2
13.580,5.390E-2
13.597,5.390E-2
13.614,5.390E-2
13.630,5.390E-2
13.647,5.390E-2
13.664,5.390E-2
13.680,5.390E-2
13.697,5.390E-2
13.714,5.391E-2
13.730,5.391E-2
13.747,5.390E-2
13.764,5.390E-2
13.780,5.389E-2
13.797,5.389E-2
13.814,5.389E-2
13.830,5.389E-2
13.847,5.390E-2
13.864,5.390E-2
13.881,5.390E-2
13.897,5.390E-2
13.914,5.390E-2
13.931,5.390E-2
13.947,5.390E-2
13.964,5.390E-2
13.981,5.390E-2
13.997,5.391E-2
14.014,5.391E-2
14.031,5.391E-2
14.047,5.390E-2
14.064,5.390E-2
14.081,5.390E-2
14.097,5.390E-2
14.114,5.391E-2
14.131,5.391E-2
14.147,5.391E-2
14.164,5.391E-2
14.181,5.387E-2
14.198,5.388E-2
14.214,5.389E-2
14.231,5.391E-2
14.248,5.390E-2
14.264,5.390E-2
14.281,5.390E-2
14.298,5.390E-2
14.314,5.390E-2
14.331,5.390E-2
14.348,5.390E-2
14.364,5.390E-2
14.381,5.390E-2
14.398,5.390E-2
14.414,5.390E-2
14.431,5.390E-2
14.448,5.390E-2
14.464,5.390E-2
14.481,5.390E-2
14.498,5.390E-2
14.514,5.390E-2
14.531,5.391E-2
14.548,5.390E-2
