	mass A	
t	x	
5.806	1.770E-2
5.822	1.769E-2
5.839	1.770E-2
5.856	1.770E-2
5.873	1.769E-2
5.889	1.769E-2
5.906	1.770E-2
5.923	1.769E-2
5.939	1.770E-2
5.956	1.770E-2
5.973	1.770E-2
5.989	1.770E-2
6.006	1.767E-2
6.023	1.769E-2
6.039	1.770E-2
6.056	1.769E-2
6.073	1.769E-2
6.089	1.769E-2
6.106	1.770E-2
6.123	1.770E-2
6.139	1.769E-2
6.156	1.769E-2
6.173	1.769E-2
6.190	1.770E-2
6.206	1.770E-2
6.223	1.769E-2
6.240	1.770E-2
6.256	1.769E-2
6.273	1.770E-2
6.290	1.771E-2
6.306	1.770E-2
6.323	1.771E-2
6.340	1.770E-2
6.356	1.771E-2
6.373	1.770E-2
6.390	1.770E-2
6.406	1.770E-2
6.423	1.770E-2
6.440	1.771E-2
6.456	1.769E-2
6.473	1.769E-2
6.490	1.770E-2
6.506	1.770E-2
6.523	1.769E-2
6.540	1.769E-2
6.557	1.769E-2
6.573	1.770E-2
6.590	1.770E-2
6.607	1.770E-2
6.623	1.769E-2
6.640	1.770E-2
6.657	1.770E-2
6.673	1.769E-2
6.690	1.769E-2
6.707	1.768E-2
6.723	1.768E-2
6.740	1.769E-2
6.757	1.769E-2
6.773	1.769E-2
6.790	1.769E-2
6.807	1.769E-2
6.823	1.768E-2
6.840	1.769E-2
6.857	1.768E-2
6.874	1.769E-2
6.890	1.769E-2
6.907	1.769E-2
6.924	1.770E-2
6.940	1.772E-2
6.957	1.770E-2
6.974	1.770E-2
6.990	1.770E-2
7.007	1.771E-2
7.024	1.769E-2
7.040	1.770E-2
7.057	1.770E-2
7.074	1.769E-2
7.090	1.770E-2
7.107	1.769E-2
7.124	1.769E-2
7.140	1.769E-2
7.157	1.770E-2
7.174	1.773E-2
7.191	1.775E-2
7.207	1.778E-2
7.224	1.776E-2
7.241	1.772E-2
7.257	1.779E-2
7.274	1.781E-2
7.291	1.787E-2
7.307	1.801E-2
7.324	1.814E-2
7.341	1.827E-2
7.357	1.846E-2
7.374	1.866E-2
7.391	1.888E-2
7.407	1.906E-2
7.424	1.923E-2
7.441	1.942E-2
7.457	1.956E-2
7.474	1.970E-2
7.491	1.983E-2
7.508	1.993E-2
7.524	2.001E-2
7.541	2.007E-2
7.558	2.016E-2
7.574	2.030E-2
7.591	2.034E-2
7.608	2.040E-2
7.624	2.047E-2
7.641	2.061E-2
7.658	2.078E-2
7.674	2.093E-2
7.691	2.112E-2
7.708	2.123E-2
7.724	2.135E-2
7.741	2.139E-2
7.758	2.142E-2
7.774	2.143E-2
7.791	2.154E-2
7.808	2.160E-2
7.824	2.164E-2
7.841	2.170E-2
7.858	2.183E-2
7.875	2.191E-2
7.891	2.200E-2
7.908	2.221E-2
7.925	2.235E-2
7.941	2.249E-2
7.958	2.274E-2
7.975	2.287E-2
7.991	2.304E-2
8.008	2.331E-2
8.025	2.352E-2
8.041	2.365E-2
8.058	2.383E-2
8.075	2.403E-2
8.091	2.414E-2
8.108	2.428E-2
8.125	2.443E-2
8.141	2.450E-2
8.158	2.452E-2
8.175	2.463E-2
8.192	2.465E-2
8.208	2.467E-2
8.225	2.464E-2
8.242	2.459E-2
8.258	2.447E-2
8.275	2.437E-2
8.292	2.423E-2
8.308	2.417E-2
8.325	2.407E-2
8.342	2.407E-2
8.358	2.404E-2
8.375	2.413E-2
8.392	2.425E-2
8.408	2.435E-2
8.425	2.453E-2
8.442	2.474E-2
8.458	2.488E-2
8.475	2.510E-2
8.492	2.533E-2
8.508	2.562E-2
8.525	2.575E-2
8.542	2.589E-2
8.559	2.612E-2
8.575	2.624E-2
8.592	2.634E-2
8.609	2.647E-2
8.625	2.657E-2
8.642	2.662E-2
8.659	2.679E-2
8.675	2.685E-2
8.692	2.699E-2
8.709	2.711E-2
8.725	2.728E-2
8.742	2.744E-2
8.759	2.765E-2
8.775	2.779E-2
8.792	2.791E-2
8.809	2.799E-2
8.825	2.804E-2
8.842	2.808E-2
8.859	2.807E-2
8.876	2.816E-2
8.892	2.822E-2
8.909	2.826E-2
8.926	2.834E-2
8.942	2.850E-2
8.959	2.863E-2
8.976	2.878E-2
8.992	2.897E-2
9.009	2.913E-2
9.026	2.930E-2
9.042	2.948E-2
9.059	2.965E-2
9.076	2.976E-2
9.092	2.994E-2
9.109	3.009E-2
9.126	3.021E-2
9.142	3.050E-2
9.159	3.063E-2
9.176	3.074E-2
9.193	3.083E-2
9.209	3.094E-2
9.226	3.099E-2
9.243	3.109E-2
9.259	3.115E-2
9.276	3.120E-2
9.293	3.126E-2
9.309	3.127E-2
9.326	3.126E-2
9.343	3.122E-2
9.359	3.115E-2
9.376	3.108E-2
9.393	3.102E-2
9.409	3.095E-2
9.426	3.090E-2
9.443	3.084E-2
9.459	3.082E-2
9.476	3.086E-2
9.493	3.099E-2
9.509	3.108E-2
9.526	3.127E-2
9.543	3.147E-2
9.560	3.168E-2
9.576	3.184E-2
9.593	3.204E-2
9.610	3.226E-2
9.626	3.247E-2
9.643	3.260E-2
9.660	3.282E-2
9.676	3.299E-2
9.693	3.308E-2
9.710	3.319E-2
9.726	3.334E-2
9.743	3.344E-2
9.760	3.358E-2
9.776	3.374E-2
9.793	3.388E-2
9.810	3.403E-2
9.826	3.416E-2
9.843	3.431E-2
9.860	3.449E-2
9.877	3.460E-2
9.893	3.471E-2
9.910	3.481E-2
9.927	3.483E-2
9.943	3.496E-2
9.960	3.500E-2
9.977	3.510E-2
9.993	3.528E-2
10.010	3.536E-2
10.027	3.550E-2
10.043	3.566E-2
10.060	3.582E-2
10.077	3.596E-2
10.093	3.613E-2
10.110	3.634E-2
10.127	3.642E-2
10.143	3.671E-2
10.160	3.687E-2
10.177	3.702E-2
10.194	3.721E-2
10.210	3.733E-2
10.227	3.744E-2
10.244	3.754E-2
10.260	3.765E-2
10.277	3.774E-2
10.294	3.787E-2
10.310	3.795E-2
10.327	3.801E-2
10.344	3.806E-2
10.360	3.806E-2
10.377	3.805E-2
10.394	3.793E-2
10.410	3.785E-2
10.427	3.774E-2
10.444	3.766E-2
10.460	3.763E-2
10.477	3.753E-2
10.494	3.747E-2
10.511	3.750E-2
10.527	3.755E-2
10.544	3.761E-2
10.561	3.772E-2
10.577	3.793E-2
10.594	3.810E-2
10.611	3.828E-2
10.627	3.847E-2
10.644	3.868E-2
10.661	3.887E-2
10.677	3.903E-2
10.694	3.927E-2
10.711	3.945E-2
10.727	3.963E-2
10.744	3.973E-2
10.761	3.992E-2
10.777	3.991E-2
10.794	4.001E-2
10.811	4.017E-2
10.827	4.027E-2
10.844	4.042E-2
10.861	4.057E-2
10.878	4.071E-2
10.894	4.088E-2
10.911	4.104E-2
10.928	4.120E-2
10.944	4.133E-2
10.961	4.144E-2
10.978	4.144E-2
10.994	4.161E-2
11.011	4.166E-2
11.028	4.171E-2
11.044	4.188E-2
11.061	4.198E-2
11.078	4.208E-2
11.094	4.226E-2
11.111	4.234E-2
11.128	4.253E-2
11.144	4.267E-2
11.161	4.294E-2
11.178	4.308E-2
11.195	4.324E-2
11.211	4.337E-2
11.228	4.356E-2
11.245	4.371E-2
11.261	4.383E-2
11.278	4.395E-2
11.295	4.407E-2
11.311	4.417E-2
11.328	4.430E-2
11.345	4.439E-2
11.361	4.451E-2
11.378	4.457E-2
11.395	4.462E-2
11.411	4.472E-2
11.428	4.476E-2
11.445	4.479E-2
11.461	4.480E-2
11.478	4.465E-2
11.495	4.462E-2
11.511	4.455E-2
11.528	4.447E-2
11.545	4.432E-2
11.562	4.424E-2
11.578	4.424E-2
11.595	4.424E-2
11.612	4.428E-2
11.628	4.438E-2
11.645	4.458E-2
11.662	4.471E-2
11.678	4.488E-2
11.695	4.509E-2
11.712	4.526E-2
11.728	4.545E-2
11.745	4.566E-2
11.762	4.585E-2
11.778	4.599E-2
11.795	4.618E-2
11.812	4.634E-2
11.828	4.648E-2
11.845	4.663E-2
11.862	4.676E-2
11.879	4.688E-2
11.895	4.700E-2
11.912	4.716E-2
11.929	4.732E-2
11.945	4.743E-2
11.962	4.760E-2
11.979	4.777E-2
11.995	4.793E-2
12.012	4.805E-2
12.029	4.814E-2
12.045	4.829E-2
12.062	4.834E-2
12.079	4.838E-2
12.095	4.844E-2
12.112	4.849E-2
12.129	4.880E-2
12.145	4.889E-2
12.162	4.902E-2
12.179	4.917E-2
12.196	4.930E-2
12.212	4.945E-2
12.229	4.961E-2
12.246	4.971E-2
12.262	4.981E-2
12.279	5.003E-2
12.296	5.017E-2
12.312	5.032E-2
12.329	5.044E-2
12.346	5.066E-2
12.362	5.083E-2
12.379	5.096E-2
12.396	5.108E-2
12.412	5.123E-2
12.429	5.129E-2
12.446	5.144E-2
12.462	5.149E-2
12.479	5.155E-2
12.496	5.161E-2
12.512	5.162E-2
12.529	5.158E-2
12.546	5.154E-2
12.563	5.145E-2
12.579	5.145E-2
12.596	5.145E-2
12.613	5.143E-2
12.629	5.147E-2
12.646	5.146E-2
12.663	5.144E-2
12.679	5.143E-2
12.696	5.143E-2
12.713	5.142E-2
12.729	5.142E-2
12.746	5.143E-2
12.763	5.144E-2
12.779	5.144E-2
12.796	5.144E-2
12.813	5.143E-2
12.829	5.144E-2
12.846	5.144E-2
12.863	5.144E-2
12.880	5.144E-2
12.896	5.143E-2
12.913	5.142E-2
12.930	5.140E-2
12.946	5.142E-2
12.963	5.141E-2
12.980	5.143E-2
12.996	5.143E-2
13.013	5.144E-2
13.030	5.143E-2
13.046	5.142E-2
13.063	5.143E-2
13.080	5.143E-2
13.096	5.143E-2
13.113	5.144E-2
13.130	5.144E-2
13.146	5.144E-2
13.163	5.142E-2
13.180	5.145E-2
13.197	5.145E-2
13.213	5.144E-2
13.230	5.143E-2
13.247	5.143E-2
13.263	5.142E-2
13.280	5.144E-2
13.297	5.143E-2
13.313	5.143E-2
13.330	5.142E-2
13.347	5.142E-2
13.363	5.142E-2
13.380	5.142E-2
13.397	5.143E-2
13.413	5.143E-2
13.430	5.143E-2
13.447	5.143E-2
13.463	5.143E-2
13.480	5.143E-2
13.497	5.142E-2
13.514	5.144E-2
13.530	5.143E-2
13.547	5.142E-2
13.564	5.143E-2
13.580	5.142E-2
13.597	5.143E-2
13.614	5.143E-2
13.630	5.143E-2
13.647	5.144E-2
13.664	5.141E-2
13.680	5.142E-2
13.697	5.143E-2
13.714	5.143E-2
13.730	5.142E-2
13.747	5.143E-2
13.764	5.143E-2
13.780	5.143E-2
13.797	5.142E-2
13.814	5.144E-2
13.830	5.142E-2
13.847	5.142E-2
13.864	5.142E-2
13.881	5.145E-2
13.897	5.144E-2
13.914	5.144E-2
13.931	5.144E-2
13.947	5.144E-2
13.964	5.145E-2
13.981	5.144E-2
13.997	5.143E-2
14.014	5.142E-2
14.031	5.142E-2
14.047	5.142E-2
14.064	5.140E-2
14.081	5.141E-2
14.097	5.142E-2
14.114	5.144E-2
14.131	5.143E-2
14.147	5.143E-2
14.164	5.143E-2
14.181	5.144E-2
14.198	5.143E-2
14.214	5.142E-2
14.231	5.143E-2
14.248	5.143E-2
14.264	5.143E-2
14.281	5.143E-2
14.298	5.144E-2
14.314	5.143E-2
14.331	5.143E-2
14.348	5.144E-2
14.364	5.143E-2
14.381	5.143E-2
14.398	5.143E-2
14.414	5.143E-2
14.431	5.143E-2
14.448	5.142E-2
14.464	5.143E-2
14.481	5.143E-2
14.498	5.142E-2
14.514	5.142E-2
14.531	5.142E-2
14.548	5.142E-2
14.565	5.143E-2
14.581	5.143E-2
14.598	5.144E-2
14.615	5.143E-2
14.631	5.143E-2
14.648	5.143E-2
14.665	5.143E-2
14.681	5.143E-2
14.698	5.143E-2
14.715	5.144E-2
14.731	5.143E-2
14.748	5.141E-2
14.765	5.141E-2
14.781	5.142E-2
14.798	5.143E-2
14.815	5.142E-2
14.831	5.143E-2
14.848	5.143E-2
14.865	5.143E-2
14.882	5.142E-2
14.898	5.143E-2
14.915	5.143E-2
14.932	5.143E-2
14.948	5.143E-2
14.965	5.142E-2
14.982	5.142E-2
14.998	5.142E-2
15.015	5.143E-2
15.032	5.142E-2
15.048	5.142E-2
15.065	5.141E-2
15.082	5.142E-2
15.098	5.143E-2
