,mass A,
t,x,
5.272,1.797E-2
5.289,1.797E-2
5.305,1.796E-2
5.322,1.796E-2
5.339,1.796E-2
5.355,1.797E-2
5.372,1.796E-2
5.389,1.796E-2
5.405,1.794E-2
5.422,1.795E-2
5.439,1.799E-2
5.455,1.799E-2
5.472,1.799E-2
5.489,1.797E-2
5.505,1.797E-2
5.522,1.797E-2
5.539,1.797E-2
5.556,1.797E-2
5.572,1.797E-2
5.589,1.797E-2
5.606,1.797E-2
5.622,1.797E-2
5.639,1.797E-2
5.656,1.798E-2
5.672,1.796E-2
5.689,1.797E-2
5.706,1.797E-2
5.722,1.798E-2
5.739,1.797E-2
5.756,1.800E-2
5.772,1.797E-2
5.789,1.797E-2
5.806,1.797E-2
5.822,1.798E-2
5.839,1.798E-2
5.856,1.797E-2
5.873,1.797E-2
5.889,1.795E-2
5.906,1.797E-2
5.923,1.797E-2
5.939,1.797E-2
5.956,1.796E-2
5.973,1.796E-2
5.989,1.796E-2
6.006,1.796E-2
6.023,1.797E-2
6.039,1.797E-2
6.056,1.797E-2
6.073,1.796E-2
6.089,1.797E-2
6.106,1.797E-2
6.123,1.797E-2
6.139,1.797E-2
6.156,1.796E-2
6.173,1.797E-2
6.190,1.798E-2
6.206,1.798E-2
6.223,1.798E-2
6.240,1.797E-2
6.256,1.797E-2
6.273,1.797E-2
6.290,1.797E-2
6.306,1.798E-2
6.323,1.798E-2
6.340,1.797E-2
6.356,1.797E-2
6.373,1.797E-2
6.390,1.797E-2
6.406,1.797E-2
6.423,1.796E-2
6.440,1.797E-2
6.456,1.797E-2
6.473,1.798E-2
6.490,1.798E-2
6.506,1.798E-2
6.523,1.799E-2
6.540,1.799E-2
6.557,1.798E-2
6.573,1.798E-2
6.590,1.798E-2
6.607,1.798E-2
6.623,1.798E-2
6.640,1.797E-2
6.657,1.797E-2
6.673,1.798E-2
6.690,1.797E-2
6.707,1.797E-2
6.723,1.797E-2
6.740,1.794E-2
6.757,1.796E-2
6.773,1.797E-2
6.790,1.798E-2
6.807,1.798E-2
6.823,1.798E-2
6.840,1.798E-2
6.857,1.797E-2
6.874,1.797E-2
6.890,1.798E-2
6.907,1.797E-2
6.924,1.798E-2
6.940,1.801E-2
6.957,1.800E-2
6.974,1.801E-2
6.990,1.800E-2
7.007,1.804E-2
7.024,1.801E-2
7.040,1.801E-2
7.057,1.807E-2
7.074,1.827E-2
7.090,1.839E-2
7.107,1.852E-2
7.124,1.865E-2
7.140,1.889E-2
7.157,1.907E-2
7.174,1.926E-2
7.191,1.947E-2
7.207,1.964E-2
7.224,1.981E-2
7.241,1.992E-2
7.257,2.008E-2
7.274,2.023E-2
7.291,2.035E-2
7.307,2.034E-2
7.324,2.038E-2
7.341,2.043E-2
7.357,2.052E-2
7.374,2.060E-2
7.391,2.069E-2
7.407,2.086E-2
7.424,2.098E-2
7.441,2.113E-2
7.457,2.125E-2
7.474,2.141E-2
7.491,2.146E-2
7.508,2.156E-2
7.524,2.162E-2
7.541,2.161E-2
7.558,2.167E-2
7.574,2.168E-2
7.591,2.170E-2
7.608,2.180E-2
7.624,2.188E-2
7.641,2.209E-2
7.658,2.221E-2
7.674,2.241E-2
7.691,2.253E-2
7.708,2.273E-2
7.724,2.293E-2
7.741,2.307E-2
7.758,2.328E-2
7.774,2.347E-2
7.791,2.362E-2
7.808,2.380E-2
7.824,2.393E-2
7.841,2.405E-2
7.858,2.430E-2
7.875,2.445E-2
7.891,2.459E-2
7.908,2.466E-2
7.925,2.472E-2
7.941,2.476E-2
7.958,2.473E-2
7.975,2.476E-2
7.991,2.482E-2
8.008,2.481E-2
8.025,2.478E-2
8.041,2.475E-2
8.058,2.465E-2
8.075,2.458E-2
8.091,2.450E-2
8.108,2.443E-2
8.125,2.441E-2
8.141,2.445E-2
8.158,2.449E-2
8.175,2.470E-2
8.192,2.486E-2
8.208,2.503E-2
8.225,2.527E-2
8.242,2.543E-2
8.258,2.564E-2
8.275,2.582E-2
8.292,2.607E-2
8.308,2.624E-2
8.325,2.640E-2
8.342,2.653E-2
8.358,2.660E-2
8.375,2.666E-2
8.392,2.677E-2
8.408,2.686E-2
8.425,2.697E-2
8.442,2.706E-2
8.458,2.713E-2
8.475,2.728E-2
8.492,2.745E-2
8.508,2.757E-2
8.525,2.769E-2
8.542,2.784E-2
8.559,2.790E-2
8.575,2.798E-2
8.592,2.802E-2
8.609,2.805E-2
8.625,2.804E-2
8.642,2.807E-2
8.659,2.819E-2
8.675,2.830E-2
8.692,2.838E-2
8.709,2.852E-2
8.725,2.869E-2
8.742,2.882E-2
8.759,2.900E-2
8.775,2.916E-2
8.792,2.940E-2
8.809,2.956E-2
8.825,2.982E-2
8.842,2.999E-2
8.859,3.012E-2
8.876,3.028E-2
8.892,3.042E-2
8.909,3.055E-2
8.926,3.065E-2
8.942,3.070E-2
8.959,3.080E-2
8.976,3.091E-2
8.992,3.097E-2
9.009,3.107E-2
9.026,3.112E-2
9.042,3.117E-2
9.059,3.125E-2
9.076,3.127E-2
9.092,3.126E-2
9.109,3.114E-2
9.126,3.105E-2
9.142,3.097E-2
9.159,3.091E-2
9.176,3.085E-2
9.193,3.082E-2
9.209,3.082E-2
9.226,3.087E-2
9.243,3.094E-2
9.259,3.112E-2
9.276,3.134E-2
9.293,3.151E-2
9.309,3.174E-2
9.326,3.197E-2
9.343,3.218E-2
9.359,3.234E-2
9.376,3.256E-2
9.393,3.272E-2
9.409,3.291E-2
9.426,3.305E-2
9.443,3.326E-2
9.459,3.329E-2
9.476,3.345E-2
9.493,3.357E-2
9.509,3.366E-2
9.526,3.383E-2
9.543,3.398E-2
9.560,3.406E-2
9.576,3.420E-2
9.593,3.429E-2
9.610,3.438E-2
9.626,3.447E-2
9.643,3.449E-2
9.660,3.453E-2
9.676,3.456E-2
9.693,3.462E-2
9.710,3.466E-2
9.726,3.487E-2
9.743,3.494E-2
9.760,3.506E-2
9.776,3.522E-2
9.793,3.535E-2
9.810,3.555E-2
9.826,3.587E-2
9.843,3.605E-2
9.860,3.627E-2
9.877,3.636E-2
9.893,3.656E-2
9.910,3.664E-2
9.927,3.685E-2
9.943,3.698E-2
9.960,3.712E-2
9.977,3.721E-2
9.993,3.734E-2
10.010,3.746E-2
10.027,3.753E-2
10.043,3.761E-2
10.060,3.770E-2
10.077,3.778E-2
10.093,3.781E-2
10.110,3.786E-2
10.127,3.792E-2
10.143,3.794E-2
10.160,3.792E-2
10.177,3.777E-2
10.194,3.768E-2
10.210,3.763E-2
10.227,3.762E-2
10.244,3.760E-2
10.260,3.756E-2
10.277,3.758E-2
10.294,3.764E-2
10.310,3.778E-2
10.327,3.792E-2
10.344,3.809E-2
10.360,3.826E-2
10.377,3.841E-2
10.394,3.863E-2
10.410,3.886E-2
10.427,3.901E-2
10.444,3.922E-2
10.460,3.938E-2
10.477,3.952E-2
10.494,3.965E-2
10.511,3.979E-2
10.527,3.991E-2
10.544,4.009E-2
10.561,4.022E-2
10.577,4.035E-2
10.594,4.047E-2
10.611,4.065E-2
10.627,4.077E-2
10.644,4.090E-2
10.661,4.102E-2
10.677,4.110E-2
10.694,4.118E-2
10.711,4.123E-2
10.727,4.129E-2
10.744,4.131E-2
10.761,4.137E-2
10.777,4.150E-2
10.794,4.163E-2
10.811,4.171E-2
10.827,4.184E-2
10.844,4.196E-2
10.861,4.212E-2
10.878,4.225E-2
10.894,4.247E-2
10.911,4.261E-2
10.928,4.278E-2
10.944,4.311E-2
10.961,4.329E-2
10.978,4.347E-2
10.994,4.360E-2
11.011,4.373E-2
11.028,4.382E-2
11.044,4.401E-2
11.061,4.417E-2
11.078,4.430E-2
11.094,4.438E-2
11.111,4.447E-2
11.128,4.455E-2
11.144,4.461E-2
11.161,4.467E-2
11.178,4.467E-2
11.195,4.466E-2
11.211,4.467E-2
11.228,4.463E-2
11.245,4.457E-2
11.261,4.450E-2
11.278,4.437E-2
11.295,4.432E-2
11.311,4.431E-2
11.328,4.433E-2
11.345,4.438E-2
11.361,4.447E-2
11.378,4.456E-2
11.395,4.469E-2
11.411,4.486E-2
11.428,4.507E-2
11.445,4.526E-2
11.461,4.545E-2
11.478,4.562E-2
11.495,4.577E-2
11.511,4.597E-2
11.528,4.612E-2
11.545,4.629E-2
11.562,4.642E-2
11.578,4.655E-2
11.595,4.667E-2
11.612,4.675E-2
11.628,4.689E-2
11.645,4.700E-2
11.662,4.709E-2
11.678,4.724E-2
11.695,4.742E-2
11.712,4.755E-2
11.728,4.769E-2
11.745,4.787E-2
11.762,4.803E-2
11.778,4.807E-2
11.795,4.813E-2
11.812,4.821E-2
11.828,4.827E-2
11.845,4.831E-2
11.862,4.834E-2
11.879,4.850E-2
11.895,4.859E-2
11.912,4.865E-2
11.929,4.885E-2
11.945,4.898E-2
11.962,4.918E-2
11.979,4.939E-2
11.995,4.951E-2
12.012,4.976E-2
12.029,4.993E-2
12.045,5.014E-2
12.062,5.028E-2
12.079,5.046E-2
12.095,5.059E-2
12.112,5.076E-2
12.129,5.088E-2
12.145,5.100E-2
12.162,5.111E-2
12.179,5.117E-2
12.196,5.123E-2
12.212,5.130E-2
12.229,5.137E-2
12.246,5.138E-2
12.262,5.141E-2
12.279,5.140E-2
12.296,5.134E-2
12.312,5.131E-2
12.329,5.126E-2
12.346,5.127E-2
12.362,5.127E-2
12.379,5.126E-2
12.396,5.130E-2
12.412,5.130E-2
12.429,5.131E-2
12.446,5.131E-2
12.462,5.130E-2
12.479,5.130E-2
12.496,5.131E-2
12.512,5.131E-2
12.529,5.132E-2
12.546,5.132E-2
12.563,5.131E-2
12.579,5.132E-2
12.596,5.131E-2
12.613,5.132E-2
12.629,5.132E-2
12.646,5.132E-2
12.663,5.132E-2
12.679,5.132E-2
12.696,5.131E-2
12.713,5.134E-2
12.729,5.132E-2
12.746,5.133E-2
12.763,5.132E-2
12.779,5.132E-2
12.796,5.132E-2
12.813,5.132E-2
12.829,5.132E-2
12.846,5.131E-2
12.863,5.131E-2
12.880,5.131E-2
12.896,5.133E-2
12.913,5.133E-2
12.930,5.132E-2
12.946,5.132E-2
12.963,5.132E-2
12.980,5.133E-2
12.996,5.132E-2
13.013,5.133E-2
13.030,5.133E-2
13.046,5.132E-2
13.063,5.132E-2
13.080,5.132E-2
13.096,5.130E-2
13.113,5.130E-2
13.130,5.130E-2
13.146,5.131E-2
13.163,5.132E-2
13.180,5.134E-2
13.197,5.133E-2
13.213,5.133E-2
13.230,5.133E-2
13.247,5.132E-2
13.263,5.132E-2
13.280,5.132E-2
13.297,5.131E-2
13.313,5.131E-2
13.330,5.132E-2
13.347,5.132E-2
13.363,5.133E-2
13.380,5.132E-2
13.397,5.133E-2
13.413,5.132E-2
13.430,5.131E-2
13.447,5.131E-2
13.463,5.132E-2
13.480,5.132E-2
13.497,5.132E-2
13.514,5.132E-2
13.530,5.132E-2
13.547,5.131E-2
13.564,5.131E-2
13.580,5.132E-2
13.597,5.132E-2
13.614,5.132E-2
13.630,5.133E-2
13.647,5.133E-2
13.664,5.133E-2
13.680,5.133E-2
13.697,5.134E-2
13.714,5.132E-2
13.730,5.132E-2
13.747,5.132E-2
13.764,5.132E-2
