,mass_A,
t,x,
5.638967E0,2.037590E-2
5.655650E0,2.037683E-2
5.672333E0,2.037317E-2
5.689017E0,2.037139E-2
5.705700E0,2.037381E-2
5.722383E0,2.037287E-2
5.739067E0,2.037457E-2
5.755750E0,2.036402E-2
5.772433E0,2.036979E-2
5.789117E0,2.037233E-2
5.805800E0,2.037401E-2
5.822483E0,2.036750E-2
5.839167E0,2.036585E-2
5.855850E0,2.037171E-2
5.872533E0,2.037772E-2
5.889217E0,2.038095E-2
5.905900E0,2.037589E-2
5.922583E0,2.037548E-2
5.939267E0,2.037679E-2
5.955950E0,2.037982E-2
5.972633E0,2.038107E-2
5.989317E0,2.037508E-2
6.006000E0,2.037138E-2
6.022683E0,2.037211E-2
6.039367E0,2.037635E-2
6.056050E0,2.033509E-2
6.072733E0,2.034047E-2
6.089417E0,2.035295E-2
6.106100E0,2.037519E-2
6.122783E0,2.037502E-2
6.139467E0,2.037545E-2
6.156150E0,2.037308E-2
6.172833E0,2.037225E-2
6.189517E0,2.037489E-2
6.206200E0,2.037248E-2
6.222883E0,2.037367E-2
6.239567E0,2.036007E-2
6.256250E0,2.036825E-2
6.272933E0,2.037243E-2
6.289617E0,2.037160E-2
6.306300E0,2.037131E-2
6.322983E0,2.037478E-2
6.339667E0,2.036991E-2
6.356350E0,2.037264E-2
6.373033E0,2.037686E-2
6.389717E0,2.037294E-2
6.406400E0,2.037760E-2
6.423083E0,2.037762E-2
6.439767E0,2.037642E-2
6.456450E0,2.037787E-2
6.473133E0,2.037765E-2
6.489817E0,2.037459E-2
6.506500E0,2.038959E-2
6.523183E0,2.038342E-2
6.539867E0,2.038310E-2
6.556550E0,2.038328E-2
6.573233E0,2.038163E-2
6.589917E0,2.037052E-2
6.606600E0,2.037530E-2
6.623283E0,2.037603E-2
6.639967E0,2.037396E-2
6.656650E0,2.037596E-2
6.673333E0,2.037582E-2
6.690017E0,2.037788E-2
6.706700E0,2.037854E-2
6.723383E0,2.038075E-2
6.740067E0,2.038503E-2
6.756750E0,2.037599E-2
6.773433E0,2.037318E-2
6.790117E0,2.034704E-2
6.806800E0,2.039803E-2
6.823483E0,2.041928E-2
6.840167E0,2.041162E-2
6.856850E0,2.047229E-2
6.873533E0,2.051427E-2
6.890217E0,2.064828E-2
6.906900E0,2.080933E-2
6.923583E0,2.096279E-2
6.940267E0,2.111234E-2
6.956950E0,2.127809E-2
6.973633E0,2.141508E-2
6.990317E0,2.160751E-2
7.007000E0,2.181862E-2
7.023683E0,2.197514E-2
7.040367E0,2.211467E-2
7.057050E0,2.223130E-2
7.073733E0,2.236934E-2
7.090417E0,2.237678E-2
7.107100E0,2.248747E-2
7.123783E0,2.254764E-2
7.140467E0,2.266362E-2
7.157150E0,2.268782E-2
7.173833E0,2.275730E-2
7.190517E0,2.284738E-2
7.207200E0,2.298725E-2
7.223883E0,2.309024E-2
7.240567E0,2.330221E-2
7.257250E0,2.341696E-2
7.273933E0,2.359250E-2
7.290617E0,2.368786E-2
7.307300E0,2.380156E-2
7.323983E0,2.385362E-2
7.340667E0,2.394031E-2
7.357350E0,2.395356E-2
7.374033E0,2.399820E-2
7.390717E0,2.398911E-2
7.407400E0,2.402255E-2
7.424083E0,2.417838E-2
7.440767E0,2.425611E-2
7.457450E0,2.434587E-2
7.474133E0,2.448821E-2
7.490817E0,2.463829E-2
7.507500E0,2.481243E-2
7.524183E0,2.494906E-2
7.540867E0,2.514194E-2
7.557550E0,2.535392E-2
7.574233E0,2.555422E-2
7.590917E0,2.574667E-2
7.607600E0,2.594577E-2
7.624283E0,2.608276E-2
7.640967E0,2.622784E-2
7.657650E0,2.632377E-2
7.674333E0,2.645608E-2
7.691017E0,2.657174E-2
7.707700E0,2.666049E-2
7.724383E0,2.676871E-2
7.741067E0,2.685977E-2
7.757750E0,2.692672E-2
7.774433E0,2.700503E-2
7.791117E0,2.703500E-2
7.807800E0,2.701247E-2
7.824483E0,2.701111E-2
7.841167E0,2.694738E-2
7.857850E0,2.694834E-2
7.874533E0,2.680709E-2
7.891217E0,2.675170E-2
7.907900E0,2.669743E-2
7.924583E0,2.671149E-2
7.941267E0,2.667704E-2
7.957950E0,2.672374E-2
7.974633E0,2.682441E-2
7.991317E0,2.689457E-2
8.008000E0,2.708815E-2
8.024683E0,2.725445E-2
8.041367E0,2.743931E-2
8.058050E0,2.768082E-2
8.074733E0,2.789411E-2
8.091417E0,2.812496E-2
8.108100E0,2.827686E-2
8.124783E0,2.846402E-2
8.141467E0,2.857069E-2
8.158150E0,2.874297E-2
8.174833E0,2.886000E-2
8.191517E0,2.898121E-2
8.208200E0,2.906662E-2
8.224883E0,2.911730E-2
8.241567E0,2.923646E-2
8.258250E0,2.934011E-2
8.274933E0,2.947540E-2
8.291617E0,2.963901E-2
8.308300E0,2.973621E-2
8.324983E0,2.986594E-2
8.341667E0,2.999378E-2
8.358350E0,3.015674E-2
8.375033E0,3.026543E-2
8.391717E0,3.033687E-2
8.408400E0,3.036413E-2
8.425083E0,3.040603E-2
8.441767E0,3.042646E-2
8.458450E0,3.048220E-2
8.475133E0,3.056358E-2
8.491817E0,3.063596E-2
8.508500E0,3.076655E-2
8.525183E0,3.087799E-2
8.541867E0,3.101090E-2
8.558550E0,3.129055E-2
8.575233E0,3.147266E-2
8.591917E0,3.167289E-2
8.608600E0,3.186197E-2
8.625283E0,3.199689E-2
8.641967E0,3.221126E-2
8.658650E0,3.233258E-2
8.675333E0,3.247371E-2
8.692017E0,3.258403E-2
8.708700E0,3.273517E-2
8.725383E0,3.283258E-2
8.742067E0,3.296210E-2
8.758750E0,3.311291E-2
8.775433E0,3.317921E-2
8.792117E0,3.328921E-2
8.808800E0,3.338899E-2
8.825483E0,3.344381E-2
8.842167E0,3.348977E-2
8.858850E0,3.348663E-2
8.875533E0,3.350321E-2
8.892217E0,3.349478E-2
8.908900E0,3.346219E-2
8.925583E0,3.337825E-2
8.942267E0,3.329217E-2
8.958950E0,3.324887E-2
8.975633E0,3.313000E-2
8.992317E0,3.306486E-2
9.009000E0,3.311537E-2
9.025683E0,3.312051E-2
9.042367E0,3.314130E-2
9.059050E0,3.328313E-2
9.075733E0,3.341456E-2
9.092417E0,3.351414E-2
9.109100E0,3.376852E-2
9.125783E0,3.391752E-2
9.142467E0,3.414729E-2
9.159150E0,3.434588E-2
9.175833E0,3.453012E-2
9.192517E0,3.479069E-2
9.209200E0,3.498334E-2
9.225883E0,3.517106E-2
9.242567E0,3.530538E-2
9.259250E0,3.536335E-2
9.275933E0,3.553979E-2
9.292617E0,3.566369E-2
9.309300E0,3.578686E-2
9.325983E0,3.584617E-2
9.342667E0,3.604607E-2
9.359350E0,3.616595E-2
9.376033E0,3.631751E-2
9.392717E0,3.644519E-2
9.409400E0,3.656881E-2
9.426083E0,3.678642E-2
9.442767E0,3.686059E-2
9.459450E0,3.690778E-2
9.476133E0,3.698747E-2
9.492817E0,3.702373E-2
9.509500E0,3.701847E-2
9.526183E0,3.712338E-2
9.542867E0,3.718540E-2
9.559550E0,3.724385E-2
9.576233E0,3.741119E-2
9.592917E0,3.750876E-2
9.609600E0,3.761228E-2
9.626283E0,3.777792E-2
9.642967E0,3.800983E-2
9.659650E0,3.819782E-2
9.676333E0,3.836204E-2
9.693017E0,3.850985E-2
9.709700E0,3.864926E-2
9.726383E0,3.883240E-2
9.743067E0,3.900646E-2
9.759750E0,3.915130E-2
9.776433E0,3.927928E-2
9.793117E0,3.940915E-2
9.809800E0,3.956019E-2
9.826483E0,3.975940E-2
9.843167E0,3.985638E-2
9.859850E0,3.991548E-2
9.876533E0,4.003590E-2
9.893217E0,4.010657E-2
9.909900E0,4.015367E-2
9.926583E0,4.023865E-2
9.943267E0,4.029716E-2
9.959950E0,4.029445E-2
9.976633E0,4.028396E-2
9.993317E0,4.026253E-2
1.001000E1,4.017997E-2
1.002668E1,4.010043E-2
1.004337E1,3.997268E-2
1.006005E1,3.989508E-2
1.007673E1,3.981810E-2
1.009342E1,3.975950E-2
1.011010E1,3.981366E-2
1.012678E1,3.985030E-2
1.014347E1,3.993269E-2
1.016015E1,4.005734E-2
1.017683E1,4.025615E-2
1.019352E1,4.040508E-2
1.021020E1,4.061756E-2
1.022688E1,4.076805E-2
1.024357E1,4.097550E-2
1.026025E1,4.118257E-2
1.027693E1,4.140019E-2
1.029362E1,4.152787E-2
1.031030E1,4.167400E-2
1.032698E1,4.178640E-2
1.034367E1,4.188436E-2
1.036035E1,4.199333E-2
1.037703E1,4.208965E-2
1.039372E1,4.222444E-2
1.041040E1,4.239163E-2
1.042708E1,4.244825E-2
1.044377E1,4.258602E-2
1.046045E1,4.275484E-2
1.047713E1,4.296083E-2
1.049382E1,4.308184E-2
1.051050E1,4.327379E-2
1.052718E1,4.349093E-2
1.054387E1,4.365301E-2
1.056055E1,4.367109E-2
1.057723E1,4.372465E-2
1.059392E1,4.374770E-2
1.061060E1,4.382040E-2
1.062728E1,4.394078E-2
1.064397E1,4.391799E-2
1.066065E1,4.401118E-2
1.067733E1,4.413925E-2
1.069402E1,4.419777E-2
1.071070E1,4.429523E-2
1.072738E1,4.447609E-2
1.074407E1,4.468668E-2
1.076075E1,4.481663E-2
1.077743E1,4.499018E-2
1.079412E1,4.510473E-2
1.081080E1,4.528937E-2
1.082748E1,4.545425E-2
1.084417E1,4.562007E-2
1.086085E1,4.573828E-2
1.087753E1,4.587463E-2
1.089422E1,4.612436E-2
1.091090E1,4.624622E-2
1.092758E1,4.635618E-2
1.094427E1,4.646936E-2
1.096095E1,4.655260E-2
1.097763E1,4.665072E-2
1.099432E1,4.671366E-2
1.101100E1,4.679063E-2
1.102768E1,4.683595E-2
1.104437E1,4.690232E-2
1.106105E1,4.692405E-2
1.107773E1,4.693224E-2
1.109442E1,4.687183E-2
1.111110E1,4.679090E-2
1.112778E1,4.667476E-2
1.114447E1,4.658282E-2
1.116115E1,4.653625E-2
1.117783E1,4.646352E-2
1.119452E1,4.643377E-2
1.121120E1,4.645051E-2
1.122788E1,4.650116E-2
1.124457E1,4.670720E-2
1.126125E1,4.684322E-2
1.127793E1,4.703100E-2
1.129462E1,4.718659E-2
1.131130E1,4.739609E-2
1.132798E1,4.759630E-2
1.134467E1,4.782261E-2
1.136135E1,4.805308E-2
1.137803E1,4.819192E-2
1.139472E1,4.831732E-2
1.141140E1,4.844075E-2
1.142808E1,4.860614E-2
1.144477E1,4.867897E-2
1.146145E1,4.883444E-2
1.147813E1,4.896636E-2
1.149482E1,4.912077E-2
1.151150E1,4.923860E-2
1.152818E1,4.945792E-2
1.154487E1,4.966732E-2
1.156155E1,4.987401E-2
1.157823E1,5.001232E-2
1.159492E1,5.022002E-2
1.161160E1,5.042999E-2
1.162828E1,5.053037E-2
1.164497E1,5.059829E-2
1.166165E1,5.065882E-2
1.167833E1,5.071913E-2
1.169502E1,5.076184E-2
1.171170E1,5.078856E-2
1.172838E1,5.083451E-2
1.174507E1,5.099224E-2
1.176175E1,5.110041E-2
1.177843E1,5.119526E-2
1.179512E1,5.133089E-2
1.181180E1,5.156532E-2
1.182848E1,5.170176E-2
1.184517E1,5.191060E-2
1.186185E1,5.206465E-2
1.187853E1,5.220057E-2
1.189522E1,5.233062E-2
1.191190E1,5.249813E-2
1.192858E1,5.264731E-2
1.194527E1,5.278054E-2
1.196195E1,5.290718E-2
1.197863E1,5.308233E-2
1.199532E1,5.317817E-2
1.201200E1,5.328196E-2
1.202868E1,5.335959E-2
1.204537E1,5.344167E-2
1.206205E1,5.353619E-2
1.207873E1,5.358492E-2
1.209542E1,5.365066E-2
1.211210E1,5.365370E-2
1.212878E1,5.359406E-2
1.214547E1,5.358056E-2
1.216215E1,5.357070E-2
1.217883E1,5.354965E-2
1.219552E1,5.352145E-2
1.221220E1,5.353801E-2
1.222888E1,5.354832E-2
1.224557E1,5.354962E-2
1.226225E1,5.356732E-2
1.227893E1,5.356095E-2
1.229562E1,5.356799E-2
1.231230E1,5.355989E-2
1.232898E1,5.356192E-2
1.234567E1,5.356848E-2
1.236235E1,5.356454E-2
1.237903E1,5.356713E-2
1.239572E1,5.356152E-2
1.241240E1,5.356202E-2
1.242908E1,5.355942E-2
1.244577E1,5.355994E-2
1.246245E1,5.357104E-2
1.247913E1,5.357090E-2
1.249582E1,5.356499E-2
1.251250E1,5.357336E-2
1.252918E1,5.357513E-2
1.254587E1,5.357876E-2
1.256255E1,5.357498E-2
1.257923E1,5.357487E-2
1.259592E1,5.357447E-2
1.261260E1,5.356545E-2
1.262928E1,5.357487E-2
1.264597E1,5.357148E-2
1.266265E1,5.357061E-2
1.267933E1,5.357362E-2
1.269602E1,5.356285E-2
1.271270E1,5.356547E-2
1.272938E1,5.356844E-2
1.274607E1,5.356731E-2
1.276275E1,5.357337E-2
1.277943E1,5.357586E-2
1.279612E1,5.357950E-2
1.281280E1,5.357173E-2
1.282948E1,5.356435E-2
1.284617E1,5.356843E-2
1.286285E1,5.356913E-2
1.287953E1,5.356788E-2
1.289622E1,5.357189E-2
1.291290E1,5.357407E-2
1.292958E1,5.357243E-2
1.294627E1,5.356928E-2
1.296295E1,5.357085E-2
1.297963E1,5.356830E-2
1.299632E1,5.356631E-2
1.301300E1,5.357338E-2
1.302968E1,5.356791E-2
1.304637E1,5.356965E-2
1.306305E1,5.357096E-2
1.307973E1,5.357091E-2
1.309642E1,5.357030E-2
1.311310E1,5.357147E-2
1.312978E1,5.357106E-2
1.314647E1,5.357018E-2
1.316315E1,5.357307E-2
1.317983E1,5.356508E-2
1.319652E1,5.355985E-2
1.321320E1,5.355958E-2
1.322988E1,5.356445E-2
1.324657E1,5.356620E-2
1.326325E1,5.356199E-2
1.327993E1,5.356186E-2
1.329662E1,5.356149E-2
1.331330E1,5.356941E-2
1.332998E1,5.357008E-2
1.334667E1,5.356439E-2
1.336335E1,5.356552E-2
1.338003E1,5.356677E-2
1.339672E1,5.357687E-2
1.341340E1,5.357343E-2
1.343008E1,5.357420E-2
1.344677E1,5.356279E-2
1.346345E1,5.356364E-2
1.348013E1,5.355592E-2
1.349682E1,5.356216E-2
1.351350E1,5.356759E-2
1.353018E1,5.356832E-2
1.354687E1,5.356564E-2
1.356355E1,5.356760E-2
1.358023E1,5.356473E-2
1.359692E1,5.356580E-2
1.361360E1,5.356503E-2
1.363028E1,5.356596E-2
1.364697E1,5.357018E-2
1.366365E1,5.356982E-2
1.368033E1,5.356742E-2
1.369702E1,5.356711E-2
1.371370E1,5.357107E-2
1.373038E1,5.357930E-2
1.374707E1,5.358521E-2
1.376375E1,5.357955E-2
1.378043E1,5.358231E-2
1.379712E1,5.358367E-2
1.381380E1,5.358439E-2
1.383048E1,5.358117E-2
1.384717E1,5.357742E-2
1.386385E1,5.357754E-2
1.388053E1,5.357299E-2
1.389722E1,5.357486E-2
1.391390E1,5.357655E-2
1.393058E1,5.355573E-2
1.394727E1,5.355597E-2
1.396395E1,5.356731E-2
1.398063E1,5.357406E-2
1.399732E1,5.357178E-2
1.401400E1,5.354392E-2
1.403068E1,5.354909E-2
1.404737E1,5.355373E-2
1.406405E1,5.355227E-2
1.408073E1,5.356283E-2
1.409742E1,5.356453E-2
1.411410E1,5.356865E-2
1.413078E1,5.357067E-2
1.414747E1,5.356960E-2
1.416415E1,5.357890E-2
1.418083E1,5.356372E-2
1.419752E1,5.357129E-2
1.421420E1,5.357070E-2
1.423088E1,5.357137E-2
1.424757E1,5.357883E-2
1.426425E1,5.357064E-2
1.428093E1,5.356089E-2
1.429762E1,5.356162E-2
1.431430E1,5.356375E-2
1.433098E1,5.356481E-2
1.434767E1,5.357028E-2
1.436435E1,5.355927E-2
1.438103E1,5.356018E-2
1.439772E1,5.355535E-2
1.441440E1,5.355511E-2
1.443108E1,5.357207E-2
1.444777E1,5.356703E-2
1.446445E1,5.356860E-2
1.448113E1,5.356771E-2
1.449782E1,5.356486E-2
1.451450E1,5.357017E-2
1.453118E1,5.357203E-2
1.454787E1,5.357307E-2
1.456455E1,5.357168E-2
1.458123E1,5.357249E-2
1.459792E1,5.357703E-2
1.461460E1,5.357674E-2
1.463128E1,5.358421E-2
1.464797E1,5.358189E-2
1.466465E1,5.356784E-2
1.468133E1,5.356662E-2
1.469802E1,5.356598E-2
1.471470E1,5.356929E-2
1.473138E1,5.356953E-2
1.474807E1,5.356440E-2
1.476475E1,5.357470E-2
1.478143E1,5.356670E-2
1.479812E1,5.356903E-2
1.481480E1,5.356719E-2
1.483148E1,5.356941E-2
1.484817E1,5.356572E-2
1.486485E1,5.356441E-2
1.488153E1,5.356301E-2
1.489822E1,5.356505E-2
1.491490E1,5.357182E-2
1.493158E1,5.356804E-2
1.494827E1,5.357099E-2
1.496495E1,5.358093E-2
1.498163E1,5.357613E-2
1.499832E1,5.356593E-2
1.501500E1,5.356761E-2
1.503168E1,5.357046E-2
1.504837E1,5.357101E-2
1.506505E1,5.357145E-2
1.508173E1,5.356854E-2
1.509842E1,5.357100E-2
1.511510E1,5.356727E-2
1.513178E1,5.356739E-2
1.514847E1,5.356127E-2
1.516515E1,5.356269E-2
1.518183E1,5.356137E-2
1.519852E1,5.356255E-2
1.521520E1,5.356483E-2
1.523188E1,5.357059E-2
1.524857E1,5.356975E-2
1.526525E1,5.356578E-2
