,mass A,
t,x,
37.754,3.370E-2
37.771,3.370E-2
37.788,3.370E-2
37.804,3.370E-2
37.821,3.370E-2
37.838,3.369E-2
37.854,3.369E-2
37.871,3.370E-2
37.888,3.369E-2
37.905,3.369E-2
37.921,3.369E-2
37.938,3.369E-2
37.955,3.370E-2
37.971,3.369E-2
37.988,3.369E-2
38.005,3.369E-2
38.021,3.369E-2
38.038,3.369E-2
38.055,3.369E-2
38.071,3.370E-2
38.088,3.370E-2
38.105,3.370E-2
38.121,3.370E-2
38.138,3.370E-2
38.155,3.370E-2
38.171,3.365E-2
38.188,3.368E-2
38.205,3.371E-2
38.222,3.375E-2
38.238,3.385E-2
38.255,3.397E-2
38.272,3.415E-2
38.288,3.434E-2
38.305,3.457E-2
38.322,3.475E-2
38.338,3.500E-2
38.355,3.521E-2
38.372,3.542E-2
38.388,3.571E-2
38.405,3.588E-2
38.422,3.600E-2
38.438,3.614E-2
38.455,3.622E-2
38.472,3.630E-2
38.488,3.637E-2
38.505,3.640E-2
38.522,3.648E-2
38.538,3.653E-2
38.555,3.655E-2
38.572,3.656E-2
38.589,3.664E-2
38.605,3.680E-2
38.622,3.694E-2
38.639,3.713E-2
38.655,3.722E-2
38.672,3.740E-2
38.689,3.758E-2
38.705,3.767E-2
38.722,3.778E-2
38.739,3.786E-2
38.755,3.792E-2
38.772,3.798E-2
38.789,3.804E-2
38.805,3.808E-2
38.822,3.813E-2
38.839,3.821E-2
38.855,3.839E-2
38.872,3.850E-2
38.889,3.869E-2
38.906,3.889E-2
38.922,3.899E-2
38.939,3.920E-2
38.956,3.941E-2
38.972,3.957E-2
38.989,3.974E-2
39.006,3.993E-2
39.022,4.007E-2
39.039,4.026E-2
39.056,4.042E-2
39.072,4.055E-2
39.089,4.069E-2
39.106,4.076E-2
39.122,4.087E-2
39.139,4.095E-2
39.156,4.101E-2
39.172,4.106E-2
39.189,4.110E-2
39.206,4.112E-2
39.223,4.111E-2
39.239,4.109E-2
39.256,4.102E-2
39.273,4.099E-2
39.289,4.093E-2
39.306,4.086E-2
39.323,4.084E-2
39.339,4.084E-2
39.356,4.091E-2
39.373,4.102E-2
39.389,4.110E-2
39.406,4.128E-2
39.423,4.148E-2
39.439,4.165E-2
39.456,4.185E-2
39.473,4.206E-2
39.489,4.222E-2
39.506,4.238E-2
39.523,4.259E-2
39.539,4.273E-2
39.556,4.289E-2
39.573,4.295E-2
39.590,4.305E-2
39.606,4.315E-2
39.623,4.322E-2
39.640,4.332E-2
39.656,4.342E-2
39.673,4.360E-2
39.690,4.371E-2
39.706,4.388E-2
39.723,4.404E-2
39.740,4.418E-2
39.756,4.440E-2
39.773,4.452E-2
39.790,4.455E-2
39.806,4.462E-2
39.823,4.469E-2
39.840,4.477E-2
39.856,4.480E-2
39.873,4.491E-2
39.890,4.498E-2
39.907,4.508E-2
39.923,4.514E-2
39.940,4.527E-2
39.957,4.538E-2
39.973,4.554E-2
39.990,4.569E-2
40.007,4.585E-2
40.023,4.604E-2
40.040,4.619E-2
40.057,4.642E-2
40.073,4.661E-2
40.090,4.673E-2
40.107,4.692E-2
40.123,4.710E-2
40.140,4.723E-2
40.157,4.738E-2
40.173,4.752E-2
40.190,4.762E-2
40.207,4.773E-2
40.224,4.787E-2
40.240,4.791E-2
40.257,4.800E-2
40.274,4.808E-2
40.290,4.813E-2
40.307,4.810E-2
40.324,4.807E-2
40.340,4.800E-2
40.357,4.788E-2
40.374,4.777E-2
40.390,4.771E-2
40.407,4.770E-2
40.424,4.772E-2
40.440,4.775E-2
40.457,4.781E-2
40.474,4.793E-2
40.490,4.810E-2
40.507,4.828E-2
40.524,4.846E-2
40.541,4.865E-2
40.557,4.881E-2
40.574,4.903E-2
40.591,4.925E-2
40.607,4.941E-2
40.624,4.957E-2
40.641,4.971E-2
40.657,4.987E-2
40.674,4.994E-2
40.691,5.001E-2
40.707,5.013E-2
40.724,5.022E-2
40.741,5.036E-2
40.757,5.050E-2
40.774,5.060E-2
40.791,5.080E-2
40.807,5.092E-2
40.824,5.105E-2
40.841,5.131E-2
40.857,5.138E-2
40.874,5.149E-2
40.891,5.154E-2
40.908,5.161E-2
40.924,5.166E-2
40.941,5.166E-2
40.958,5.179E-2
40.974,5.188E-2
40.991,5.197E-2
41.008,5.207E-2
41.024,5.221E-2
41.041,5.233E-2
41.058,5.251E-2
41.074,5.265E-2
41.091,5.283E-2
41.108,5.300E-2
41.124,5.317E-2
41.141,5.337E-2
41.158,5.356E-2
41.174,5.373E-2
41.191,5.395E-2
41.208,5.411E-2
41.225,5.425E-2
41.241,5.438E-2
41.258,5.453E-2
41.275,5.462E-2
41.291,5.469E-2
41.308,5.478E-2
41.325,5.485E-2
41.341,5.493E-2
41.358,5.495E-2
41.375,5.495E-2
41.391,5.494E-2
41.408,5.489E-2
41.425,5.478E-2
41.441,5.464E-2
41.458,5.459E-2
41.475,5.449E-2
41.491,5.446E-2
41.508,5.449E-2
41.525,5.451E-2
41.541,5.460E-2
41.558,5.475E-2
41.575,5.493E-2
41.592,5.512E-2
41.608,5.530E-2
41.625,5.549E-2
41.642,5.574E-2
41.658,5.596E-2
41.675,5.616E-2
41.692,5.631E-2
41.708,5.648E-2
41.725,5.659E-2
41.742,5.667E-2
41.758,5.683E-2
41.775,5.691E-2
41.792,5.704E-2
41.808,5.715E-2
41.825,5.726E-2
41.842,5.742E-2
41.858,5.758E-2
41.875,5.772E-2
41.892,5.793E-2
41.909,5.802E-2
41.925,5.814E-2
41.942,5.820E-2
41.959,5.829E-2
41.975,5.833E-2
41.992,5.834E-2
42.009,5.840E-2
42.025,5.846E-2
42.042,5.859E-2
42.059,5.876E-2
42.075,5.889E-2
42.092,5.901E-2
42.109,5.914E-2
42.125,5.929E-2
42.142,5.944E-2
42.159,5.959E-2
42.175,5.972E-2
42.192,5.992E-2
42.209,6.010E-2
42.226,6.020E-2
42.242,6.034E-2
42.259,6.049E-2
42.276,6.060E-2
42.292,6.074E-2
42.309,6.080E-2
42.326,6.093E-2
42.342,6.105E-2
42.359,6.112E-2
42.376,6.123E-2
42.392,6.126E-2
42.409,6.133E-2
42.426,6.134E-2
42.442,6.132E-2
42.459,6.128E-2
42.476,6.119E-2
42.492,6.105E-2
42.509,6.100E-2
42.526,6.095E-2
42.542,6.085E-2
42.559,6.084E-2
42.576,6.084E-2
42.593,6.091E-2
42.609,6.095E-2
42.626,6.111E-2
42.643,6.129E-2
42.659,6.150E-2
42.676,6.165E-2
42.693,6.195E-2
42.709,6.214E-2
42.726,6.236E-2
42.743,6.258E-2
42.759,6.276E-2
42.776,6.289E-2
42.793,6.300E-2
42.809,6.310E-2
42.826,6.319E-2
42.843,6.326E-2
42.859,6.333E-2
42.876,6.345E-2
42.893,6.357E-2
42.910,6.374E-2
42.926,6.391E-2
42.943,6.406E-2
42.960,6.421E-2
42.976,6.439E-2
42.993,6.451E-2
43.010,6.455E-2
43.026,6.461E-2
43.043,6.467E-2
43.060,6.475E-2
43.076,6.476E-2
43.093,6.480E-2
43.110,6.489E-2
43.126,6.500E-2
43.143,6.505E-2
43.160,6.526E-2
43.176,6.543E-2
43.193,6.562E-2
43.210,6.580E-2
43.227,6.596E-2
43.243,6.610E-2
43.260,6.625E-2
43.277,6.639E-2
43.293,6.662E-2
43.310,6.673E-2
43.327,6.690E-2
43.343,6.708E-2
43.360,6.721E-2
43.377,6.732E-2
43.393,6.744E-2
43.410,6.756E-2
43.427,6.761E-2
43.443,6.764E-2
43.460,6.761E-2
43.477,6.760E-2
43.493,6.758E-2
43.510,6.754E-2
43.527,6.754E-2
43.544,6.751E-2
43.560,6.752E-2
43.577,6.753E-2
43.594,6.754E-2
43.610,6.754E-2
43.627,6.756E-2
43.644,6.755E-2
43.660,6.754E-2
43.677,6.754E-2
43.694,6.753E-2
43.710,6.753E-2
43.727,6.754E-2
43.744,6.754E-2
43.760,6.755E-2
43.777,6.754E-2
43.794,6.754E-2
43.810,6.754E-2
43.827,6.754E-2
43.844,6.755E-2
43.860,6.755E-2
43.877,6.755E-2
43.894,6.755E-2
43.911,6.754E-2
43.927,6.754E-2
43.944,6.755E-2
43.961,6.755E-2
43.977,6.754E-2
43.994,6.755E-2
44.011,6.755E-2
44.027,6.754E-2
44.044,6.754E-2
44.061,6.754E-2
44.077,6.754E-2
44.094,6.754E-2
44.111,6.755E-2
44.127,6.755E-2
44.144,6.754E-2
44.161,6.754E-2
44.177,6.755E-2
44.194,6.755E-2
44.211,6.754E-2
44.228,6.754E-2
44.244,6.754E-2
44.261,6.753E-2
44.278,6.753E-2
44.294,6.752E-2
44.311,6.753E-2
44.328,6.753E-2
44.344,6.753E-2
44.361,6.753E-2
44.378,6.753E-2
44.394,6.754E-2
44.411,6.755E-2
44.428,6.755E-2
44.444,6.754E-2
44.461,6.754E-2
44.478,6.755E-2
44.494,6.755E-2
44.511,6.755E-2
44.528,6.755E-2
44.544,6.755E-2
44.561,6.754E-2
44.578,6.754E-2
44.595,6.755E-2
44.611,6.754E-2
44.628,6.755E-2
44.645,6.755E-2
44.661,6.755E-2
44.678,6.755E-2
44.695,6.755E-2
44.711,6.755E-2
44.728,6.755E-2
44.745,6.755E-2
44.761,6.754E-2
44.778,6.754E-2
44.795,6.754E-2
44.811,6.754E-2
44.828,6.754E-2
44.845,6.754E-2
44.861,6.754E-2
44.878,6.754E-2
44.895,6.753E-2
44.912,6.754E-2
44.928,6.754E-2
44.945,6.755E-2
